2240 2211 1602 86 0 0.723654 0 0 0 0 0 0 0 0 0 0 0 0 0 0 0 0 0 0 0.0144928 0.0289855 0 0.101449 0.202899 0.246377 0.144928 0.188406 0.0434783 0.0289855 0 0 0 0 0 

2240 2225 1602 88 0 0.719101 0 0 0 0 0 0 0 0 0 0 0 0 0 0 0 0 0 0 0 0 0.0724638 0.202899 0.15942 0.188406 0.115942 0.173913 0.057971 0.0289855 0 0 0 0 0 

2240 2222 1602 95 0 0.720072 0 0 0 0 0 0 0 0 0 0 0 0 0 0 0 0 0 0 0.0144928 0.0144928 0.0289855 0.115942 0.202899 0.231884 0.202899 0.130435 0.0289855 0.0289855 0 0 0 0 0 

2208 2189 1602 96 0 0.730927 0 0 0 0 0 0 0 0 0 0 0 0 0 0 0 0 0 0 0.0147059 0 0.0441176 0.132353 0.132353 0.147059 0.235294 0.191176 0.0735294 0.0147059 0.0147059 0 0 0 0 

2208 2181 1602 98 0 0.733608 0 0 0 0 0 0 0 0 0 0 0 0 0 0 0 0 0 0 0.0147059 0 0.0147059 0.0735294 0.176471 0.235294 0.191176 0.176471 0.0882353 0.0294118 0 0 0 0 0 

2208 2200 1602 97 0 0.727273 0 0 0 0 0 0 0 0 0 0 0 0 0 0 0 0 0 0 0.0147059 0.0294118 0.0441176 0.102941 0.132353 0.205882 0.176471 0.205882 0.0735294 0.0147059 0 0 0 0 0 

2208 2197 1602 90 0 0.728266 0 0 0 0 0 0 0 0 0 0 0 0 0 0 0 0 0 0.0147059 0.0147059 0 0.0735294 0.0441176 0.117647 0.235294 0.264706 0.147059 0.0735294 0.0147059 0 0 0 0 0 

2272 2248 1602 98 0 0.711744 0 0 0 0 0 0 0 0 0 0 0 0 0 0 0 0 0 0.0142857 0.0142857 0.0285714 0.0142857 0.128571 0.257143 0.214286 0.128571 0.128571 0.0714286 0 0 0 0 0 0 

2208 2192 1603 103 0 0.729927 0 0 0 0 0 0 0 0 0 0 0 0 0 0 0 0 0 0 0 0 0.0882353 0.0588235 0.132353 0.176471 0.308824 0.161765 0.0735294 0 0 0 0 0 0 

2208 2190 1602 85 0 0.730594 0 0 0 0 0 0 0 0 0 0 0 0 0 0 0 0 0 0 0 0.0147059 0.0588235 0.102941 0.147059 0.0735294 0.352941 0.161765 0.0882353 0 0 0 0 0 0 

