2208 2198 1603 99 0 0.727934 0 0 0 0 0 0 0 0 0 0 0 0 0 0 0 0 0 0 0 0.0147059 0.0441176 0.102941 0.147059 0.235294 0.235294 0.132353 0.0588235 0.0294118 0 0 0 0 0 

2176 2170 1600 91 0 0.737327 0 0 0 0 0 0 0 0 0 0 0 0 0 0 0 0 0 0 0.0298507 0 0.0298507 0.104478 0.0298507 0.208955 0.313433 0.19403 0.0597015 0.0298507 0 0 0 0 0 

2208 2201 1601 96 0 0.726942 0 0 0 0 0 0 0 0 0 0 0 0 0 0 0 0 0 0.0147059 0.0147059 0.0294118 0.0588235 0.0735294 0.0882353 0.235294 0.235294 0.132353 0.0882353 0.0294118 0 0 0 0 0 

2208 2192 1602 95 0 0.729927 0 0 0 0 0 0 0 0 0 0 0 0 0 0 0 0 0 0 0.0147059 0.0147059 0.0147059 0.147059 0.132353 0.132353 0.264706 0.191176 0.0735294 0.0147059 0 0 0 0 0 

2208 2195 1602 90 0 0.728929 0 0 0 0 0 0 0 0 0 0 0 0 0 0 0 0 0 0 0 0.0294118 0.0147059 0.102941 0.220588 0.132353 0.220588 0.191176 0.0882353 0 0 0 0 0 0 

2208 2188 1602 95 0 0.731261 0 0 0 0 0 0 0 0 0 0 0 0 0 0 0 0 0 0 0 0 0.0147059 0.0588235 0.205882 0.264706 0.25 0.117647 0.0882353 0 0 0 0 0 0 

2240 2221 1602 95 0 0.720396 0 0 0 0 0 0 0 0 0 0 0 0 0 0 0 0 0 0 0 0.0144928 0.101449 0.057971 0.202899 0.202899 0.217391 0.115942 0.0869565 0 0 0 0 0 0 

2208 2193 1602 89 0 0.729594 0 0 0 0 0 0 0 0 0 0 0 0 0 0 0 0 0 0 0 0 0.0588235 0.0735294 0.132353 0.308824 0.161765 0.220588 0.0294118 0 0.0147059 0 0 0 0 

2208 2184 1602 89 0 0.732601 0 0 0 0 0 0 0 0 0 0 0 0 0 0 0 0 0 0 0.0147059 0.0147059 0.0441176 0.0294118 0.191176 0.191176 0.205882 0.191176 0.102941 0.0147059 0 0 0 0 0 

2240 2232 1600 93 0 0.716846 0 0 0 0 0 0 0 0 0 0 0 0 0 0 0 0 0 0.0144928 0 0.0289855 0.0869565 0.115942 0.130435 0.202899 0.217391 0.130435 0.0724638 0 0 0 0 0 0 

