2208 2195 1602 89 0 0.728929 0 0 0 0 0 0 0 0 0 0 0 0 0 0 0 0 0 0 0.0147059 0 0.0294118 0.0882353 0.176471 0.25 0.205882 0.132353 0.0882353 0.0147059 0 0 0 0 0 

2240 2214 1602 98 0 0.722674 0 0 0 0 0 0 0 0 0 0 0 0 0 0 0 0 0 0 0 0.0289855 0.0724638 0.0144928 0.188406 0.275362 0.217391 0.15942 0.0289855 0.0144928 0 0 0 0 0 

2240 2223 1603 100 0 0.719748 0 0 0 0 0 0 0 0 0 0 0 0 0 0 0 0 0 0 0.0144928 0 0.0869565 0.057971 0.202899 0.217391 0.231884 0.130435 0.057971 0 0 0 0 0 0 

2208 2203 1601 98 0 0.726282 0 0 0 0 0 0 0 0 0 0 0 0 0 0 0 0 0 0 0 0.0147059 0.102941 0.0294118 0.117647 0.323529 0.25 0.0735294 0.0441176 0.0441176 0 0 0 0 0 

2208 2197 1602 95 0 0.728266 0 0 0 0 0 0 0 0 0 0 0 0 0 0 0 0 0 0 0 0.0294118 0.0294118 0.0735294 0.161765 0.294118 0.147059 0.191176 0.0588235 0.0147059 0 0 0 0 0 

2272 2243 1602 93 0 0.71333 0 0 0 0 0 0 0 0 0 0 0 0 0 0 0 0 0 0 0.0142857 0.0142857 0.0571429 0.114286 0.214286 0.228571 0.171429 0.142857 0.0428571 0 0 0 0 0 0 

2240 2211 1602 91 0 0.723654 0 0 0 0 0 0 0 0 0 0 0 0 0 0 0 0 0 0 0.0144928 0.0144928 0.0434783 0.115942 0.202899 0.101449 0.26087 0.144928 0.0869565 0.0144928 0 0 0 0 0 

2176 2170 1601 91 0 0.737327 0 0 0 0 0 0 0 0 0 0 0 0 0 0 0 0 0 0 0 0 0.0149254 0.104478 0.119403 0.253731 0.223881 0.19403 0.0746269 0.0149254 0 0 0 0 0 

2208 2186 1602 98 0 0.73193 0 0 0 0 0 0 0 0 0 0 0 0 0 0 0 0 0 0 0 0 0.0294118 0.132353 0.102941 0.264706 0.220588 0.117647 0.117647 0.0147059 0 0 0 0 0 

2240 2221 1603 104 0 0.720396 0 0 0 0 0 0 0 0 0 0 0 0 0 0 0 0.0144928 0 0 0 0.0434783 0 0.101449 0.188406 0.188406 0.304348 0.0869565 0.0434783 0.0289855 0 0 0 0 0 

