2208 2203 1600 88 0 0.726282 0 0 0 0 0 0 0 0 0 0 0 0 0 0 0 0 0 0 0 0.0588235 0 0.132353 0.147059 0.161765 0.279412 0.147059 0.0588235 0.0147059 0 0 0 0 0 

2240 2223 1602 95 0 0.719748 0 0 0 0 0 0 0 0 0 0 0 0 0 0 0 0 0 0 0.0144928 0.0144928 0.101449 0.0869565 0.144928 0.246377 0.15942 0.15942 0.0434783 0.0144928 0 0.0144928 0 0 0 

2208 2201 1600 89 0 0.726942 0 0 0 0 0 0 0 0 0 0 0 0 0 0 0 0 0 0 0 0.0147059 0.0735294 0.117647 0.102941 0.25 0.205882 0.132353 0.0735294 0.0294118 0 0 0 0 0 

2240 2212 1602 95 0 0.723327 0 0 0 0 0 0 0 0 0 0 0 0 0 0 0 0 0 0 0 0 0.0724638 0.0724638 0.217391 0.202899 0.173913 0.217391 0.0434783 0 0 0 0 0 0 

2208 2193 1602 93 0 0.729594 0 0 0 0 0 0 0 0 0 0 0 0 0 0 0 0 0 0 0 0.0147059 0.0147059 0.147059 0.117647 0.235294 0.235294 0.117647 0.117647 0 0 0 0 0 0 

2208 2196 1602 93 0 0.728597 0 0 0 0 0 0 0 0 0 0 0 0 0 0 0 0 0 0 0.0147059 0.0147059 0.0441176 0.0588235 0.191176 0.176471 0.25 0.176471 0.0588235 0.0147059 0 0 0 0 0 

2208 2196 1602 92 0 0.728597 0 0 0 0 0 0 0 0 0 0 0 0 0 0 0 0 0 0 0.0147059 0.0147059 0 0.117647 0.117647 0.279412 0.205882 0.205882 0.0441176 0 0 0 0 0 0 

2240 2211 1602 97 0 0.723654 0 0 0 0 0 0 0 0 0 0 0 0 0 0 0 0 0 0 0 0.0289855 0.0434783 0.0434783 0.217391 0.304348 0.130435 0.130435 0.0724638 0.0289855 0 0 0 0 0 

2176 2169 1602 90 0 0.737667 0 0 0 0 0 0 0 0 0 0 0 0 0 0 0 0 0 0 0 0.0149254 0.0149254 0.119403 0.134328 0.149254 0.253731 0.208955 0.0746269 0.0298507 0 0 0 0 0 

2208 2196 1602 91 0 0.728597 0 0 0 0 0 0 0 0 0 0 0 0 0 0 0 0 0 0 0 0 0.0294118 0.0882353 0.161765 0.382353 0.132353 0.0882353 0.0882353 0.0294118 0 0 0 0 0 

