2208 2192 1602 88 0 0.729927 0 0 0 0 0 0 0 0 0 0 0 0 0 0 0 0 0 0 0 0 0 0.161765 0.132353 0.235294 0.235294 0.161765 0.0735294 0 0 0 0 0 0 

2240 2212 1602 95 0 0.723327 0 0 0 0 0 0 0 0 0 0 0 0 0 0 0 0 0 0 0 0.0434783 0.0434783 0.057971 0.173913 0.26087 0.188406 0.144928 0.0724638 0.0144928 0 0 0 0 0 

2208 2198 1602 90 0 0.727934 0 0 0 0 0 0 0 0 0 0 0 0 0 0 0 0 0 0.0147059 0.0147059 0 0.0147059 0.0588235 0.235294 0.220588 0.205882 0.117647 0.117647 0 0 0 0 0 0 

2208 2189 1602 89 0 0.730927 0 0 0 0 0 0 0 0 0 0 0 0 0 0 0 0 0 0 0 0 0.0882353 0.0588235 0.132353 0.161765 0.308824 0.191176 0.0441176 0.0147059 0 0 0 0 0 

2272 2249 1602 97 0 0.711427 0 0 0 0 0 0 0 0 0 0 0 0 0 0 0 0 0 0 0 0.0142857 0.0714286 0.142857 0.171429 0.271429 0.2 0.1 0.0285714 0 0 0 0 0 0 

2208 2202 1601 88 0 0.726612 0 0 0 0 0 0 0 0 0 0 0 0 0 0 0 0 0 0 0.0147059 0.0294118 0.0441176 0.0882353 0.147059 0.176471 0.264706 0.147059 0.0882353 0 0 0 0 0 0 

2208 2190 1603 103 0 0.730594 0 0 0 0 0 0 0 0 0 0 0 0 0 0 0 0 0.0147059 0.0147059 0 0.0294118 0.0147059 0.0735294 0.132353 0.147059 0.308824 0.117647 0.132353 0.0147059 0 0 0 0 0 

2208 2199 1602 91 0 0.727603 0 0 0 0 0 0 0 0 0 0 0 0 0 0 0 0 0 0 0 0.0294118 0.0441176 0.0735294 0.102941 0.235294 0.323529 0.176471 0.0147059 0 0 0 0 0 0 

2240 2218 1603 100 0 0.721371 0 0 0 0 0 0 0 0 0 0 0 0 0 0 0 0 0 0.0144928 0 0.0289855 0.0144928 0.130435 0.115942 0.304348 0.15942 0.173913 0.0289855 0.0289855 0 0 0 0 0 

2240 2227 1602 87 0 0.718455 0 0 0 0 0 0 0 0 0 0 0 0 0 0 0 0 0 0 0 0 0.0724638 0.101449 0.246377 0.246377 0.130435 0.130435 0.0724638 0 0 0 0 0 0 

