2208 2195 1602 92 0 0.728929 0 0 0 0 0 0 0 0 0 0 0 0 0 0 0 0 0 0 0 0 0.0147059 0.191176 0.102941 0.235294 0.205882 0.161765 0.0735294 0.0147059 0 0 0 0 0 

2240 2220 1603 99 0 0.720721 0 0 0 0 0 0 0 0 0 0 0 0 0 0 0 0 0 0 0.0144928 0 0.0289855 0.15942 0.173913 0.202899 0.188406 0.202899 0.0144928 0 0.0144928 0 0 0 0 

2240 2224 1603 104 0 0.719424 0 0 0 0 0 0 0 0 0 0 0 0 0 0 0 0 0 0 0 0.0434783 0.057971 0.101449 0.173913 0.202899 0.202899 0.15942 0.0289855 0.0289855 0 0 0 0 0 

2208 2185 1602 97 0 0.732265 0 0 0 0 0 0 0 0 0 0 0 0 0 0 0 0 0 0 0 0 0.0294118 0.102941 0.132353 0.264706 0.205882 0.191176 0.0294118 0.0441176 0 0 0 0 0 

2208 2193 1602 95 0 0.729594 0 0 0 0 0 0 0 0 0 0 0 0 0 0 0 0 0 0 0.0147059 0.0294118 0.0147059 0.0735294 0.132353 0.235294 0.279412 0.147059 0.0441176 0.0294118 0 0 0 0 0 

2208 2179 1602 96 0 0.734282 0 0 0 0 0 0 0 0 0 0 0 0 0 0 0 0 0 0 0 0.0147059 0.0441176 0.0882353 0.147059 0.176471 0.147059 0.264706 0.117647 0 0 0 0 0 0 

2208 2191 1603 99 0 0.73026 0 0 0 0 0 0 0 0 0 0 0 0 0 0 0 0 0 0 0 0.0294118 0.0294118 0.102941 0.117647 0.205882 0.264706 0.176471 0.0441176 0.0147059 0.0147059 0 0 0 0 

2208 2189 1602 91 0 0.730927 0 0 0 0 0 0 0 0 0 0 0 0 0 0 0 0 0 0 0 0 0.0147059 0.102941 0.147059 0.264706 0.235294 0.176471 0.0588235 0 0 0 0 0 0 

2240 2218 1602 96 0 0.721371 0 0 0 0 0 0 0 0 0 0 0 0 0 0 0 0 0 0 0 0.0144928 0.0289855 0.144928 0.130435 0.289855 0.217391 0.101449 0.0724638 0 0 0 0 0 0 

2240 2235 1603 99 0 0.715884 0 0 0 0 0 0 0 0 0 0 0 0 0 0 0 0 0 0.0144928 0.0144928 0.0144928 0.0434783 0.130435 0.15942 0.246377 0.188406 0.15942 0.0144928 0.0144928 0 0 0 0 0 

