2240 2214 1602 90 0 0.722674 0 0 0 0 0 0 0 0 0 0 0 0 0 0 0 0 0 0.0144928 0 0.0144928 0.057971 0.0289855 0.188406 0.202899 0.333333 0.115942 0.0434783 0 0 0 0 0 0 

2272 2252 1602 94 0 0.71048 0 0 0 0 0 0 0 0 0 0 0 0 0 0 0 0 0 0 0.0142857 0.0285714 0.0857143 0.114286 0.142857 0.3 0.142857 0.142857 0.0142857 0.0142857 0 0 0 0 0 

2176 2164 1602 85 0 0.739372 0 0 0 0 0 0 0 0 0 0 0 0 0 0 0 0 0 0 0 0 0 0.0447761 0.179104 0.313433 0.179104 0.19403 0.0447761 0.0447761 0 0 0 0 0 

2208 2194 1602 97 0 0.729262 0 0 0 0 0 0 0 0 0 0 0 0 0 0 0 0 0 0 0 0.0147059 0.0294118 0.0588235 0.205882 0.235294 0.235294 0.132353 0.0882353 0 0 0 0 0 0 

2208 2181 1602 97 0 0.733608 0 0 0 0 0 0 0 0 0 0 0 0 0 0 0 0 0 0 0 0.0294118 0.0294118 0.0294118 0.161765 0.235294 0.235294 0.176471 0.0882353 0.0147059 0 0 0 0 0 

2208 2195 1603 107 0 0.728929 0 0 0 0 0 0 0 0 0 0 0 0 0 0 0 0 0 0 0 0 0.0735294 0.102941 0.205882 0.176471 0.117647 0.176471 0.132353 0.0147059 0 0 0 0 0 

2208 2199 1602 88 0 0.727603 0 0 0 0 0 0 0 0 0 0 0 0 0 0 0 0 0 0 0.0294118 0.0147059 0.0294118 0.0588235 0.161765 0.205882 0.279412 0.147059 0.0735294 0 0 0 0 0 0 

2240 2220 1603 103 0 0.720721 0 0 0 0 0 0 0 0 0 0 0 0 0 0 0 0 0 0.0144928 0 0.057971 0.0144928 0.0869565 0.188406 0.188406 0.231884 0.130435 0.057971 0.0289855 0 0 0 0 0 

2208 2189 1602 95 0 0.730927 0 0 0 0 0 0 0 0 0 0 0 0 0 0 0 0 0 0 0.0294118 0 0.0882353 0.0588235 0.132353 0.176471 0.191176 0.176471 0.117647 0.0147059 0.0147059 0 0 0 0 

2176 2164 1602 92 0 0.739372 0 0 0 0 0 0 0 0 0 0 0 0 0 0 0 0 0 0 0 0.0149254 0.0149254 0.0597015 0.179104 0.19403 0.223881 0.164179 0.134328 0.0149254 0 0 0 0 0 

