2208 2181 1603 99 0 0.733608 0 0 0 0 0 0 0 0 0 0 0 0 0 0 0 0 0 0 0 0.0147059 0.0441176 0.0735294 0.147059 0.220588 0.205882 0.161765 0.0882353 0.0294118 0.0147059 0 0 0 0 

2272 2244 1602 97 0 0.713012 0 0 0 0 0 0 0 0 0 0 0 0 0 0 0 0 0 0 0.0142857 0.0285714 0.0571429 0.1 0.2 0.257143 0.2 0.0571429 0.0714286 0.0142857 0 0 0 0 0 

2208 2182 1602 91 0 0.733272 0 0 0 0 0 0 0 0 0 0 0 0 0 0 0 0 0.0147059 0.0147059 0 0.0147059 0.0294118 0.0882353 0.0882353 0.205882 0.191176 0.191176 0.147059 0.0147059 0 0 0 0 0 

2208 2197 1602 87 0 0.728266 0 0 0 0 0 0 0 0 0 0 0 0 0 0 0 0 0 0 0 0.0147059 0.0441176 0.102941 0.132353 0.235294 0.25 0.132353 0.0882353 0 0 0 0 0 0 

2176 2154 1602 84 0 0.742804 0 0 0 0 0 0 0 0 0 0 0 0 0 0 0 0 0 0 0 0 0.0149254 0.0746269 0.119403 0.164179 0.328358 0.19403 0.0746269 0.0149254 0.0149254 0 0 0 0 

2208 2182 1602 96 0 0.733272 0 0 0 0 0 0 0 0 0 0 0 0 0 0 0 0 0 0 0 0 0.0441176 0.117647 0.0735294 0.220588 0.279412 0.176471 0.0735294 0.0147059 0 0 0 0 0 

2208 2191 1602 90 0 0.73026 0 0 0 0 0 0 0 0 0 0 0 0 0 0 0 0 0 0 0.0147059 0 0.0735294 0.0441176 0.132353 0.25 0.279412 0.0588235 0.132353 0.0147059 0 0 0 0 0 

2208 2187 1602 91 0 0.731596 0 0 0 0 0 0 0 0 0 0 0 0 0 0 0 0 0 0 0 0.0147059 0.0882353 0.0294118 0.132353 0.205882 0.25 0.191176 0.0735294 0.0147059 0 0 0 0 0 

2208 2193 1602 92 0 0.729594 0 0 0 0 0 0 0 0 0 0 0 0 0 0 0 0 0 0 0.0147059 0 0.0441176 0.132353 0.147059 0.132353 0.235294 0.205882 0.0735294 0.0147059 0 0 0 0 0 

2208 2183 1602 93 0 0.732936 0 0 0 0 0 0 0 0 0 0 0 0 0 0 0 0 0 0 0 0.0147059 0.0294118 0.0882353 0.147059 0.279412 0.117647 0.176471 0.132353 0.0147059 0 0 0 0 0 

