2240 2213 1602 95 0 0.723 0 0 0 0 0 0 0 0 0 0 0 0 0 0 0 0 0 0 0 0.0144928 0.0289855 0.0724638 0.231884 0.289855 0.15942 0.115942 0.0724638 0.0144928 0 0 0 0 0 

2240 2226 1603 103 0 0.718778 0 0 0 0 0 0 0 0 0 0 0 0 0 0 0 0 0 0.0144928 0 0.0144928 0.0724638 0.144928 0.15942 0.188406 0.188406 0.130435 0.0144928 0.0724638 0 0 0 0 0 

2144 2139 1601 91 0 0.748013 0 0 0 0 0 0 0 0 0 0 0 0 0 0 0 0 0 0 0 0 0.0151515 0.0757576 0.106061 0.212121 0.181818 0.272727 0.106061 0.030303 0 0 0 0 0 

2208 2183 1602 91 0 0.732936 0 0 0 0 0 0 0 0 0 0 0 0 0 0 0 0 0 0 0 0.0147059 0.0441176 0.0735294 0.117647 0.220588 0.294118 0.132353 0.0735294 0.0147059 0.0147059 0 0 0 0 

2208 2185 1602 96 0 0.732265 0 0 0 0 0 0 0 0 0 0 0 0 0 0 0 0 0 0.0147059 0 0 0.0588235 0.0441176 0.0735294 0.308824 0.220588 0.220588 0.0441176 0.0147059 0 0 0 0 0 

2208 2191 1602 91 0 0.73026 0 0 0 0 0 0 0 0 0 0 0 0 0 0 0 0 0 0 0 0 0.0441176 0.0735294 0.117647 0.294118 0.308824 0.102941 0.0147059 0.0441176 0 0 0 0 0 

2208 2193 1602 89 0 0.729594 0 0 0 0 0 0 0 0 0 0 0 0 0 0 0 0 0 0 0 0.0147059 0.0588235 0.0735294 0.117647 0.25 0.264706 0.132353 0.0735294 0.0147059 0 0 0 0 0 

2240 2217 1603 104 0 0.721696 0 0 0 0 0 0 0 0 0 0 0 0 0 0 0 0 0.0144928 0 0 0.0144928 0.0289855 0.130435 0.173913 0.217391 0.173913 0.144928 0.0869565 0.0144928 0 0 0 0 0 

2240 2221 1602 92 0 0.720396 0 0 0 0 0 0 0 0 0 0 0 0 0 0 0 0 0 0 0 0 0.0724638 0.0869565 0.202899 0.246377 0.202899 0.144928 0.0434783 0 0 0 0 0 0 

2240 2232 1600 92 0 0.716846 0 0 0 0 0 0 0 0 0 0 0 0 0 0 0 0 0 0 0.0144928 0.0144928 0.0869565 0.101449 0.144928 0.26087 0.188406 0.144928 0.0434783 0 0 0 0 0 0 

