2208 2194 1602 89 0 0.729262 0 0 0 0 0 0 0 0 0 0 0 0 0 0 0 0 0 0 0 0 0.0294118 0.0588235 0.220588 0.294118 0.132353 0.205882 0.0588235 0 0 0 0 0 0 

2208 2198 1602 94 0 0.727934 0 0 0 0 0 0 0 0 0 0 0 0 0 0 0 0 0 0 0 0.0147059 0.0441176 0.0735294 0.191176 0.205882 0.235294 0.176471 0.0588235 0 0 0 0 0 0 

2208 2200 1600 101 0 0.727273 0 0 0 0 0 0 0 0 0 0 0 0 0 0 0 0 0.0147059 0 0 0.0147059 0.0147059 0.0441176 0.220588 0.235294 0.264706 0.117647 0.0588235 0.0147059 0 0 0 0 0 

2240 2213 1602 95 0 0.723 0 0 0 0 0 0 0 0 0 0 0 0 0 0 0 0 0 0 0 0 0.0869565 0.057971 0.173913 0.246377 0.217391 0.173913 0.0434783 0 0 0 0 0 0 

2208 2200 1601 95 0 0.727273 0 0 0 0 0 0 0 0 0 0 0 0 0 0 0 0 0 0 0.0147059 0.0294118 0.0294118 0.0735294 0.176471 0.117647 0.367647 0.132353 0.0588235 0 0 0 0 0 0 

2240 2217 1602 92 0 0.721696 0 0 0 0 0 0 0 0 0 0 0 0 0 0 0 0 0 0 0.0144928 0.0289855 0.057971 0.0289855 0.231884 0.217391 0.231884 0.0869565 0.0724638 0.0289855 0 0 0 0 0 

2208 2192 1602 93 0 0.729927 0 0 0 0 0 0 0 0 0 0 0 0 0 0 0 0 0 0 0 0.0294118 0 0.0588235 0.176471 0.235294 0.308824 0.147059 0.0441176 0 0 0 0 0 0 

2208 2193 1602 95 0 0.729594 0 0 0 0 0 0 0 0 0 0 0 0 0 0 0 0 0 0.0294118 0.0147059 0 0.0147059 0.0882353 0.147059 0.264706 0.161765 0.102941 0.147059 0.0294118 0 0 0 0 0 

2240 2211 1602 96 0 0.723654 0 0 0 0 0 0 0 0 0 0 0 0 0 0 0 0 0.0144928 0 0 0.0144928 0.0289855 0.0869565 0.173913 0.275362 0.173913 0.144928 0.0434783 0.0434783 0 0 0 0 0 

2240 2233 1601 93 0 0.716525 0 0 0 0 0 0 0 0 0 0 0 0 0 0 0 0 0 0.0289855 0 0.0289855 0.0434783 0.130435 0.188406 0.144928 0.188406 0.202899 0.0434783 0 0 0 0 0 0 

