2208 2194 1602 95 0 0.729262 0 0 0 0 0 0 0 0 0 0 0 0 0 0 0 0 0.0147059 0 0.0294118 0 0.0147059 0.0882353 0.0882353 0.294118 0.220588 0.132353 0.102941 0.0147059 0 0 0 0 0 

2240 2213 1603 102 0 0.723 0 0 0 0 0 0 0 0 0 0 0 0 0 0 0 0 0 0 0.0144928 0.0289855 0.0434783 0.0724638 0.217391 0.130435 0.231884 0.173913 0.0869565 0 0 0 0 0 0 

2176 2168 1602 90 0 0.738007 0 0 0 0 0 0 0 0 0 0 0 0 0 0 0 0 0 0 0 0 0.0149254 0.0895522 0.19403 0.223881 0.119403 0.223881 0.134328 0 0 0 0 0 0 

2176 2153 1602 90 0 0.743149 0 0 0 0 0 0 0 0 0 0 0 0 0 0 0 0 0 0 0 0.0149254 0.0149254 0.0298507 0.149254 0.179104 0.313433 0.179104 0.0597015 0.0597015 0 0 0 0 0 

2240 2223 1602 90 0 0.719748 0 0 0 0 0 0 0 0 0 0 0 0 0 0 0 0 0 0 0 0.0289855 0.057971 0.0724638 0.15942 0.304348 0.246377 0.0724638 0.0289855 0.0289855 0 0 0 0 0 

2208 2198 1602 92 0 0.727934 0 0 0 0 0 0 0 0 0 0 0 0 0 0 0 0 0 0 0 0.0147059 0.0588235 0.102941 0.176471 0.132353 0.279412 0.147059 0.0735294 0.0147059 0 0 0 0 0 

2240 2218 1602 89 0 0.721371 0 0 0 0 0 0 0 0 0 0 0 0 0 0 0 0 0 0 0.0289855 0 0.0724638 0.101449 0.15942 0.217391 0.202899 0.0724638 0.130435 0.0144928 0 0 0 0 0 

2208 2190 1602 94 0 0.730594 0 0 0 0 0 0 0 0 0 0 0 0 0 0 0 0 0 0 0.0294118 0.0294118 0.0441176 0.0588235 0.147059 0.102941 0.323529 0.132353 0.102941 0.0294118 0 0 0 0 0 

2240 2216 1602 95 0 0.722022 0 0 0 0 0 0 0 0 0 0 0 0 0 0 0 0 0 0 0 0.0289855 0.0869565 0.0434783 0.202899 0.217391 0.202899 0.115942 0.0724638 0.0289855 0 0 0 0 0 

2208 2193 1602 91 0 0.729594 0 0 0 0 0 0 0 0 0 0 0 0 0 0 0 0 0 0 0.0147059 0.0294118 0.0294118 0.0294118 0.176471 0.235294 0.220588 0.191176 0.0735294 0 0 0 0 0 0 

