2240 2227 1602 94 0 0.718455 0 0 0 0 0 0 0 0 0 0 0 0 0 0 0 0 0 0 0.0144928 0.0144928 0.0724638 0.101449 0.231884 0.144928 0.217391 0.115942 0.0724638 0.0144928 0 0 0 0 0 

2176 2163 1602 88 0 0.739713 0 0 0 0 0 0 0 0 0 0 0 0 0 0 0 0 0 0 0 0.0298507 0.0149254 0.0447761 0.149254 0.208955 0.238806 0.179104 0.104478 0.0298507 0 0 0 0 0 

2240 2232 1603 100 0 0.716846 0 0 0 0 0 0 0 0 0 0 0 0 0 0 0 0 0 0 0.0289855 0.0289855 0.0289855 0.101449 0.217391 0.231884 0.15942 0.144928 0.0289855 0.0289855 0 0 0 0 0 

2240 2215 1602 89 0 0.722348 0 0 0 0 0 0 0 0 0 0 0 0 0 0 0 0 0 0 0 0.0434783 0.0434783 0.115942 0.0869565 0.304348 0.188406 0.130435 0.0724638 0 0.0144928 0 0 0 0 

2208 2197 1603 100 0 0.728266 0 0 0 0 0 0 0 0 0 0 0 0 0 0 0 0 0 0 0 0.0441176 0.0147059 0.0441176 0.191176 0.25 0.220588 0.161765 0.0735294 0 0 0 0 0 0 

2240 2214 1602 92 0 0.722674 0 0 0 0 0 0 0 0 0 0 0 0 0 0 0 0 0 0 0.0144928 0.0289855 0.0434783 0.0434783 0.217391 0.217391 0.188406 0.188406 0.0434783 0.0144928 0 0 0 0 0 

2208 2198 1602 89 0 0.727934 0 0 0 0 0 0 0 0 0 0 0 0 0 0 0 0 0 0 0.0294118 0 0.0882353 0.0588235 0.132353 0.176471 0.25 0.147059 0.117647 0 0 0 0 0 0 

2240 2229 1602 90 0 0.717811 0 0 0 0 0 0 0 0 0 0 0 0 0 0 0 0 0 0 0.0144928 0.0434783 0.0434783 0.0869565 0.15942 0.275362 0.202899 0.115942 0.0434783 0.0144928 0 0 0 0 0 

2208 2196 1602 90 0 0.728597 0 0 0 0 0 0 0 0 0 0 0 0 0 0 0 0 0 0 0 0.0294118 0.0294118 0.117647 0.132353 0.205882 0.205882 0.220588 0.0441176 0.0147059 0 0 0 0 0 

2208 2191 1602 96 0 0.73026 0 0 0 0 0 0 0 0 0 0 0 0 0 0 0 0 0 0 0 0.0147059 0.0735294 0.102941 0.0588235 0.205882 0.294118 0.176471 0.0588235 0.0147059 0 0 0 0 0 

