2208 2194 1602 98 0 0.729262 0 0 0 0 0 0 0 0 0 0 0 0 0 0 0 0 0 0.0147059 0 0.0147059 0.0294118 0.0735294 0.205882 0.176471 0.205882 0.176471 0.0882353 0.0147059 0 0 0 0 0 

2208 2181 1602 91 0 0.733608 0 0 0 0 0 0 0 0 0 0 0 0 0 0 0 0 0 0 0 0.0147059 0.0294118 0.0588235 0.176471 0.220588 0.161765 0.279412 0.0294118 0.0294118 0 0 0 0 0 

2208 2202 1600 91 0 0.726612 0 0 0 0 0 0 0 0 0 0 0 0 0 0 0 0 0 0 0.0147059 0.0294118 0.0294118 0.117647 0.132353 0.205882 0.205882 0.191176 0.0588235 0.0147059 0 0 0 0 0 

2208 2189 1602 97 0 0.730927 0 0 0 0 0 0 0 0 0 0 0 0 0 0 0 0 0 0.0147059 0 0.0147059 0.0441176 0.0735294 0.117647 0.235294 0.220588 0.176471 0.0735294 0.0294118 0 0 0 0 0 

2240 2220 1603 100 0 0.720721 0 0 0 0 0 0 0 0 0 0 0 0 0 0 0 0 0.0144928 0 0.0289855 0.0144928 0.0144928 0.130435 0.144928 0.173913 0.26087 0.144928 0.0289855 0.0434783 0 0 0 0 0 

2240 2214 1602 92 0 0.722674 0 0 0 0 0 0 0 0 0 0 0 0 0 0 0 0 0 0 0.0144928 0 0.057971 0.057971 0.188406 0.231884 0.26087 0.15942 0.0144928 0.0144928 0 0 0 0 0 

2208 2193 1603 99 0 0.729594 0 0 0 0 0 0 0 0 0 0 0 0 0 0 0 0 0 0 0.0147059 0.0147059 0.0147059 0.0588235 0.191176 0.279412 0.147059 0.176471 0.102941 0 0 0 0 0 0 

2208 2195 1603 103 0 0.728929 0 0 0 0 0 0 0 0 0 0 0 0 0 0 0 0 0 0.0147059 0 0.0294118 0.0294118 0.0735294 0.132353 0.220588 0.25 0.147059 0.0882353 0.0147059 0 0 0 0 0 

2240 2228 1603 99 0 0.718133 0 0 0 0 0 0 0 0 0 0 0 0 0 0 0 0 0 0 0 0.0289855 0.057971 0.130435 0.115942 0.246377 0.275362 0.101449 0.0434783 0 0 0 0 0 0 

2208 2190 1602 87 0 0.730594 0 0 0 0 0 0 0 0 0 0 0 0 0 0 0 0 0 0 0 0 0.0441176 0.0441176 0.147059 0.338235 0.191176 0.191176 0.0294118 0.0147059 0 0 0 0 0 

