2176 2157 1601 80 0 0.741771 0 0 0 0 0 0 0 0 0 0 0 0 0 0 0 0 0 0 0 0 0.0149254 0.0447761 0.179104 0.238806 0.223881 0.179104 0.0597015 0.0447761 0.0149254 0 0 0 0 

2208 2185 1602 88 0 0.732265 0 0 0 0 0 0 0 0 0 0 0 0 0 0 0 0 0 0 0.0147059 0.0147059 0.0588235 0.0441176 0.102941 0.235294 0.235294 0.205882 0.0735294 0.0147059 0 0 0 0 0 

2208 2182 1603 98 0 0.733272 0 0 0 0 0 0 0 0 0 0 0 0 0 0 0 0 0 0 0 0.0441176 0.0294118 0.0588235 0.0588235 0.264706 0.25 0.205882 0.0882353 0 0 0 0 0 0 

2208 2199 1603 108 0 0.727603 0 0 0 0 0 0 0 0 0 0 0 0 0 0 0 0 0 0 0 0.0294118 0.0294118 0.161765 0.161765 0.0882353 0.235294 0.205882 0.0735294 0.0147059 0 0 0 0 0 

2240 2217 1602 94 0 0.721696 0 0 0 0 0 0 0 0 0 0 0 0 0 0 0 0 0 0 0.0434783 0 0.0289855 0.101449 0.144928 0.318841 0.115942 0.115942 0.130435 0 0 0 0 0 0 

2208 2190 1602 85 0 0.730594 0 0 0 0 0 0 0 0 0 0 0 0 0 0 0 0 0 0 0.0147059 0.0147059 0.0588235 0.0588235 0.117647 0.25 0.205882 0.176471 0.0735294 0.0294118 0 0 0 0 0 

2240 2217 1603 99 0 0.721696 0 0 0 0 0 0 0 0 0 0 0 0 0 0 0 0 0 0 0 0 0.0289855 0.130435 0.188406 0.246377 0.231884 0.130435 0.0289855 0.0144928 0 0 0 0 0 

2240 2220 1603 105 0 0.720721 0 0 0 0 0 0 0 0 0 0 0 0 0 0 0 0 0 0 0.0144928 0.0144928 0.0289855 0.115942 0.15942 0.275362 0.217391 0.101449 0.057971 0 0.0144928 0 0 0 0 

2176 2165 1602 89 0 0.73903 0 0 0 0 0 0 0 0 0 0 0 0 0 0 0 0 0 0 0 0 0.0149254 0.0895522 0.134328 0.253731 0.179104 0.223881 0.0895522 0.0149254 0 0 0 0 0 

2176 2156 1602 93 0 0.742115 0 0 0 0 0 0 0 0 0 0 0 0 0 0 0 0 0 0 0 0.0149254 0.0149254 0.0746269 0.164179 0.119403 0.253731 0.238806 0.0746269 0.0298507 0.0149254 0 0 0 0 

