2240 2233 1602 99 0 0.716525 0 0 0 0 0 0 0 0 0 0 0 0 0 0 0 0 0 0 0 0.0434783 0.0144928 0.101449 0.246377 0.173913 0.304348 0.115942 0 0 0 0 0 0 0 

2176 2169 1602 98 0 0.737667 0 0 0 0 0 0 0 0 0 0 0 0 0 0 0 0 0 0 0 0 0.0149254 0.0746269 0.149254 0.298507 0.208955 0.134328 0.0895522 0.0149254 0.0149254 0 0 0 0 

2240 2221 1602 87 0 0.720396 0 0 0 0 0 0 0 0 0 0 0 0 0 0 0 0 0 0.0144928 0.0144928 0.0434783 0.057971 0.057971 0.115942 0.275362 0.217391 0.0869565 0.0869565 0.0289855 0 0 0 0 0 

2240 2221 1602 93 0 0.720396 0 0 0 0 0 0 0 0 0 0 0 0 0 0 0 0 0 0 0 0 0.0289855 0.130435 0.26087 0.188406 0.217391 0.130435 0.0144928 0.0289855 0 0 0 0 0 

2208 2191 1602 91 0 0.73026 0 0 0 0 0 0 0 0 0 0 0 0 0 0 0 0 0 0 0.0147059 0 0.0441176 0.0588235 0.161765 0.176471 0.338235 0.132353 0.0735294 0 0 0 0 0 0 

2240 2234 1602 100 0 0.716204 0 0 0 0 0 0 0 0 0 0 0 0 0 0 0 0 0 0 0.0144928 0.0289855 0.057971 0.130435 0.188406 0.144928 0.231884 0.173913 0.0289855 0 0 0 0 0 0 

2240 2219 1603 100 0 0.721045 0 0 0 0 0 0 0 0 0 0 0 0 0 0 0 0 0 0 0 0.0144928 0.0144928 0.130435 0.231884 0.202899 0.217391 0.130435 0.0434783 0.0144928 0 0 0 0 0 

2208 2199 1602 93 0 0.727603 0 0 0 0 0 0 0 0 0 0 0 0 0 0 0 0 0 0 0.0147059 0.0147059 0.0294118 0.0735294 0.176471 0.235294 0.25 0.117647 0.0735294 0.0147059 0 0 0 0 0 

2208 2195 1603 100 0 0.728929 0 0 0 0 0 0 0 0 0 0 0 0 0 0 0 0 0 0.0147059 0 0 0.0735294 0.0735294 0.132353 0.205882 0.25 0.117647 0.132353 0 0 0 0 0 0 

2240 2231 1601 98 0 0.717167 0 0 0 0 0 0 0 0 0 0 0 0 0 0 0 0 0 0.0144928 0 0.0434783 0.0869565 0.130435 0.15942 0.0869565 0.231884 0.144928 0.101449 0 0 0 0 0 0 

