2240 2226 1602 94 0 0.718778 0 0 0 0 0 0 0 0 0 0 0 0 0 0 0 0 0 0 0 0.0144928 0.0144928 0.202899 0.173913 0.202899 0.246377 0.0724638 0.057971 0 0.0144928 0 0 0 0 

2240 2213 1602 98 0 0.723 0 0 0 0 0 0 0 0 0 0 0 0 0 0 0 0 0 0 0 0.0289855 0.0144928 0.101449 0.217391 0.188406 0.231884 0.15942 0.057971 0 0 0 0 0 0 

2240 2216 1602 96 0 0.722022 0 0 0 0 0 0 0 0 0 0 0 0 0 0 0 0 0 0 0.0289855 0 0.0289855 0.115942 0.202899 0.246377 0.130435 0.130435 0.0869565 0.0289855 0 0 0 0 0 

2208 2202 1602 90 0 0.726612 0 0 0 0 0 0 0 0 0 0 0 0 0 0 0 0 0 0 0 0.0147059 0.0588235 0.102941 0.102941 0.279412 0.25 0.117647 0.0588235 0.0147059 0 0 0 0 0 

2176 2167 1602 99 0 0.738348 0 0 0 0 0 0 0 0 0 0 0 0 0 0 0 0 0 0 0 0.0447761 0.0298507 0.0298507 0.104478 0.268657 0.19403 0.164179 0.164179 0 0 0 0 0 0 

2208 2193 1602 89 0 0.729594 0 0 0 0 0 0 0 0 0 0 0 0 0 0 0 0 0 0 0 0.0147059 0.0588235 0.0294118 0.191176 0.176471 0.323529 0.147059 0.0588235 0 0 0 0 0 0 

2240 2222 1602 89 0 0.720072 0 0 0 0 0 0 0 0 0 0 0 0 0 0 0 0 0 0 0.0144928 0.0144928 0.0144928 0.173913 0.173913 0.231884 0.15942 0.130435 0.057971 0.0289855 0 0 0 0 0 

2240 2211 1602 91 0 0.723654 0 0 0 0 0 0 0 0 0 0 0 0 0 0 0 0 0 0 0 0 0.057971 0.0724638 0.144928 0.333333 0.173913 0.202899 0 0.0144928 0 0 0 0 0 

2208 2190 1602 93 0 0.730594 0 0 0 0 0 0 0 0 0 0 0 0 0 0 0 0 0 0 0 0 0.0882353 0.0882353 0.161765 0.147059 0.220588 0.161765 0.117647 0.0147059 0 0 0 0 0 

2208 2180 1602 97 0 0.733945 0 0 0 0 0 0 0 0 0 0 0 0 0 0 0 0 0 0 0 0 0.0147059 0.117647 0.205882 0.147059 0.176471 0.235294 0.0735294 0.0294118 0 0 0 0 0 

