2272 2244 1603 104 0 0.713012 0 0 0 0 0 0 0 0 0 0 0 0 0 0 0 0 0 0 0.0142857 0.0285714 0.128571 0.0857143 0.142857 0.2 0.185714 0.128571 0.0571429 0.0285714 0 0 0 0 0 

2208 2196 1603 101 0 0.728597 0 0 0 0 0 0 0 0 0 0 0 0 0 0 0 0 0 0 0 0 0.0735294 0.0735294 0.102941 0.264706 0.294118 0.147059 0.0294118 0 0.0147059 0 0 0 0 

2208 2201 1602 88 0 0.726942 0 0 0 0 0 0 0 0 0 0 0 0 0 0 0 0 0 0 0.0147059 0 0.0441176 0.102941 0.161765 0.235294 0.191176 0.176471 0.0735294 0 0 0 0 0 0 

2240 2211 1602 96 0 0.723654 0 0 0 0 0 0 0 0 0 0 0 0 0 0 0 0 0.0144928 0 0.0144928 0.0289855 0.0289855 0.0869565 0.173913 0.15942 0.173913 0.246377 0.057971 0.0144928 0 0 0 0 0 

2240 2213 1602 97 0 0.723 0 0 0 0 0 0 0 0 0 0 0 0 0 0 0 0 0 0 0 0.0144928 0.0724638 0.115942 0.115942 0.231884 0.246377 0.115942 0.057971 0.0289855 0 0 0 0 0 

2208 2193 1603 99 0 0.729594 0 0 0 0 0 0 0 0 0 0 0 0 0 0 0 0 0 0 0 0.0147059 0.0441176 0.0882353 0.205882 0.132353 0.25 0.161765 0.0882353 0.0147059 0 0 0 0 0 

2240 2223 1603 102 0 0.719748 0 0 0 0 0 0 0 0 0 0 0 0 0 0 0 0 0 0 0.0144928 0 0.0724638 0.057971 0.202899 0.289855 0.173913 0.115942 0.0724638 0 0 0 0 0 0 

2240 2213 1602 94 0 0.723 0 0 0 0 0 0 0 0 0 0 0 0 0 0 0 0 0 0 0 0 0.101449 0.115942 0.130435 0.202899 0.217391 0.115942 0.101449 0.0144928 0 0 0 0 0 

2176 2165 1602 96 0 0.73903 0 0 0 0 0 0 0 0 0 0 0 0 0 0 0 0 0 0 0 0 0.0447761 0.0597015 0.134328 0.238806 0.223881 0.149254 0.134328 0.0149254 0 0 0 0 0 

2240 2221 1603 99 0 0.720396 0 0 0 0 0 0 0 0 0 0 0 0 0 0 0 0 0 0.0144928 0 0.0434783 0.0289855 0.115942 0.101449 0.275362 0.202899 0.130435 0.0869565 0 0 0 0 0 0 

