2208 2198 1601 96 0 0.727934 0 0 0 0 0 0 0 0 0 0 0 0 0 0 0 0 0 0 0.0147059 0 0.0147059 0.0882353 0.161765 0.264706 0.235294 0.205882 0.0147059 0 0 0 0 0 0 

2240 2224 1602 94 0 0.719424 0 0 0 0 0 0 0 0 0 0 0 0 0 0 0 0 0 0.0144928 0 0.0434783 0.0724638 0.0724638 0.188406 0.144928 0.217391 0.173913 0.057971 0.0144928 0 0 0 0 0 

2240 2221 1602 98 0 0.720396 0 0 0 0 0 0 0 0 0 0 0 0 0 0 0 0 0.0144928 0 0.0144928 0 0.057971 0.0434783 0.231884 0.202899 0.202899 0.202899 0.0289855 0 0 0 0 0 0 

2208 2183 1602 88 0 0.732936 0 0 0 0 0 0 0 0 0 0 0 0 0 0 0 0 0.0147059 0 0 0 0.0441176 0.0147059 0.176471 0.220588 0.220588 0.25 0.0588235 0 0 0 0 0 0 

2208 2188 1602 95 0 0.731261 0 0 0 0 0 0 0 0 0 0 0 0 0 0 0 0 0 0 0.0294118 0 0.0294118 0.0882353 0.161765 0.191176 0.191176 0.191176 0.0882353 0.0294118 0 0 0 0 0 

2176 2163 1602 89 0 0.739713 0 0 0 0 0 0 0 0 0 0 0 0 0 0 0 0 0 0 0 0.0298507 0.0149254 0.104478 0.0895522 0.208955 0.19403 0.223881 0.0895522 0.0447761 0 0 0 0 0 

2208 2194 1603 99 0 0.729262 0 0 0 0 0 0 0 0 0 0 0 0 0 0 0 0 0 0 0 0.0294118 0.0294118 0.0441176 0.191176 0.176471 0.294118 0.220588 0 0.0147059 0 0 0 0 0 

2240 2225 1602 93 0 0.719101 0 0 0 0 0 0 0 0 0 0 0 0 0 0 0 0 0 0.0144928 0 0.0289855 0.0144928 0.0869565 0.231884 0.246377 0.231884 0.057971 0.0724638 0.0144928 0 0 0 0 0 

2208 2191 1603 102 0 0.73026 0 0 0 0 0 0 0 0 0 0 0 0 0 0 0 0 0 0 0 0.0294118 0.0588235 0.0588235 0.117647 0.191176 0.264706 0.235294 0.0294118 0.0147059 0 0 0 0 0 

2208 2196 1603 99 0 0.728597 0 0 0 0 0 0 0 0 0 0 0 0 0 0 0 0 0 0 0 0.0441176 0.0441176 0.0735294 0.117647 0.235294 0.205882 0.205882 0.0588235 0.0147059 0 0 0 0 0 

