2240 2224 1602 95 0 0.719424 0 0 0 0 0 0 0 0 0 0 0 0 0 0 0 0 0 0.0144928 0.0144928 0.0144928 0.0434783 0.130435 0.130435 0.188406 0.26087 0.15942 0.0289855 0.0144928 0 0 0 0 0 

2272 2253 1603 100 0 0.710164 0 0 0 0 0 0 0 0 0 0 0 0 0 0 0 0 0 0.0142857 0 0.0142857 0.0428571 0.142857 0.185714 0.271429 0.214286 0.1 0.0142857 0 0 0 0 0 0 

2240 2225 1602 98 0 0.719101 0 0 0 0 0 0 0 0 0 0 0 0 0 0 0 0 0 0 0 0.0144928 0.057971 0.101449 0.217391 0.15942 0.304348 0.115942 0.0289855 0 0 0 0 0 0 

2208 2193 1602 94 0 0.729594 0 0 0 0 0 0 0 0 0 0 0 0 0 0 0 0 0 0 0.0147059 0 0.0147059 0.0735294 0.176471 0.235294 0.264706 0.191176 0.0147059 0.0147059 0 0 0 0 0 

2208 2199 1602 85 0 0.727603 0 0 0 0 0 0 0 0 0 0 0 0 0 0 0 0 0.0147059 0 0 0 0.0441176 0.0882353 0.176471 0.220588 0.235294 0.102941 0.102941 0.0147059 0 0 0 0 0 

2208 2188 1603 99 0 0.731261 0 0 0 0 0 0 0 0 0 0 0 0 0 0 0 0 0 0 0 0.0147059 0.0441176 0.0882353 0.191176 0.205882 0.132353 0.205882 0.0735294 0.0294118 0.0147059 0 0 0 0 

2208 2200 1601 95 0 0.727273 0 0 0 0 0 0 0 0 0 0 0 0 0 0 0 0 0 0 0 0.0588235 0.0588235 0.0882353 0.117647 0.205882 0.132353 0.235294 0.102941 0 0 0 0 0 0 

2208 2182 1603 101 0 0.733272 0 0 0 0 0 0 0 0 0 0 0 0 0 0 0 0 0 0 0 0.0147059 0 0.0441176 0.205882 0.235294 0.220588 0.235294 0.0294118 0.0147059 0 0 0 0 0 

2208 2201 1602 91 0 0.726942 0 0 0 0 0 0 0 0 0 0 0 0 0 0 0 0 0 0 0 0.0147059 0.0147059 0.0882353 0.191176 0.279412 0.220588 0.147059 0.0294118 0.0147059 0 0 0 0 0 

2208 2190 1602 90 0 0.730594 0 0 0 0 0 0 0 0 0 0 0 0 0 0 0 0 0 0 0.0147059 0.0147059 0.0294118 0.0441176 0.161765 0.191176 0.323529 0.161765 0.0588235 0 0 0 0 0 0 

