2240 2220 1603 101 0 0.720721 0 0 0 0 0 0 0 0 0 0 0 0 0 0 0 0 0 0 0.0144928 0.0144928 0.0869565 0.057971 0.130435 0.231884 0.26087 0.188406 0 0.0144928 0 0 0 0 0 

2272 2244 1602 95 0 0.713012 0 0 0 0 0 0 0 0 0 0 0 0 0 0 0 0 0 0 0 0.0285714 0.0714286 0.0571429 0.2 0.328571 0.185714 0.1 0.0285714 0 0 0 0 0 0 

2240 2214 1603 101 0 0.722674 0 0 0 0 0 0 0 0 0 0 0 0 0 0 0 0 0 0 0.0289855 0.0289855 0.0289855 0.101449 0.173913 0.173913 0.188406 0.173913 0.0724638 0.0289855 0 0 0 0 0 

2240 2221 1602 90 0 0.720396 0 0 0 0 0 0 0 0 0 0 0 0 0 0 0 0 0.0144928 0.0144928 0 0.0144928 0.0434783 0.101449 0.115942 0.246377 0.246377 0.15942 0.0144928 0.0289855 0 0 0 0 0 

2176 2170 1600 91 0 0.737327 0 0 0 0 0 0 0 0 0 0 0 0 0 0 0 0 0 0 0 0.0149254 0.0298507 0.0447761 0.164179 0.223881 0.238806 0.19403 0.0597015 0.0298507 0 0 0 0 0 

2208 2183 1602 96 0 0.732936 0 0 0 0 0 0 0 0 0 0 0 0 0 0 0 0 0 0 0.0147059 0.0147059 0.0294118 0.0588235 0.132353 0.176471 0.308824 0.176471 0.0882353 0 0 0 0 0 0 

2272 2243 1602 88 0 0.71333 0 0 0 0 0 0 0 0 0 0 0 0 0 0 0 0 0 0 0 0.0428571 0.0142857 0.228571 0.1 0.228571 0.214286 0.114286 0.0571429 0 0 0 0 0 0 

2208 2179 1602 94 0 0.734282 0 0 0 0 0 0 0 0 0 0 0 0 0 0 0 0 0 0 0 0 0.0147059 0.0882353 0.147059 0.264706 0.161765 0.25 0.0735294 0 0 0 0 0 0 

2208 2195 1602 89 0 0.728929 0 0 0 0 0 0 0 0 0 0 0 0 0 0 0 0 0 0 0 0.0147059 0.0294118 0.0735294 0.117647 0.338235 0.235294 0.132353 0.0441176 0.0147059 0 0 0 0 0 

2208 2194 1602 88 0 0.729262 0 0 0 0 0 0 0 0 0 0 0 0 0 0 0 0 0 0 0 0.0294118 0.0441176 0.0735294 0.117647 0.235294 0.279412 0.132353 0.0882353 0 0 0 0 0 0 

