2208 2202 1602 94 0 0.726612 0 0 0 0 0 0 0 0 0 0 0 0 0 0 0 0 0 0 0 0.0147059 0.0441176 0.117647 0.220588 0.161765 0.191176 0.161765 0.0441176 0.0441176 0 0 0 0 0 

2240 2217 1602 93 0 0.721696 0 0 0 0 0 0 0 0 0 0 0 0 0 0 0 0 0 0 0 0.0289855 0.0434783 0.15942 0.130435 0.217391 0.15942 0.173913 0.0724638 0.0144928 0 0 0 0 0 

2240 2218 1602 97 0 0.721371 0 0 0 0 0 0 0 0 0 0 0 0 0 0 0 0 0 0.0144928 0 0.0144928 0.0289855 0.0869565 0.15942 0.231884 0.318841 0.130435 0 0.0144928 0 0 0 0 0 

2208 2189 1602 97 0 0.730927 0 0 0 0 0 0 0 0 0 0 0 0 0 0 0 0 0 0 0 0.0294118 0.0441176 0.0588235 0.132353 0.25 0.191176 0.220588 0.0588235 0.0147059 0 0 0 0 0 

2208 2194 1602 90 0 0.729262 0 0 0 0 0 0 0 0 0 0 0 0 0 0 0 0.0147059 0 0 0 0.0147059 0.0441176 0.0441176 0.161765 0.220588 0.25 0.161765 0.0735294 0.0147059 0 0 0 0 0 

2208 2181 1602 96 0 0.733608 0 0 0 0 0 0 0 0 0 0 0 0 0 0 0 0 0 0 0.0147059 0.0147059 0 0.102941 0.161765 0.161765 0.235294 0.176471 0.132353 0 0 0 0 0 0 

2208 2191 1602 96 0 0.73026 0 0 0 0 0 0 0 0 0 0 0 0 0 0 0 0 0 0 0 0.0147059 0.0441176 0.0735294 0.191176 0.235294 0.191176 0.117647 0.0882353 0.0441176 0 0 0 0 0 

2176 2167 1603 102 0 0.738348 0 0 0 0 0 0 0 0 0 0 0 0 0 0 0 0 0 0 0 0 0.0746269 0.0895522 0.119403 0.208955 0.164179 0.164179 0.104478 0.0746269 0 0 0 0 0 

2208 2201 1600 87 0 0.726942 0 0 0 0 0 0 0 0 0 0 0 0 0 0 0 0 0 0 0 0 0.0588235 0.117647 0.205882 0.176471 0.176471 0.161765 0.102941 0 0 0 0 0 0 

2208 2198 1602 88 0 0.727934 0 0 0 0 0 0 0 0 0 0 0 0 0 0 0 0 0 0 0.0147059 0.0147059 0.0588235 0.0588235 0.205882 0.176471 0.220588 0.117647 0.117647 0.0147059 0 0 0 0 0 

