2176 2163 1602 89 0 0.739713 0 0 0 0 0 0 0 0 0 0 0 0 0 0 0 0 0 0 0 0 0.0298507 0.0597015 0.134328 0.223881 0.253731 0.19403 0.0895522 0.0149254 0 0 0 0 0 

2208 2182 1602 89 0 0.733272 0 0 0 0 0 0 0 0 0 0 0 0 0 0 0 0 0 0 0 0 0 0.117647 0.147059 0.176471 0.323529 0.191176 0.0294118 0.0147059 0 0 0 0 0 

2208 2191 1602 94 0 0.73026 0 0 0 0 0 0 0 0 0 0 0 0 0 0 0 0 0 0 0.0147059 0 0.0588235 0.117647 0.0882353 0.205882 0.264706 0.132353 0.102941 0 0.0147059 0 0 0 0 

2208 2187 1602 94 0 0.731596 0 0 0 0 0 0 0 0 0 0 0 0 0 0 0 0 0 0 0 0 0.0294118 0.0588235 0.191176 0.191176 0.338235 0.132353 0.0441176 0.0147059 0 0 0 0 0 

2208 2184 1602 91 0 0.732601 0 0 0 0 0 0 0 0 0 0 0 0 0 0 0 0 0 0.0147059 0 0.0147059 0.0294118 0.0882353 0.147059 0.161765 0.25 0.176471 0.0882353 0.0147059 0.0147059 0 0 0 0 

2208 2198 1602 91 0 0.727934 0 0 0 0 0 0 0 0 0 0 0 0 0 0 0 0 0 0 0 0.0147059 0.117647 0.0735294 0.0882353 0.220588 0.205882 0.176471 0.0882353 0.0147059 0 0 0 0 0 

2240 2223 1602 89 0 0.719748 0 0 0 0 0 0 0 0 0 0 0 0 0 0 0 0 0 0 0.0144928 0.0289855 0.0434783 0.144928 0.144928 0.173913 0.246377 0.144928 0.0289855 0.0144928 0.0144928 0 0 0 0 

2208 2196 1602 88 0 0.728597 0 0 0 0 0 0 0 0 0 0 0 0 0 0 0 0 0 0 0 0 0.0441176 0.0441176 0.25 0.205882 0.25 0.147059 0.0441176 0.0147059 0 0 0 0 0 

2208 2185 1602 88 0 0.732265 0 0 0 0 0 0 0 0 0 0 0 0 0 0 0 0 0 0 0 0.0147059 0.0147059 0.0882353 0.191176 0.147059 0.264706 0.220588 0.0441176 0.0147059 0 0 0 0 0 

2208 2188 1602 98 0 0.731261 0 0 0 0 0 0 0 0 0 0 0 0 0 0 0 0 0 0 0 0 0.0294118 0.0735294 0.0882353 0.308824 0.352941 0.102941 0.0294118 0.0147059 0 0 0 0 0 

