2208 2180 1602 92 0 0.733945 0 0 0 0 0 0 0 0 0 0 0 0 0 0 0 0 0 0 0 0.0147059 0.0147059 0.0735294 0.191176 0.176471 0.25 0.161765 0.102941 0.0147059 0 0 0 0 0 

2208 2194 1602 90 0 0.729262 0 0 0 0 0 0 0 0 0 0 0 0 0 0 0 0 0 0 0 0.0294118 0.0147059 0.0735294 0.176471 0.161765 0.367647 0.117647 0.0588235 0 0 0 0 0 0 

2208 2191 1603 102 0 0.73026 0 0 0 0 0 0 0 0 0 0 0 0 0 0 0 0 0 0 0.0147059 0 0.0294118 0.0882353 0.132353 0.294118 0.220588 0.102941 0.0735294 0.0441176 0 0 0 0 0 

2208 2183 1602 91 0 0.732936 0 0 0 0 0 0 0 0 0 0 0 0 0 0 0 0 0 0.0147059 0 0.0147059 0.0588235 0.0735294 0.0882353 0.205882 0.205882 0.235294 0.0735294 0.0294118 0 0 0 0 0 

2208 2195 1602 90 0 0.728929 0 0 0 0 0 0 0 0 0 0 0 0 0 0 0 0 0 0 0 0 0.0588235 0.0735294 0.161765 0.235294 0.25 0.147059 0.0735294 0 0 0 0 0 0 

2208 2201 1602 90 0 0.726942 0 0 0 0 0 0 0 0 0 0 0 0 0 0 0 0 0 0 0 0 0.0294118 0.161765 0.191176 0.191176 0.147059 0.220588 0.0441176 0 0.0147059 0 0 0 0 

2240 2212 1602 92 0 0.723327 0 0 0 0 0 0 0 0 0 0 0 0 0 0 0 0 0 0 0 0.0144928 0.0434783 0.0869565 0.217391 0.26087 0.144928 0.101449 0.130435 0 0 0 0 0 0 

2272 2245 1602 98 0 0.712695 0 0 0 0 0 0 0 0 0 0 0 0 0 0 0 0 0 0.0142857 0.0285714 0.0142857 0.0571429 0.128571 0.185714 0.171429 0.185714 0.128571 0.0714286 0.0142857 0 0 0 0 0 

2272 2247 1602 91 0 0.712061 0 0 0 0 0 0 0 0 0 0 0 0 0 0 0 0 0 0 0 0 0.0571429 0.128571 0.228571 0.342857 0.114286 0.0857143 0.0285714 0 0.0142857 0 0 0 0 

2240 2219 1602 97 0 0.721045 0 0 0 0 0 0 0 0 0 0 0 0 0 0 0 0 0 0 0 0.0289855 0.057971 0.0724638 0.188406 0.188406 0.26087 0.188406 0.0144928 0 0 0 0 0 0 

