2272 2268 1601 101 0 0.705467 0 0 0 0 0 0 0 0 0 0 0 0 0 0 0 0 0 0 0.0142857 0.0285714 0.0857143 0.1 0.271429 0.257143 0.114286 0.1 0.0142857 0.0142857 0 0 0 0 0 

2208 2191 1602 94 0 0.73026 0 0 0 0 0 0 0 0 0 0 0 0 0 0 0 0 0 0 0.0147059 0.0147059 0.0147059 0.0588235 0.205882 0.220588 0.220588 0.176471 0.0294118 0.0441176 0 0 0 0 0 

2208 2198 1602 95 0 0.727934 0 0 0 0 0 0 0 0 0 0 0 0 0 0 0 0 0 0.0147059 0 0.0294118 0.0147059 0.0735294 0.161765 0.235294 0.235294 0.161765 0.0588235 0.0147059 0 0 0 0 0 

2272 2255 1603 100 0 0.709534 0 0 0 0 0 0 0 0 0 0 0 0 0 0 0 0 0.0142857 0 0.0142857 0.0142857 0.0571429 0.128571 0.2 0.185714 0.242857 0.128571 0.0142857 0 0 0 0 0 0 

2208 2184 1602 93 0 0.732601 0 0 0 0 0 0 0 0 0 0 0 0 0 0 0 0 0 0 0 0 0.0294118 0.102941 0.102941 0.294118 0.191176 0.191176 0.0882353 0 0 0 0 0 0 

2240 2216 1602 93 0 0.722022 0 0 0 0 0 0 0 0 0 0 0 0 0 0 0 0 0 0 0 0.0434783 0.0144928 0.0869565 0.217391 0.188406 0.231884 0.188406 0.0144928 0.0144928 0 0 0 0 0 

2240 2213 1602 93 0 0.723 0 0 0 0 0 0 0 0 0 0 0 0 0 0 0 0 0 0 0.0144928 0.0144928 0.0144928 0.0869565 0.144928 0.304348 0.275362 0.0724638 0.0724638 0 0 0 0 0 0 

2272 2249 1603 111 0 0.711427 0 0 0 0 0 0 0 0 0 0 0 0 0 0 0 0 0.0142857 0 0 0.0142857 0.0714286 0.157143 0.2 0.185714 0.142857 0.128571 0.0857143 0 0 0 0 0 0 

2208 2179 1602 90 0 0.734282 0 0 0 0 0 0 0 0 0 0 0 0 0 0 0 0 0 0 0 0.0147059 0 0.0735294 0.191176 0.176471 0.323529 0.117647 0.0882353 0 0 0.0147059 0 0 0 

2208 2196 1602 90 0 0.728597 0 0 0 0 0 0 0 0 0 0 0 0 0 0 0 0 0 0 0 0.0147059 0.0882353 0.0588235 0.25 0.132353 0.132353 0.191176 0.0882353 0.0441176 0 0 0 0 0 

