2208 2197 1602 91 0 0.728266 0 0 0 0 0 0 0 0 0 0 0 0 0 0 0 0 0 0 0.0147059 0.0294118 0.0147059 0.102941 0.117647 0.25 0.235294 0.132353 0.102941 0 0 0 0 0 0 

2240 2228 1602 91 0 0.718133 0 0 0 0 0 0 0 0 0 0 0 0 0 0 0 0 0.0144928 0 0.0144928 0.0144928 0.0434783 0.0869565 0.173913 0.217391 0.289855 0.101449 0.0289855 0.0144928 0 0 0 0 0 

2208 2187 1602 89 0 0.731596 0 0 0 0 0 0 0 0 0 0 0 0 0 0 0 0 0 0 0 0 0.0294118 0.0882353 0.132353 0.235294 0.323529 0.117647 0.0588235 0.0147059 0 0 0 0 0 

2240 2223 1603 104 0 0.719748 0 0 0 0 0 0 0 0 0 0 0 0 0 0 0 0 0 0 0 0.0144928 0.057971 0.101449 0.144928 0.376812 0.115942 0.0869565 0.101449 0 0 0 0 0 0 

2240 2219 1602 97 0 0.721045 0 0 0 0 0 0 0 0 0 0 0 0 0 0 0 0 0 0 0 0.0144928 0.0869565 0.115942 0.130435 0.188406 0.26087 0.130435 0.0724638 0 0 0 0 0 0 

2208 2196 1603 99 0 0.728597 0 0 0 0 0 0 0 0 0 0 0 0 0 0 0 0 0 0 0.0147059 0 0.0441176 0.0588235 0.102941 0.308824 0.294118 0.132353 0.0294118 0.0147059 0 0 0 0 0 

2208 2181 1602 88 0 0.733608 0 0 0 0 0 0 0 0 0 0 0 0 0 0 0 0 0 0 0 0.0147059 0.0294118 0.0294118 0.176471 0.264706 0.235294 0.132353 0.102941 0.0147059 0 0 0 0 0 

2208 2198 1602 83 0 0.727934 0 0 0 0 0 0 0 0 0 0 0 0 0 0 0 0 0 0 0 0 0.117647 0.0441176 0.132353 0.205882 0.308824 0.0882353 0.0882353 0.0147059 0 0 0 0 0 

2208 2190 1602 97 0 0.730594 0 0 0 0 0 0 0 0 0 0 0 0 0 0 0 0 0 0.0147059 0.0147059 0.0147059 0.0735294 0.0441176 0.117647 0.176471 0.25 0.147059 0.132353 0.0147059 0 0 0 0 0 

2240 2216 1602 98 0 0.722022 0 0 0 0 0 0 0 0 0 0 0 0 0 0 0 0 0 0.0144928 0 0 0.0724638 0.130435 0.144928 0.217391 0.202899 0.0869565 0.101449 0.0144928 0.0144928 0 0 0 0 

