2208 2197 1602 93 0 0.728266 0 0 0 0 0 0 0 0 0 0 0 0 0 0 0 0 0 0 0 0.0294118 0.0147059 0.147059 0.161765 0.191176 0.161765 0.220588 0.0294118 0.0441176 0 0 0 0 0 

2208 2198 1602 83 0 0.727934 0 0 0 0 0 0 0 0 0 0 0 0 0 0 0 0 0 0 0.0147059 0 0.0735294 0.0882353 0.117647 0.294118 0.132353 0.176471 0.0735294 0.0294118 0 0 0 0 0 

2240 2212 1602 98 0 0.723327 0 0 0 0 0 0 0 0 0 0 0 0 0 0 0 0 0 0 0 0.0289855 0.0144928 0.188406 0.173913 0.115942 0.231884 0.130435 0.0869565 0.0289855 0 0 0 0 0 

2240 2214 1602 96 0 0.722674 0 0 0 0 0 0 0 0 0 0 0 0 0 0 0 0 0 0 0 0.0144928 0.0434783 0.0869565 0.115942 0.347826 0.202899 0.15942 0.0289855 0 0 0 0 0 0 

2208 2194 1603 100 0 0.729262 0 0 0 0 0 0 0 0 0 0 0 0 0 0 0 0 0 0.0147059 0 0.0147059 0.0147059 0.0882353 0.191176 0.191176 0.205882 0.176471 0.102941 0 0 0 0 0 0 

2272 2252 1603 102 0 0.71048 0 0 0 0 0 0 0 0 0 0 0 0 0 0 0 0 0 0.0142857 0.0142857 0.0285714 0.0714286 0.142857 0.142857 0.242857 0.142857 0.128571 0.0428571 0.0285714 0 0 0 0 0 

2208 2195 1602 98 0 0.728929 0 0 0 0 0 0 0 0 0 0 0 0 0 0 0 0 0 0 0 0.0294118 0.0441176 0.0588235 0.205882 0.205882 0.176471 0.205882 0.0294118 0.0441176 0 0 0 0 0 

2208 2192 1602 96 0 0.729927 0 0 0 0 0 0 0 0 0 0 0 0 0 0 0 0 0 0 0 0 0.0147059 0.132353 0.191176 0.176471 0.264706 0.117647 0.0882353 0.0147059 0 0 0 0 0 

2208 2190 1602 91 0 0.730594 0 0 0 0 0 0 0 0 0 0 0 0 0 0 0 0 0 0 0 0.0294118 0.0147059 0.0441176 0.147059 0.264706 0.323529 0.117647 0.0441176 0.0147059 0 0 0 0 0 

2208 2199 1602 93 0 0.727603 0 0 0 0 0 0 0 0 0 0 0 0 0 0 0 0 0 0 0.0147059 0.0147059 0.0441176 0.117647 0.161765 0.147059 0.264706 0.117647 0.0882353 0.0294118 0 0 0 0 0 

