2208 2201 1601 90 0 0.726942 0 0 0 0 0 0 0 0 0 0 0 0 0 0 0 0 0 0 0 0 0.0588235 0.161765 0.176471 0.176471 0.132353 0.176471 0.0882353 0.0294118 0 0 0 0 0 

2240 2225 1603 99 0 0.719101 0 0 0 0 0 0 0 0 0 0 0 0 0 0 0 0 0 0 0 0.057971 0.0289855 0.144928 0.202899 0.15942 0.130435 0.173913 0.0869565 0.0144928 0 0 0 0 0 

2176 2163 1602 91 0 0.739713 0 0 0 0 0 0 0 0 0 0 0 0 0 0 0 0 0 0 0.0149254 0.0149254 0 0.0447761 0.19403 0.208955 0.149254 0.238806 0.119403 0.0149254 0 0 0 0 0 

2176 2168 1603 100 0 0.738007 0 0 0 0 0 0 0 0 0 0 0 0 0 0 0 0 0 0 0 0 0.0298507 0.0149254 0.164179 0.253731 0.298507 0.19403 0.0149254 0.0298507 0 0 0 0 0 

2240 2213 1602 94 0 0.723 0 0 0 0 0 0 0 0 0 0 0 0 0 0 0 0 0 0 0.0144928 0.0434783 0.0434783 0.0724638 0.0869565 0.289855 0.217391 0.173913 0.0434783 0.0144928 0 0 0 0 0 

2208 2197 1603 100 0 0.728266 0 0 0 0 0 0 0 0 0 0 0 0 0 0 0 0 0 0 0.0147059 0 0.0588235 0.0441176 0.220588 0.220588 0.176471 0.191176 0.0294118 0.0441176 0 0 0 0 0 

2240 2220 1603 99 0 0.720721 0 0 0 0 0 0 0 0 0 0 0 0 0 0 0 0 0 0 0.0144928 0 0.0724638 0.115942 0.115942 0.26087 0.202899 0.15942 0.057971 0 0 0 0 0 0 

2208 2183 1602 88 0 0.732936 0 0 0 0 0 0 0 0 0 0 0 0 0 0 0 0 0 0.0147059 0 0.0147059 0.0294118 0.0735294 0.161765 0.191176 0.205882 0.161765 0.117647 0.0294118 0 0 0 0 0 

2208 2187 1602 98 0 0.731596 0 0 0 0 0 0 0 0 0 0 0 0 0 0 0 0 0 0 0 0.0147059 0.0588235 0.0147059 0.176471 0.205882 0.279412 0.205882 0.0294118 0.0147059 0 0 0 0 0 

2208 2187 1602 97 0 0.731596 0 0 0 0 0 0 0 0 0 0 0 0 0 0 0 0 0 0 0 0.0294118 0.0147059 0.132353 0.102941 0.176471 0.264706 0.191176 0.0735294 0.0147059 0 0 0 0 0 

