2240 2216 1602 93 0 0.722022 0 0 0 0 0 0 0 0 0 0 0 0 0 0 0 0 0 0 0.0144928 0.0289855 0.0289855 0.115942 0.144928 0.231884 0.173913 0.217391 0.0289855 0.0144928 0 0 0 0 0 

2208 2195 1602 87 0 0.728929 0 0 0 0 0 0 0 0 0 0 0 0 0 0 0 0 0 0 0.0147059 0.0147059 0.0588235 0.0882353 0.117647 0.235294 0.176471 0.176471 0.117647 0 0 0 0 0 0 

2240 2217 1603 100 0 0.721696 0 0 0 0 0 0 0 0 0 0 0 0 0 0 0 0 0 0 0.0144928 0.0434783 0.0869565 0.0144928 0.173913 0.217391 0.202899 0.130435 0.115942 0 0 0 0 0 0 

2208 2201 1601 92 0 0.726942 0 0 0 0 0 0 0 0 0 0 0 0 0 0 0 0 0 0 0 0.0147059 0.0735294 0.0882353 0.147059 0.205882 0.220588 0.176471 0.0735294 0 0 0 0 0 0 

2240 2230 1602 95 0 0.717489 0 0 0 0 0 0 0 0 0 0 0 0 0 0 0 0 0 0.0144928 0.0289855 0.0434783 0.0289855 0.115942 0.115942 0.173913 0.275362 0.173913 0 0.0289855 0 0 0 0 0 

2240 2218 1603 103 0 0.721371 0 0 0 0 0 0 0 0 0 0 0 0 0 0 0 0 0 0 0.0144928 0.0289855 0.0724638 0.130435 0.101449 0.15942 0.246377 0.15942 0.057971 0.0289855 0 0 0 0 0 

2208 2202 1601 94 0 0.726612 0 0 0 0 0 0 0 0 0 0 0 0 0 0 0 0 0 0 0 0.0294118 0 0.0882353 0.25 0.220588 0.176471 0.176471 0.0441176 0.0147059 0 0 0 0 0 

2240 2218 1602 98 0 0.721371 0 0 0 0 0 0 0 0 0 0 0 0 0 0 0 0 0 0 0.0289855 0.0144928 0.057971 0.0724638 0.15942 0.202899 0.26087 0.144928 0.0434783 0 0.0144928 0 0 0 0 

2208 2198 1602 89 0 0.727934 0 0 0 0 0 0 0 0 0 0 0 0 0 0 0 0 0 0 0 0.0294118 0.0294118 0.0294118 0.205882 0.279412 0.220588 0.147059 0.0441176 0.0147059 0 0 0 0 0 

2208 2199 1601 97 0 0.727603 0 0 0 0 0 0 0 0 0 0 0 0 0 0 0 0 0 0 0 0.0147059 0.0147059 0.102941 0.147059 0.294118 0.205882 0.205882 0 0.0147059 0 0 0 0 0 

