2208 2181 1602 90 0 0.733608 0 0 0 0 0 0 0 0 0 0 0 0 0 0 0 0 0 0.0147059 0 0 0.0735294 0.0588235 0.0588235 0.235294 0.235294 0.235294 0.0882353 0 0 0 0 0 0 

2240 2227 1602 97 0 0.718455 0 0 0 0 0 0 0 0 0 0 0 0 0 0 0 0 0 0 0 0.057971 0.057971 0.115942 0.15942 0.173913 0.217391 0.144928 0.057971 0.0144928 0 0 0 0 0 

2240 2213 1602 95 0 0.723 0 0 0 0 0 0 0 0 0 0 0 0 0 0 0 0 0 0 0 0.0434783 0.0289855 0.057971 0.144928 0.275362 0.275362 0.130435 0.0434783 0 0 0 0 0 0 

2240 2211 1602 98 0 0.723654 0 0 0 0 0 0 0 0 0 0 0 0 0 0 0 0 0 0 0 0 0.0869565 0.15942 0.188406 0.101449 0.15942 0.144928 0.144928 0.0144928 0 0 0 0 0 

2208 2195 1602 88 0 0.728929 0 0 0 0 0 0 0 0 0 0 0 0 0 0 0 0 0 0 0 0.0147059 0.0735294 0.0735294 0.161765 0.176471 0.279412 0.102941 0.0882353 0.0294118 0 0 0 0 0 

2208 2183 1602 89 0 0.732936 0 0 0 0 0 0 0 0 0 0 0 0 0 0 0 0 0 0 0.0147059 0 0 0.102941 0.191176 0.161765 0.25 0.161765 0.117647 0 0 0 0 0 0 

2208 2204 1602 106 0 0.725953 0 0 0 0 0 0 0 0 0 0 0 0 0 0 0 0 0 0.0147059 0 0.0441176 0.0588235 0.0735294 0.117647 0.176471 0.264706 0.161765 0.0735294 0.0147059 0 0 0 0 0 

2208 2198 1602 92 0 0.727934 0 0 0 0 0 0 0 0 0 0 0 0 0 0 0 0 0 0 0 0.0294118 0.0147059 0.102941 0.147059 0.264706 0.235294 0.117647 0.0735294 0.0147059 0 0 0 0 0 

2208 2203 1602 92 0 0.726282 0 0 0 0 0 0 0 0 0 0 0 0 0 0 0 0 0 0 0 0.0294118 0.0294118 0.132353 0.147059 0.191176 0.264706 0.117647 0.0735294 0.0147059 0 0 0 0 0 

2208 2194 1602 86 0 0.729262 0 0 0 0 0 0 0 0 0 0 0 0 0 0 0 0 0 0 0 0.0294118 0.0588235 0.117647 0.0882353 0.147059 0.308824 0.161765 0.0735294 0.0147059 0 0 0 0 0 

