2208 2197 1602 94 0 0.728266 0 0 0 0 0 0 0 0 0 0 0 0 0 0 0 0 0 0 0 0.0294118 0.0588235 0.0882353 0.161765 0.191176 0.220588 0.102941 0.132353 0.0147059 0 0 0 0 0 

2208 2190 1602 98 0 0.730594 0 0 0 0 0 0 0 0 0 0 0 0 0 0 0 0 0 0 0 0 0.0588235 0.0735294 0.205882 0.191176 0.220588 0.117647 0.102941 0.0294118 0 0 0 0 0 

2208 2188 1602 82 0 0.731261 0 0 0 0 0 0 0 0 0 0 0 0 0 0 0 0 0 0.0147059 0 0.0147059 0.0882353 0.0441176 0.0882353 0.191176 0.25 0.235294 0.0441176 0.0294118 0 0 0 0 0 

2240 2223 1603 100 0 0.719748 0 0 0 0 0 0 0 0 0 0 0 0 0 0 0 0 0 0 0 0.0144928 0.057971 0.0724638 0.202899 0.231884 0.275362 0.115942 0.0289855 0 0 0 0 0 0 

2240 2215 1602 94 0 0.722348 0 0 0 0 0 0 0 0 0 0 0 0 0 0 0 0 0 0 0.0289855 0.0144928 0.057971 0.101449 0.144928 0.202899 0.202899 0.130435 0.0869565 0.0289855 0 0 0 0 0 

2240 2218 1603 103 0 0.721371 0 0 0 0 0 0 0 0 0 0 0 0 0 0 0 0 0 0.0144928 0 0.0144928 0.0434783 0.0724638 0.188406 0.217391 0.246377 0.15942 0.0434783 0 0 0 0 0 0 

2208 2188 1602 91 0 0.731261 0 0 0 0 0 0 0 0 0 0 0 0 0 0 0 0 0 0 0 0 0.0294118 0.132353 0.102941 0.220588 0.25 0.220588 0.0294118 0.0147059 0 0 0 0 0 

2240 2219 1603 99 0 0.721045 0 0 0 0 0 0 0 0 0 0 0 0 0 0 0 0 0 0 0 0.0289855 0.0434783 0.0869565 0.115942 0.289855 0.275362 0.144928 0.0144928 0 0 0 0 0 0 

2272 2243 1602 88 0 0.71333 0 0 0 0 0 0 0 0 0 0 0 0 0 0 0 0 0 0.0142857 0 0.0428571 0.0571429 0.0714286 0.114286 0.328571 0.257143 0.0857143 0.0142857 0.0142857 0 0 0 0 0 

2208 2192 1602 91 0 0.729927 0 0 0 0 0 0 0 0 0 0 0 0 0 0 0 0 0 0 0.0294118 0.0147059 0 0.0588235 0.147059 0.235294 0.338235 0.0882353 0.0735294 0.0147059 0 0 0 0 0 

