2240 2228 1602 95 0 0.718133 0 0 0 0 0 0 0 0 0 0 0 0 0 0 0 0 0 0.0289855 0 0.0289855 0.057971 0.0869565 0.188406 0.15942 0.231884 0.144928 0.057971 0.0144928 0 0 0 0 0 

2240 2218 1602 90 0 0.721371 0 0 0 0 0 0 0 0 0 0 0 0 0 0 0 0 0 0.0144928 0.0144928 0.0144928 0.057971 0.0724638 0.173913 0.202899 0.217391 0.144928 0.0724638 0.0144928 0 0 0 0 0 

2240 2229 1602 98 0 0.717811 0 0 0 0 0 0 0 0 0 0 0 0 0 0 0 0 0 0 0 0.0434783 0.0869565 0.057971 0.15942 0.289855 0.130435 0.202899 0.0289855 0 0 0 0 0 0 

2272 2260 1603 99 0 0.707965 0 0 0 0 0 0 0 0 0 0 0 0 0 0 0 0 0.0142857 0 0.0142857 0.0285714 0.0857143 0.0857143 0.2 0.257143 0.157143 0.114286 0.0285714 0.0142857 0 0 0 0 0 

2240 2214 1602 96 0 0.722674 0 0 0 0 0 0 0 0 0 0 0 0 0 0 0 0 0 0 0 0.0144928 0.057971 0.101449 0.15942 0.275362 0.15942 0.130435 0.101449 0 0 0 0 0 0 

2208 2203 1600 97 0 0.726282 0 0 0 0 0 0 0 0 0 0 0 0 0 0 0 0 0 0 0 0.0441176 0.0294118 0.117647 0.132353 0.191176 0.279412 0.117647 0.0735294 0.0147059 0 0 0 0 0 

2240 2216 1602 96 0 0.722022 0 0 0 0 0 0 0 0 0 0 0 0 0 0 0 0 0 0 0 0.0289855 0.0869565 0.057971 0.15942 0.275362 0.15942 0.144928 0.057971 0.0144928 0.0144928 0 0 0 0 

2208 2193 1603 100 0 0.729594 0 0 0 0 0 0 0 0 0 0 0 0 0 0 0 0 0 0 0 0 0.0441176 0.0735294 0.176471 0.264706 0.205882 0.147059 0.0735294 0.0147059 0 0 0 0 0 

2208 2192 1602 91 0 0.729927 0 0 0 0 0 0 0 0 0 0 0 0 0 0 0 0 0 0 0 0.0294118 0.0294118 0.0882353 0.161765 0.176471 0.294118 0.117647 0.0735294 0.0294118 0 0 0 0 0 

2240 2229 1603 104 0 0.717811 0 0 0 0 0 0 0 0 0 0 0 0 0 0 0 0 0 0 0 0.0289855 0.057971 0.173913 0.144928 0.202899 0.188406 0.115942 0.0724638 0 0.0144928 0 0 0 0 

