2208 2185 1602 92 0 0.732265 0 0 0 0 0 0 0 0 0 0 0 0 0 0 0 0 0 0 0 0 0.0441176 0.0588235 0.191176 0.205882 0.235294 0.191176 0.0441176 0.0294118 0 0 0 0 0 

2176 2171 1601 107 0 0.736988 0 0 0 0 0 0 0 0 0 0 0 0 0 0 0 0 0 0 0 0 0.0447761 0.0447761 0.179104 0.208955 0.223881 0.208955 0.0746269 0.0149254 0 0 0 0 0 

2208 2200 1603 103 0 0.727273 0 0 0 0 0 0 0 0 0 0 0 0 0 0 0 0 0 0.0147059 0 0.0147059 0.0735294 0.0588235 0.147059 0.235294 0.176471 0.161765 0.117647 0 0 0 0 0 0 

2208 2185 1602 98 0 0.732265 0 0 0 0 0 0 0 0 0 0 0 0 0 0 0 0 0 0 0.0147059 0.0294118 0.0294118 0.0147059 0.117647 0.279412 0.25 0.191176 0.0735294 0 0 0 0 0 0 

2208 2203 1601 94 0 0.726282 0 0 0 0 0 0 0 0 0 0 0 0 0 0 0 0 0 0 0.0147059 0.0147059 0.0735294 0.0882353 0.147059 0.25 0.132353 0.176471 0.0735294 0.0147059 0.0147059 0 0 0 0 

2208 2198 1602 97 0 0.727934 0 0 0 0 0 0 0 0 0 0 0 0 0 0 0 0 0 0 0.0294118 0.0147059 0.0588235 0.0735294 0.176471 0.161765 0.161765 0.205882 0.102941 0.0147059 0 0 0 0 0 

2208 2187 1603 100 0 0.731596 0 0 0 0 0 0 0 0 0 0 0 0 0 0 0 0 0 0 0.0147059 0 0.0294118 0.102941 0.147059 0.235294 0.176471 0.176471 0.102941 0 0 0.0147059 0 0 0 

2272 2259 1603 102 0 0.708278 0 0 0 0 0 0 0 0 0 0 0 0 0 0 0 0 0 0 0 0 0.1 0.214286 0.142857 0.257143 0.142857 0.0857143 0.0428571 0.0142857 0 0 0 0 0 

2208 2204 1600 94 0 0.725953 0 0 0 0 0 0 0 0 0 0 0 0 0 0 0 0 0 0 0 0.0294118 0.0735294 0.0735294 0.147059 0.147059 0.308824 0.191176 0.0294118 0 0 0 0 0 0 

2208 2192 1602 93 0 0.729927 0 0 0 0 0 0 0 0 0 0 0 0 0 0 0 0 0 0 0 0.0294118 0.0441176 0.0735294 0.220588 0.117647 0.205882 0.191176 0.117647 0 0 0 0 0 0 

