2208 2196 1602 93 0 0.728597 0 0 0 0 0 0 0 0 0 0 0 0 0 0 0 0 0 0 0 0.0147059 0.0294118 0.0882353 0.176471 0.264706 0.191176 0.132353 0.102941 0 0 0 0 0 0 

2240 2225 1603 101 0 0.719101 0 0 0 0 0 0 0 0 0 0 0 0 0 0 0 0 0 0 0 0.0144928 0.057971 0.15942 0.188406 0.202899 0.15942 0.0869565 0.130435 0 0 0 0 0 0 

2208 2190 1602 95 0 0.730594 0 0 0 0 0 0 0 0 0 0 0 0 0 0 0 0 0 0 0 0.0147059 0.0294118 0.117647 0.117647 0.235294 0.25 0.147059 0.0441176 0.0441176 0 0 0 0 0 

2240 2211 1602 95 0 0.723654 0 0 0 0 0 0 0 0 0 0 0 0 0 0 0 0 0 0 0 0.0289855 0.0289855 0.115942 0.173913 0.202899 0.173913 0.231884 0.0289855 0.0144928 0 0 0 0 0 

2208 2201 1602 96 0 0.726942 0 0 0 0 0 0 0 0 0 0 0 0 0 0 0 0 0 0 0.0147059 0.0147059 0.0735294 0.0882353 0.132353 0.191176 0.220588 0.176471 0.0735294 0.0147059 0 0 0 0 0 

2176 2166 1602 87 0 0.738689 0 0 0 0 0 0 0 0 0 0 0 0 0 0 0 0 0 0 0 0 0.0298507 0.0746269 0.119403 0.208955 0.268657 0.223881 0.0746269 0 0 0 0 0 0 

2208 2197 1600 96 0 0.728266 0 0 0 0 0 0 0 0 0 0 0 0 0 0 0 0 0 0 0 0.0441176 0.0294118 0.0441176 0.176471 0.264706 0.191176 0.161765 0.0882353 0 0 0 0 0 0 

2208 2200 1602 92 0 0.727273 0 0 0 0 0 0 0 0 0 0 0 0 0 0 0 0 0 0 0 0 0.0735294 0.0882353 0.161765 0.25 0.205882 0.132353 0.0588235 0.0294118 0 0 0 0 0 

2208 2196 1602 90 0 0.728597 0 0 0 0 0 0 0 0 0 0 0 0 0 0 0 0 0 0.0147059 0 0 0.0147059 0.102941 0.191176 0.176471 0.294118 0.117647 0.0882353 0 0 0 0 0 0 

2208 2201 1601 99 0 0.726942 0 0 0 0 0 0 0 0 0 0 0 0 0 0 0 0 0 0 0 0.0147059 0.0441176 0.0735294 0.176471 0.279412 0.220588 0.102941 0.0588235 0.0294118 0 0 0 0 0 

