2176 2169 1601 92 0 0.737667 0 0 0 0 0 0 0 0 0 0 0 0 0 0 0 0 0 0 0 0 0.0298507 0.0746269 0.179104 0.19403 0.223881 0.19403 0.0746269 0.0298507 0 0 0 0 0 

2240 2216 1603 106 0 0.722022 0 0 0 0 0 0 0 0 0 0 0 0 0 0 0 0 0 0 0.0144928 0.0289855 0.0869565 0.0434783 0.173913 0.217391 0.15942 0.173913 0.0869565 0.0144928 0 0 0 0 0 

2240 2225 1603 101 0 0.719101 0 0 0 0 0 0 0 0 0 0 0 0 0 0 0 0 0 0 0.0144928 0 0.0869565 0.130435 0.26087 0.0869565 0.115942 0.217391 0.057971 0.0289855 0 0 0 0 0 

2208 2189 1603 103 0 0.730927 0 0 0 0 0 0 0 0 0 0 0 0 0 0 0 0 0 0 0 0.0294118 0.0588235 0.0588235 0.132353 0.205882 0.235294 0.176471 0.0735294 0.0294118 0 0 0 0 0 

2208 2190 1602 92 0 0.730594 0 0 0 0 0 0 0 0 0 0 0 0 0 0 0 0 0 0 0.0147059 0 0.0294118 0.0882353 0.147059 0.25 0.235294 0.132353 0.0735294 0.0294118 0 0 0 0 0 

2240 2223 1602 96 0 0.719748 0 0 0 0 0 0 0 0 0 0 0 0 0 0 0 0 0 0 0 0 0.0869565 0.101449 0.144928 0.246377 0.289855 0.101449 0 0.0289855 0 0 0 0 0 

2208 2202 1600 96 0 0.726612 0 0 0 0 0 0 0 0 0 0 0 0 0 0 0 0 0 0 0 0.0147059 0.0441176 0.147059 0.132353 0.191176 0.279412 0.102941 0.0441176 0.0441176 0 0 0 0 0 

2240 2211 1602 97 0 0.723654 0 0 0 0 0 0 0 0 0 0 0 0 0 0 0 0 0 0 0 0.0289855 0.0434783 0.115942 0.101449 0.289855 0.188406 0.15942 0.0434783 0.0289855 0 0 0 0 0 

2208 2191 1602 97 0 0.73026 0 0 0 0 0 0 0 0 0 0 0 0 0 0 0 0 0 0 0.0147059 0.0294118 0.0588235 0.0588235 0.0882353 0.220588 0.279412 0.161765 0.0441176 0.0441176 0 0 0 0 0 

2240 2226 1602 95 0 0.718778 0 0 0 0 0 0 0 0 0 0 0 0 0 0 0 0 0 0.0144928 0.0144928 0 0.057971 0.173913 0.115942 0.217391 0.15942 0.173913 0.0434783 0.0289855 0 0 0 0 0 

