2208 2192 1602 96 0 0.729927 0 0 0 0 0 0 0 0 0 0 0 0 0 0 0 0 0 0 0 0 0.0588235 0.0441176 0.25 0.161765 0.220588 0.205882 0.0294118 0.0294118 0 0 0 0 0 

2272 2253 1602 96 0 0.710164 0 0 0 0 0 0 0 0 0 0 0 0 0 0 0 0 0 0.0142857 0.0285714 0.0285714 0.0428571 0.114286 0.2 0.228571 0.171429 0.0857143 0.0857143 0 0 0 0 0 0 

2208 2183 1603 100 0 0.732936 0 0 0 0 0 0 0 0 0 0 0 0 0 0 0 0 0 0 0.0147059 0.0147059 0.0147059 0.117647 0.117647 0.147059 0.264706 0.220588 0.0735294 0 0.0147059 0 0 0 0 

2240 2216 1602 95 0 0.722022 0 0 0 0 0 0 0 0 0 0 0 0 0 0 0 0 0 0 0.0144928 0.0144928 0.0434783 0.057971 0.15942 0.304348 0.231884 0.130435 0.0289855 0.0144928 0 0 0 0 0 

2208 2195 1602 93 0 0.728929 0 0 0 0 0 0 0 0 0 0 0 0 0 0 0 0 0 0 0.0147059 0.0147059 0.0147059 0.0735294 0.205882 0.220588 0.220588 0.117647 0.117647 0 0 0 0 0 0 

2240 2220 1602 90 0 0.720721 0 0 0 0 0 0 0 0 0 0 0 0 0 0 0 0 0 0 0 0.0144928 0.057971 0.101449 0.202899 0.231884 0.173913 0.173913 0.0144928 0.0289855 0 0 0 0 0 

2176 2170 1600 92 0 0.737327 0 0 0 0 0 0 0 0 0 0 0 0 0 0 0 0 0 0 0 0.0149254 0.0298507 0.0597015 0.149254 0.283582 0.179104 0.149254 0.0746269 0.0597015 0 0 0 0 0 

2240 2215 1602 91 0 0.722348 0 0 0 0 0 0 0 0 0 0 0 0 0 0 0 0 0 0 0.0144928 0 0.0434783 0.144928 0.15942 0.173913 0.26087 0.115942 0.0724638 0.0144928 0 0 0 0 0 

2240 2214 1602 95 0 0.722674 0 0 0 0 0 0 0 0 0 0 0 0 0 0 0 0 0 0 0 0.0289855 0.057971 0.15942 0.101449 0.173913 0.217391 0.173913 0.0724638 0.0144928 0 0 0 0 0 

2208 2181 1602 91 0 0.733608 0 0 0 0 0 0 0 0 0 0 0 0 0 0 0 0 0 0 0 0.0147059 0.0588235 0.0441176 0.147059 0.264706 0.161765 0.191176 0.0588235 0.0588235 0 0 0 0 0 

