2240 2224 1602 97 0 0.719424 0 0 0 0 0 0 0 0 0 0 0 0 0 0 0 0 0 0 0 0.0434783 0.057971 0.101449 0.15942 0.231884 0.188406 0.144928 0.0724638 0 0 0 0 0 0 

2240 2219 1603 100 0 0.721045 0 0 0 0 0 0 0 0 0 0 0 0 0 0 0 0 0 0 0.0144928 0.0289855 0.0724638 0.0724638 0.15942 0.15942 0.26087 0.188406 0.0289855 0.0144928 0 0 0 0 0 

2176 2169 1600 98 0 0.737667 0 0 0 0 0 0 0 0 0 0 0 0 0 0 0 0 0 0 0 0.0149254 0.0298507 0.0746269 0.119403 0.223881 0.253731 0.164179 0.104478 0.0149254 0 0 0 0 0 

2208 2192 1602 82 0 0.729927 0 0 0 0 0 0 0 0 0 0 0 0 0 0 0 0 0 0 0.0294118 0.0147059 0.0294118 0.102941 0.161765 0.161765 0.191176 0.176471 0.0882353 0.0441176 0 0 0 0 0 

2240 2211 1602 93 0 0.723654 0 0 0 0 0 0 0 0 0 0 0 0 0 0 0 0 0 0 0.0144928 0.0144928 0.0434783 0.101449 0.130435 0.217391 0.26087 0.144928 0.0724638 0 0 0 0 0 0 

2208 2195 1602 87 0 0.728929 0 0 0 0 0 0 0 0 0 0 0 0 0 0 0 0 0 0.0147059 0.0294118 0 0.0441176 0.0588235 0.147059 0.220588 0.220588 0.132353 0.102941 0.0294118 0 0 0 0 0 

2208 2184 1602 96 0 0.732601 0 0 0 0 0 0 0 0 0 0 0 0 0 0 0 0 0 0 0.0147059 0.0147059 0.0147059 0.102941 0.117647 0.205882 0.205882 0.264706 0.0294118 0.0294118 0 0 0 0 0 

2208 2192 1602 93 0 0.729927 0 0 0 0 0 0 0 0 0 0 0 0 0 0 0 0 0 0 0 0.0441176 0.0441176 0.102941 0.0735294 0.205882 0.25 0.176471 0.102941 0 0 0 0 0 0 

2272 2244 1602 92 0 0.713012 0 0 0 0 0 0 0 0 0 0 0 0 0 0 0 0 0 0.0142857 0 0.0285714 0.0285714 0.171429 0.157143 0.242857 0.185714 0.1 0.0571429 0.0142857 0 0 0 0 0 

2240 2218 1603 107 0 0.721371 0 0 0 0 0 0 0 0 0 0 0 0 0 0 0 0 0 0.0144928 0.0144928 0.0289855 0.0869565 0.0289855 0.144928 0.231884 0.188406 0.173913 0.0724638 0 0.0144928 0 0 0 0 

