2240 2225 1602 92 0 0.719101 0 0 0 0 0 0 0 0 0 0 0 0 0 0 0 0 0 0 0.0144928 0 0.0434783 0.130435 0.231884 0.188406 0.188406 0.130435 0.0724638 0 0 0 0 0 0 

2208 2203 1601 102 0 0.726282 0 0 0 0 0 0 0 0 0 0 0 0 0 0 0 0 0 0 0.0147059 0 0.0147059 0.0735294 0.191176 0.367647 0.117647 0.161765 0.0441176 0.0147059 0 0 0 0 0 

2272 2246 1603 110 0 0.712378 0 0 0 0 0 0 0 0 0 0 0 0 0 0 0 0 0 0.0142857 0 0.0428571 0.0714286 0.1 0.157143 0.2 0.257143 0.0857143 0.0714286 0 0 0 0 0 0 

2272 2244 1602 92 0 0.713012 0 0 0 0 0 0 0 0 0 0 0 0 0 0 0 0 0 0 0.0285714 0.0142857 0.0285714 0.142857 0.157143 0.271429 0.214286 0.0857143 0.0571429 0 0 0 0 0 0 

2240 2218 1602 98 0 0.721371 0 0 0 0 0 0 0 0 0 0 0 0 0 0 0 0 0.0144928 0 0.0144928 0 0.057971 0.0724638 0.231884 0.0869565 0.333333 0.115942 0.057971 0.0144928 0 0 0 0 0 

2208 2199 1602 84 0 0.727603 0 0 0 0 0 0 0 0 0 0 0 0 0 0 0 0 0 0 0.0147059 0.0147059 0.0441176 0.117647 0.102941 0.205882 0.25 0.176471 0.0735294 0 0 0 0 0 0 

2272 2247 1602 91 0 0.712061 0 0 0 0 0 0 0 0 0 0 0 0 0 0 0 0 0 0 0.0142857 0.0142857 0.0571429 0.114286 0.2 0.3 0.1 0.185714 0.0142857 0 0 0 0 0 0 

2240 2220 1603 105 0 0.720721 0 0 0 0 0 0 0 0 0 0 0 0 0 0 0 0 0 0 0 0.0144928 0.0289855 0.130435 0.231884 0.188406 0.188406 0.144928 0.0724638 0 0 0 0 0 0 

2240 2232 1601 96 0 0.716846 0 0 0 0 0 0 0 0 0 0 0 0 0 0 0 0 0 0.0289855 0 0 0.0434783 0.115942 0.231884 0.173913 0.275362 0.0434783 0.0724638 0.0144928 0 0 0 0 0 

2240 2218 1602 95 0 0.721371 0 0 0 0 0 0 0 0 0 0 0 0 0 0 0 0 0 0 0 0.0144928 0.0869565 0.130435 0.130435 0.246377 0.130435 0.15942 0.0724638 0.0289855 0 0 0 0 0 

