2208 2186 1602 97 0 0.73193 0 0 0 0 0 0 0 0 0 0 0 0 0 0 0 0 0 0 0 0 0.0588235 0.0735294 0.102941 0.294118 0.25 0.132353 0.0588235 0.0147059 0 0.0147059 0 0 0 

2208 2194 1602 88 0 0.729262 0 0 0 0 0 0 0 0 0 0 0 0 0 0 0 0 0.0147059 0 0 0 0.0588235 0.0882353 0.102941 0.235294 0.235294 0.191176 0.0588235 0.0147059 0 0 0 0 0 

2272 2244 1602 92 0 0.713012 0 0 0 0 0 0 0 0 0 0 0 0 0 0 0 0 0 0.0142857 0.0142857 0.0285714 0 0.157143 0.185714 0.185714 0.285714 0.0714286 0.0571429 0 0 0 0 0 0 

2272 2251 1603 105 0 0.710795 0 0 0 0 0 0 0 0 0 0 0 0 0 0 0 0 0 0 0 0.0142857 0.0714286 0.171429 0.2 0.2 0.2 0.0857143 0.0428571 0.0142857 0 0 0 0 0 

2208 2196 1602 91 0 0.728597 0 0 0 0 0 0 0 0 0 0 0 0 0 0 0 0 0 0 0 0.0147059 0.0441176 0.0441176 0.176471 0.264706 0.25 0.147059 0.0588235 0 0 0 0 0 0 

2208 2181 1602 89 0 0.733608 0 0 0 0 0 0 0 0 0 0 0 0 0 0 0 0 0 0 0 0 0.0147059 0.0735294 0.117647 0.338235 0.205882 0.176471 0.0588235 0.0147059 0 0 0 0 0 

2208 2186 1602 93 0 0.73193 0 0 0 0 0 0 0 0 0 0 0 0 0 0 0 0 0 0 0 0.0147059 0 0.102941 0.147059 0.205882 0.308824 0.147059 0.0735294 0 0 0 0 0 0 

2240 2229 1602 98 0 0.717811 0 0 0 0 0 0 0 0 0 0 0 0 0 0 0 0 0 0 0 0.0144928 0.0724638 0.115942 0.188406 0.275362 0.15942 0.0869565 0.0724638 0.0144928 0 0 0 0 0 

2208 2192 1602 90 0 0.729927 0 0 0 0 0 0 0 0 0 0 0 0 0 0 0 0 0 0 0.0147059 0 0.0294118 0.102941 0.147059 0.205882 0.220588 0.220588 0.0588235 0 0 0 0 0 0 

2240 2228 1602 98 0 0.718133 0 0 0 0 0 0 0 0 0 0 0 0 0 0 0 0 0 0 0 0.0724638 0.0289855 0.115942 0.173913 0.231884 0.144928 0.15942 0.0434783 0.0289855 0 0 0 0 0 

