2240 2221 1602 97 0 0.720396 0 0 0 0 0 0 0 0 0 0 0 0 0 0 0 0 0 0 0 0.0144928 0.0724638 0.101449 0.173913 0.246377 0.202899 0.144928 0 0.0289855 0.0144928 0 0 0 0 

2208 2188 1602 85 0 0.731261 0 0 0 0 0 0 0 0 0 0 0 0 0 0 0 0 0 0 0 0.0147059 0.0735294 0.0588235 0.147059 0.25 0.176471 0.132353 0.102941 0.0441176 0 0 0 0 0 

2208 2199 1603 99 0 0.727603 0 0 0 0 0 0 0 0 0 0 0 0 0 0 0 0 0 0 0.0147059 0.0294118 0 0.102941 0.147059 0.25 0.235294 0.132353 0.0735294 0.0147059 0 0 0 0 0 

2240 2226 1603 104 0 0.718778 0 0 0 0 0 0 0 0 0 0 0 0 0 0 0 0 0 0 0.0144928 0.0289855 0.0289855 0.144928 0.130435 0.275362 0.144928 0.173913 0.057971 0 0 0 0 0 0 

2208 2195 1602 95 0 0.728929 0 0 0 0 0 0 0 0 0 0 0 0 0 0 0 0 0 0 0 0.0294118 0.0294118 0.147059 0.147059 0.191176 0.161765 0.147059 0.117647 0.0294118 0 0 0 0 0 

2208 2182 1602 82 0 0.733272 0 0 0 0 0 0 0 0 0 0 0 0 0 0 0 0 0 0.0147059 0.0147059 0 0.0441176 0.0588235 0.132353 0.220588 0.191176 0.191176 0.102941 0.0147059 0.0147059 0 0 0 0 

2208 2195 1602 92 0 0.728929 0 0 0 0 0 0 0 0 0 0 0 0 0 0 0 0 0 0 0 0.0147059 0.0441176 0.0441176 0.191176 0.25 0.205882 0.205882 0.0441176 0 0 0 0 0 0 

2208 2201 1602 92 0 0.726942 0 0 0 0 0 0 0 0 0 0 0 0 0 0 0 0 0 0 0.0147059 0.0294118 0.0441176 0.0735294 0.176471 0.191176 0.176471 0.25 0.0294118 0 0.0147059 0 0 0 0 

2208 2200 1602 92 0 0.727273 0 0 0 0 0 0 0 0 0 0 0 0 0 0 0 0 0 0.0147059 0 0.0147059 0.0441176 0.0588235 0.191176 0.176471 0.279412 0.147059 0.0735294 0 0 0 0 0 0 

2240 2228 1602 90 0 0.718133 0 0 0 0 0 0 0 0 0 0 0 0 0 0 0 0 0 0 0.0144928 0.0144928 0.0434783 0.115942 0.231884 0.15942 0.231884 0.15942 0.0144928 0.0144928 0 0 0 0 0 

