2208 2184 1602 90 0 0.732601 0 0 0 0 0 0 0 0 0 0 0 0 0 0 0 0 0 0 0 0 0.0147059 0.102941 0.176471 0.25 0.161765 0.220588 0.0441176 0.0147059 0.0147059 0 0 0 0 

2240 2218 1602 98 0 0.721371 0 0 0 0 0 0 0 0 0 0 0 0 0 0 0 0 0 0 0.0144928 0.0434783 0.057971 0.0869565 0.0724638 0.275362 0.231884 0.15942 0.0434783 0.0144928 0 0 0 0 0 

2208 2197 1603 102 0 0.728266 0 0 0 0 0 0 0 0 0 0 0 0 0 0 0 0 0 0 0.0441176 0 0.0147059 0.102941 0.176471 0.147059 0.264706 0.161765 0.0441176 0.0294118 0.0147059 0 0 0 0 

2176 2169 1603 102 0 0.737667 0 0 0 0 0 0 0 0 0 0 0 0 0 0 0 0 0 0 0 0.0149254 0.0447761 0.0895522 0.179104 0.149254 0.164179 0.179104 0.134328 0.0447761 0 0 0 0 0 

2208 2200 1600 90 0 0.727273 0 0 0 0 0 0 0 0 0 0 0 0 0 0 0 0 0.0147059 0 0.0147059 0.0441176 0.0441176 0.0588235 0.147059 0.147059 0.191176 0.25 0.0882353 0 0 0 0 0 0 

2240 2232 1602 90 0 0.716846 0 0 0 0 0 0 0 0 0 0 0 0 0 0 0 0 0 0 0.0144928 0.0289855 0.057971 0.101449 0.202899 0.15942 0.275362 0.130435 0.0144928 0.0144928 0 0 0 0 0 

2240 2217 1603 102 0 0.721696 0 0 0 0 0 0 0 0 0 0 0 0 0 0 0 0 0 0 0 0.0434783 0.0144928 0.101449 0.217391 0.15942 0.246377 0.173913 0.0289855 0.0144928 0 0 0 0 0 

2240 2220 1603 100 0 0.720721 0 0 0 0 0 0 0 0 0 0 0 0 0 0 0 0 0 0 0.0289855 0.0434783 0.0144928 0.115942 0.130435 0.231884 0.217391 0.115942 0.0869565 0 0.0144928 0 0 0 0 

2208 2192 1602 89 0 0.729927 0 0 0 0 0 0 0 0 0 0 0 0 0 0 0 0 0 0 0 0 0.0147059 0.132353 0.220588 0.205882 0.161765 0.132353 0.102941 0.0294118 0 0 0 0 0 

2272 2245 1602 97 0 0.712695 0 0 0 0 0 0 0 0 0 0 0 0 0 0 0 0 0 0 0 0.0142857 0.0714286 0.0857143 0.3 0.157143 0.228571 0.1 0.0428571 0 0 0 0 0 0 

