2208 2184 1602 98 0 0.732601 0 0 0 0 0 0 0 0 0 0 0 0 0 0 0 0 0 0 0 0.0294118 0.0294118 0.0588235 0.117647 0.25 0.264706 0.161765 0.0588235 0.0294118 0 0 0 0 0 

2208 2201 1600 91 0 0.726942 0 0 0 0 0 0 0 0 0 0 0 0 0 0 0 0 0 0 0 0 0.0735294 0.147059 0.147059 0.117647 0.264706 0.191176 0.0294118 0.0294118 0 0 0 0 0 

2208 2179 1602 93 0 0.734282 0 0 0 0 0 0 0 0 0 0 0 0 0 0 0 0 0 0 0 0.0147059 0.0294118 0.0882353 0.102941 0.235294 0.205882 0.25 0.0588235 0.0147059 0 0 0 0 0 

2208 2181 1602 97 0 0.733608 0 0 0 0 0 0 0 0 0 0 0 0 0 0 0 0 0 0 0 0 0.0441176 0.0735294 0.147059 0.264706 0.132353 0.25 0.0735294 0.0147059 0 0 0 0 0 

2240 2211 1602 98 0 0.723654 0 0 0 0 0 0 0 0 0 0 0 0 0 0 0 0 0 0 0 0 0.101449 0.130435 0.130435 0.144928 0.26087 0.130435 0.0724638 0.0144928 0.0144928 0 0 0 0 

2240 2232 1601 92 0 0.716846 0 0 0 0 0 0 0 0 0 0 0 0 0 0 0 0 0 0.0144928 0.0144928 0.0144928 0.057971 0.0869565 0.217391 0.202899 0.217391 0.0869565 0.0869565 0 0 0 0 0 0 

2240 2219 1602 98 0 0.721045 0 0 0 0 0 0 0 0 0 0 0 0 0 0 0 0 0 0.0144928 0 0 0.0724638 0.115942 0.188406 0.202899 0.15942 0.144928 0.0724638 0.0289855 0 0 0 0 0 

2208 2195 1602 95 0 0.728929 0 0 0 0 0 0 0 0 0 0 0 0 0 0 0 0 0 0 0 0.0147059 0.0294118 0.102941 0.117647 0.279412 0.220588 0.176471 0.0588235 0 0 0 0 0 0 

2208 2180 1602 92 0 0.733945 0 0 0 0 0 0 0 0 0 0 0 0 0 0 0 0 0 0 0.0147059 0 0.0294118 0.0441176 0.132353 0.25 0.264706 0.191176 0.0588235 0.0147059 0 0 0 0 0 

2208 2190 1602 89 0 0.730594 0 0 0 0 0 0 0 0 0 0 0 0 0 0 0 0 0 0 0 0.0147059 0.0294118 0.0882353 0.176471 0.191176 0.235294 0.176471 0.0882353 0 0 0 0 0 0 

