2208 2189 1603 106 0 0.730927 0 0 0 0 0 0 0 0 0 0 0 0 0 0 0 0 0 0 0.0147059 0.0294118 0.0294118 0.102941 0.0882353 0.25 0.191176 0.176471 0.0735294 0.0294118 0.0147059 0 0 0 0 

2208 2194 1602 94 0 0.729262 0 0 0 0 0 0 0 0 0 0 0 0 0 0 0 0 0 0 0 0 0.0294118 0.147059 0.147059 0.161765 0.294118 0.147059 0.0588235 0.0147059 0 0 0 0 0 

2208 2197 1602 94 0 0.728266 0 0 0 0 0 0 0 0 0 0 0 0 0 0 0 0 0 0 0 0.0147059 0.0441176 0.102941 0.147059 0.25 0.205882 0.147059 0.0588235 0.0294118 0 0 0 0 0 

2272 2254 1603 106 0 0.709849 0 0 0 0 0 0 0 0 0 0 0 0 0 0 0 0 0 0 0.0285714 0.0142857 0.0428571 0.128571 0.2 0.228571 0.257143 0.0714286 0.0285714 0 0 0 0 0 0 

2208 2191 1602 88 0 0.73026 0 0 0 0 0 0 0 0 0 0 0 0 0 0 0 0 0 0 0.0147059 0 0.0735294 0.0882353 0.117647 0.205882 0.235294 0.132353 0.102941 0.0294118 0 0 0 0 0 

2208 2201 1601 87 0 0.726942 0 0 0 0 0 0 0 0 0 0 0 0 0 0 0 0 0 0 0.0147059 0.0147059 0.0294118 0.0735294 0.220588 0.220588 0.191176 0.147059 0.0735294 0 0.0147059 0 0 0 0 

2240 2222 1602 85 0 0.720072 0 0 0 0 0 0 0 0 0 0 0 0 0 0 0 0 0.0144928 0 0 0.0289855 0.0434783 0.057971 0.173913 0.217391 0.304348 0.130435 0.0289855 0 0 0 0 0 0 

2240 2232 1602 98 0 0.716846 0 0 0 0 0 0 0 0 0 0 0 0 0 0 0 0 0 0 0.0289855 0 0.0434783 0.188406 0.15942 0.188406 0.173913 0.173913 0.0289855 0 0.0144928 0 0 0 0 

2240 2213 1602 88 0 0.723 0 0 0 0 0 0 0 0 0 0 0 0 0 0 0 0 0 0 0 0.0289855 0.0434783 0.0869565 0.173913 0.246377 0.202899 0.130435 0.0724638 0.0144928 0 0 0 0 0 

2240 2212 1603 104 0 0.723327 0 0 0 0 0 0 0 0 0 0 0 0 0 0 0 0 0 0 0.0144928 0.0144928 0.0434783 0.144928 0.115942 0.188406 0.231884 0.144928 0.0869565 0.0144928 0 0 0 0 0 

