2176 2168 1601 95 0 0.738007 0 0 0 0 0 0 0 0 0 0 0 0 0 0 0 0 0 0 0.0149254 0 0.0746269 0.0447761 0.119403 0.179104 0.238806 0.19403 0.104478 0.0298507 0 0 0 0 0 

2240 2225 1603 100 0 0.719101 0 0 0 0 0 0 0 0 0 0 0 0 0 0 0 0 0 0 0 0 0.0724638 0.115942 0.202899 0.26087 0.173913 0.0869565 0.057971 0.0289855 0 0 0 0 0 

2208 2187 1603 105 0 0.731596 0 0 0 0 0 0 0 0 0 0 0 0 0 0 0 0 0 0 0 0.0147059 0.0147059 0.0441176 0.147059 0.25 0.352941 0.147059 0.0147059 0.0147059 0 0 0 0 0 

2240 2230 1603 104 0 0.717489 0 0 0 0 0 0 0 0 0 0 0 0 0 0 0 0 0 0 0.0434783 0.057971 0.0434783 0.0724638 0.188406 0.130435 0.217391 0.130435 0.115942 0 0 0 0 0 0 

2240 2217 1602 91 0 0.721696 0 0 0 0 0 0 0 0 0 0 0 0 0 0 0 0 0 0.0144928 0 0.0144928 0.0289855 0.0869565 0.202899 0.246377 0.217391 0.101449 0.0724638 0.0144928 0 0 0 0 0 

2208 2198 1602 82 0 0.727934 0 0 0 0 0 0 0 0 0 0 0 0 0 0 0 0 0 0 0 0.0441176 0.0588235 0.102941 0.102941 0.176471 0.279412 0.117647 0.0882353 0.0294118 0 0 0 0 0 

2208 2195 1602 84 0 0.728929 0 0 0 0 0 0 0 0 0 0 0 0 0 0 0 0 0 0 0 0.0147059 0.0588235 0.0735294 0.176471 0.235294 0.205882 0.102941 0.102941 0.0294118 0 0 0 0 0 

2208 2200 1601 87 0 0.727273 0 0 0 0 0 0 0 0 0 0 0 0 0 0 0 0 0 0 0 0 0.0735294 0.0441176 0.176471 0.25 0.264706 0.161765 0.0147059 0.0147059 0 0 0 0 0 

2208 2200 1601 106 0 0.727273 0 0 0 0 0 0 0 0 0 0 0 0 0 0 0 0 0 0 0 0.0147059 0.0882353 0.0882353 0.132353 0.176471 0.264706 0.132353 0.0882353 0.0147059 0 0 0 0 0 

2208 2181 1602 89 0 0.733608 0 0 0 0 0 0 0 0 0 0 0 0 0 0 0 0 0 0 0 0 0.0147059 0.0294118 0.220588 0.235294 0.308824 0.0882353 0.0882353 0.0147059 0 0 0 0 0 

