2240 2232 1602 100 0 0.716846 0 0 0 0 0 0 0 0 0 0 0 0 0 0 0 0 0 0 0 0.0144928 0.0869565 0.130435 0.188406 0.144928 0.26087 0.144928 0.0144928 0.0144928 0 0 0 0 0 

2240 2216 1603 99 0 0.722022 0 0 0 0 0 0 0 0 0 0 0 0 0 0 0 0 0 0 0 0.0289855 0.057971 0.101449 0.101449 0.231884 0.289855 0.144928 0.0434783 0 0 0 0 0 0 

2208 2182 1602 96 0 0.733272 0 0 0 0 0 0 0 0 0 0 0 0 0 0 0 0 0 0 0 0 0.0441176 0.0735294 0.205882 0.161765 0.220588 0.191176 0.0735294 0.0147059 0.0147059 0 0 0 0 

2240 2216 1603 105 0 0.722022 0 0 0 0 0 0 0 0 0 0 0 0 0 0 0 0 0 0 0.0144928 0.0144928 0.057971 0.0434783 0.217391 0.217391 0.231884 0.130435 0.057971 0.0144928 0 0 0 0 0 

2240 2214 1602 98 0 0.722674 0 0 0 0 0 0 0 0 0 0 0 0 0 0 0 0 0 0 0.0144928 0 0.0434783 0.15942 0.115942 0.231884 0.15942 0.217391 0.057971 0 0 0 0 0 0 

2208 2188 1602 93 0 0.731261 0 0 0 0 0 0 0 0 0 0 0 0 0 0 0 0 0 0 0 0 0.0147059 0.0735294 0.220588 0.235294 0.220588 0.147059 0.0735294 0.0147059 0 0 0 0 0 

2240 2228 1602 88 0 0.718133 0 0 0 0 0 0 0 0 0 0 0 0 0 0 0 0 0 0 0 0.0289855 0.0289855 0.144928 0.188406 0.231884 0.188406 0.144928 0.0434783 0 0 0 0 0 0 

2176 2157 1602 89 0 0.741771 0 0 0 0 0 0 0 0 0 0 0 0 0 0 0 0 0 0 0 0 0.0149254 0.0895522 0.104478 0.223881 0.208955 0.253731 0.0895522 0.0149254 0 0 0 0 0 

2176 2172 1601 99 0 0.736648 0 0 0 0 0 0 0 0 0 0 0 0 0 0 0 0 0 0 0.0149254 0 0.0447761 0.0597015 0.134328 0.134328 0.358209 0.149254 0.104478 0 0 0 0 0 0 

2208 2202 1602 85 0 0.726612 0 0 0 0 0 0 0 0 0 0 0 0 0 0 0 0 0 0 0 0.0294118 0.0882353 0.102941 0.161765 0.117647 0.235294 0.176471 0.0294118 0.0441176 0.0147059 0 0 0 0 

