2208 2193 1602 91 0 0.729594 0 0 0 0 0 0 0 0 0 0 0 0 0 0 0 0 0 0 0 0.0294118 0.0294118 0.0735294 0.0882353 0.279412 0.294118 0.161765 0.0441176 0 0 0 0 0 0 

2208 2182 1603 101 0 0.733272 0 0 0 0 0 0 0 0 0 0 0 0 0 0 0 0 0 0 0 0.0147059 0.0441176 0.0882353 0.161765 0.176471 0.161765 0.235294 0.0882353 0.0294118 0 0 0 0 0 

2240 2211 1602 93 0 0.723654 0 0 0 0 0 0 0 0 0 0 0 0 0 0 0 0 0 0 0.0144928 0 0.057971 0.130435 0.101449 0.26087 0.173913 0.188406 0.057971 0.0144928 0 0 0 0 0 

2208 2189 1602 91 0 0.730927 0 0 0 0 0 0 0 0 0 0 0 0 0 0 0 0 0 0 0.0147059 0 0.0441176 0.0735294 0.147059 0.176471 0.352941 0.0735294 0.102941 0.0147059 0 0 0 0 0 

2176 2161 1602 90 0 0.740398 0 0 0 0 0 0 0 0 0 0 0 0 0 0 0 0 0 0 0 0 0.0298507 0.0895522 0.0895522 0.223881 0.268657 0.164179 0.119403 0.0149254 0 0 0 0 0 

2208 2189 1602 93 0 0.730927 0 0 0 0 0 0 0 0 0 0 0 0 0 0 0 0 0 0 0.0147059 0 0.0147059 0.0588235 0.176471 0.205882 0.323529 0.161765 0.0441176 0 0 0 0 0 0 

2208 2180 1603 99 0 0.733945 0 0 0 0 0 0 0 0 0 0 0 0 0 0 0 0 0 0 0 0.0147059 0.0588235 0.0441176 0.102941 0.323529 0.102941 0.235294 0.102941 0.0147059 0 0 0 0 0 

2240 2214 1603 103 0 0.722674 0 0 0 0 0 0 0 0 0 0 0 0 0 0 0 0 0 0 0.0144928 0.0144928 0 0.115942 0.188406 0.246377 0.217391 0.144928 0.0434783 0.0144928 0 0 0 0 0 

2240 2211 1602 98 0 0.723654 0 0 0 0 0 0 0 0 0 0 0 0 0 0 0 0 0 0 0.0144928 0.0144928 0.0724638 0.057971 0.173913 0.188406 0.217391 0.188406 0.0724638 0 0 0 0 0 0 

2208 2182 1602 98 0 0.733272 0 0 0 0 0 0 0 0 0 0 0 0 0 0 0 0 0 0.0147059 0 0.0147059 0.0441176 0.0735294 0.0882353 0.205882 0.25 0.191176 0.117647 0 0 0 0 0 0 

