2208 2199 1603 105 0 0.727603 0 0 0 0 0 0 0 0 0 0 0 0 0 0 0 0 0 0.0147059 0 0.0147059 0.0882353 0.0441176 0.191176 0.176471 0.176471 0.161765 0.102941 0.0294118 0 0 0 0 0 

2240 2217 1603 102 0 0.721696 0 0 0 0 0 0 0 0 0 0 0 0 0 0 0 0 0 0 0 0.0289855 0.0724638 0.057971 0.246377 0.188406 0.173913 0.101449 0.101449 0.0289855 0 0 0 0 0 

2240 2216 1603 99 0 0.722022 0 0 0 0 0 0 0 0 0 0 0 0 0 0 0 0 0 0.0144928 0 0.0144928 0.0289855 0.0724638 0.217391 0.231884 0.202899 0.144928 0.0724638 0 0 0 0 0 0 

2208 2187 1602 93 0 0.731596 0 0 0 0 0 0 0 0 0 0 0 0 0 0 0 0 0 0 0 0 0.0588235 0.0294118 0.205882 0.205882 0.308824 0.0882353 0.0588235 0.0441176 0 0 0 0 0 

2208 2193 1602 96 0 0.729594 0 0 0 0 0 0 0 0 0 0 0 0 0 0 0 0 0 0 0 0.0147059 0.0588235 0.0882353 0.161765 0.147059 0.294118 0.132353 0.0882353 0.0147059 0 0 0 0 0 

2208 2198 1602 89 0 0.727934 0 0 0 0 0 0 0 0 0 0 0 0 0 0 0 0 0 0 0 0.0441176 0.0735294 0.0588235 0.161765 0.147059 0.25 0.176471 0.0441176 0.0441176 0 0 0 0 0 

2240 2218 1602 94 0 0.721371 0 0 0 0 0 0 0 0 0 0 0 0 0 0 0 0 0 0 0 0.0289855 0.057971 0.115942 0.130435 0.231884 0.217391 0.144928 0.0724638 0 0 0 0 0 0 

2208 2197 1602 90 0 0.728266 0 0 0 0 0 0 0 0 0 0 0 0 0 0 0 0 0 0.0147059 0 0 0.0882353 0.102941 0.117647 0.147059 0.264706 0.176471 0.0441176 0.0441176 0 0 0 0 0 

2208 2197 1602 88 0 0.728266 0 0 0 0 0 0 0 0 0 0 0 0 0 0 0 0 0 0.0147059 0.0147059 0.0147059 0.0588235 0.0882353 0.102941 0.220588 0.191176 0.147059 0.147059 0 0 0 0 0 0 

2208 2200 1602 89 0 0.727273 0 0 0 0 0 0 0 0 0 0 0 0 0 0 0 0 0.0147059 0 0 0 0.0294118 0.117647 0.161765 0.279412 0.161765 0.102941 0.102941 0.0294118 0 0 0 0 0 

