2208 2199 1602 90 0 0.727603 0 0 0 0 0 0 0 0 0 0 0 0 0 0 0 0 0 0 0 0.0294118 0.0588235 0.0882353 0.117647 0.235294 0.25 0.132353 0.0588235 0.0294118 0 0 0 0 0 

2208 2194 1602 89 0 0.729262 0 0 0 0 0 0 0 0 0 0 0 0 0 0 0 0 0 0 0 0.0147059 0.0588235 0.0588235 0.132353 0.294118 0.176471 0.205882 0.0441176 0.0147059 0 0 0 0 0 

2240 2216 1602 90 0 0.722022 0 0 0 0 0 0 0 0 0 0 0 0 0 0 0 0 0 0.0144928 0 0 0.0434783 0.0144928 0.246377 0.26087 0.289855 0.0869565 0.0434783 0 0 0 0 0 0 

2208 2186 1602 96 0 0.73193 0 0 0 0 0 0 0 0 0 0 0 0 0 0 0 0 0 0 0.0147059 0.0147059 0.0441176 0.0735294 0.235294 0.0735294 0.235294 0.147059 0.132353 0.0147059 0.0147059 0 0 0 0 

2176 2161 1602 90 0 0.740398 0 0 0 0 0 0 0 0 0 0 0 0 0 0 0 0 0 0 0 0 0.0149254 0.104478 0.164179 0.149254 0.19403 0.268657 0.0746269 0.0298507 0 0 0 0 0 

2240 2221 1603 102 0 0.720396 0 0 0 0 0 0 0 0 0 0 0 0 0 0 0 0 0 0 0.0144928 0.0289855 0.057971 0.101449 0.202899 0.15942 0.217391 0.101449 0.0724638 0.0434783 0 0 0 0 0 

2176 2164 1602 88 0 0.739372 0 0 0 0 0 0 0 0 0 0 0 0 0 0 0 0 0 0 0 0 0.0298507 0.0597015 0.0895522 0.268657 0.328358 0.104478 0.104478 0.0149254 0 0 0 0 0 

2240 2213 1602 94 0 0.723 0 0 0 0 0 0 0 0 0 0 0 0 0 0 0 0 0 0 0 0.0289855 0.0289855 0.057971 0.188406 0.275362 0.231884 0.15942 0.0144928 0.0144928 0 0 0 0 0 

2208 2187 1602 94 0 0.731596 0 0 0 0 0 0 0 0 0 0 0 0 0 0 0 0 0 0 0 0 0.0441176 0.0735294 0.220588 0.161765 0.191176 0.235294 0.0588235 0.0147059 0 0 0 0 0 

2240 2229 1602 94 0 0.717811 0 0 0 0 0 0 0 0 0 0 0 0 0 0 0 0 0 0 0 0.0434783 0.057971 0.101449 0.115942 0.304348 0.217391 0.115942 0.0434783 0 0 0 0 0 0 

