2240 2227 1602 98 0 0.718455 0 0 0 0 0 0 0 0 0 0 0 0 0 0 0 0 0 0.0144928 0.0434783 0.0434783 0.0289855 0.0434783 0.115942 0.26087 0.246377 0.144928 0.057971 0 0 0 0 0 0 

2208 2188 1602 89 0 0.731261 0 0 0 0 0 0 0 0 0 0 0 0 0 0 0 0 0 0 0 0 0.0147059 0.102941 0.220588 0.147059 0.264706 0.176471 0.0588235 0.0147059 0 0 0 0 0 

2272 2243 1602 92 0 0.71333 0 0 0 0 0 0 0 0 0 0 0 0 0 0 0 0.0142857 0 0 0 0.0142857 0.0571429 0.171429 0.128571 0.214286 0.2 0.142857 0.0571429 0 0 0 0 0 0 

2240 2228 1603 106 0 0.718133 0 0 0 0 0 0 0 0 0 0 0 0 0 0 0 0 0 0.0144928 0 0.0289855 0.0724638 0.130435 0.101449 0.188406 0.246377 0.173913 0.0434783 0 0 0 0 0 0 

2240 2224 1603 100 0 0.719424 0 0 0 0 0 0 0 0 0 0 0 0 0 0 0 0 0 0.0144928 0 0 0.057971 0.130435 0.101449 0.275362 0.246377 0.144928 0.0289855 0 0 0 0 0 0 

2240 2233 1602 94 0 0.716525 0 0 0 0 0 0 0 0 0 0 0 0 0 0 0 0 0 0 0.0289855 0.0289855 0.0724638 0.0724638 0.101449 0.275362 0.289855 0.101449 0.0289855 0 0 0 0 0 0 

2240 2223 1603 99 0 0.719748 0 0 0 0 0 0 0 0 0 0 0 0 0 0 0 0 0.0144928 0 0.0144928 0.0144928 0.057971 0.0869565 0.130435 0.231884 0.188406 0.246377 0.0144928 0 0 0 0 0 0 

2240 2220 1602 94 0 0.720721 0 0 0 0 0 0 0 0 0 0 0 0 0 0 0 0 0 0 0.0144928 0.0144928 0.0434783 0.130435 0.115942 0.231884 0.275362 0.115942 0.057971 0 0 0 0 0 0 

2208 2195 1602 93 0 0.728929 0 0 0 0 0 0 0 0 0 0 0 0 0 0 0 0 0 0.0147059 0 0.0147059 0.0147059 0.0735294 0.176471 0.25 0.220588 0.147059 0.0735294 0.0147059 0 0 0 0 0 

2176 2162 1602 88 0 0.740056 0 0 0 0 0 0 0 0 0 0 0 0 0 0 0 0 0 0 0 0 0.0149254 0.0895522 0.104478 0.238806 0.268657 0.19403 0.0447761 0.0447761 0 0 0 0 0 

