2208 2182 1602 89 0 0.733272 0 0 0 0 0 0 0 0 0 0 0 0 0 0 0 0 0 0 0 0.0147059 0.0147059 0.102941 0.0882353 0.294118 0.235294 0.132353 0.102941 0.0147059 0 0 0 0 0 

2240 2218 1602 91 0 0.721371 0 0 0 0 0 0 0 0 0 0 0 0 0 0 0 0 0 0 0 0.0144928 0.057971 0.115942 0.173913 0.231884 0.173913 0.15942 0.0724638 0 0 0 0 0 0 

2240 2215 1602 89 0 0.722348 0 0 0 0 0 0 0 0 0 0 0 0 0 0 0 0 0 0.0144928 0.0144928 0.0144928 0.0144928 0.101449 0.15942 0.173913 0.347826 0.115942 0.0144928 0.0289855 0 0 0 0 0 

2208 2202 1601 93 0 0.726612 0 0 0 0 0 0 0 0 0 0 0 0 0 0 0 0 0 0 0 0.0147059 0.0294118 0.132353 0.176471 0.205882 0.264706 0.0735294 0.0735294 0.0147059 0.0147059 0 0 0 0 

2176 2156 1602 89 0 0.742115 0 0 0 0 0 0 0 0 0 0 0 0 0 0 0 0 0 0 0.0149254 0 0.0149254 0.0597015 0.104478 0.238806 0.268657 0.134328 0.119403 0.0447761 0 0 0 0 0 

2208 2200 1601 95 0 0.727273 0 0 0 0 0 0 0 0 0 0 0 0 0 0 0 0 0 0 0 0 0.0441176 0.0882353 0.205882 0.205882 0.279412 0.102941 0.0588235 0.0147059 0 0 0 0 0 

2240 2212 1602 93 0 0.723327 0 0 0 0 0 0 0 0 0 0 0 0 0 0 0 0 0 0.0144928 0 0.0144928 0.0144928 0.144928 0.115942 0.246377 0.217391 0.173913 0.0434783 0.0144928 0 0 0 0 0 

2240 2223 1602 85 0 0.719748 0 0 0 0 0 0 0 0 0 0 0 0 0 0 0 0 0 0.0144928 0 0.0144928 0.0289855 0.115942 0.217391 0.246377 0.130435 0.144928 0.0869565 0 0 0 0 0 0 

2208 2190 1602 98 0 0.730594 0 0 0 0 0 0 0 0 0 0 0 0 0 0 0 0 0 0 0 0 0.0294118 0.0588235 0.220588 0.235294 0.235294 0.132353 0.0735294 0.0147059 0 0 0 0 0 

2176 2170 1601 90 0 0.737327 0 0 0 0 0 0 0 0 0 0 0 0 0 0 0 0 0 0 0 0 0.0447761 0.0597015 0.149254 0.238806 0.19403 0.208955 0.104478 0 0 0 0 0 0 

