2208 2188 1603 99 0 0.731261 0 0 0 0 0 0 0 0 0 0 0 0 0 0 0 0 0 0.0147059 0 0.0147059 0.0441176 0.0147059 0.205882 0.25 0.147059 0.205882 0.0588235 0.0441176 0 0 0 0 0 

2240 2218 1603 103 0 0.721371 0 0 0 0 0 0 0 0 0 0 0 0 0 0 0 0 0 0.0144928 0 0.0144928 0.0434783 0.144928 0.130435 0.173913 0.246377 0.15942 0.0724638 0 0 0 0 0 0 

2208 2195 1602 98 0 0.728929 0 0 0 0 0 0 0 0 0 0 0 0 0 0 0 0 0 0 0 0.0147059 0.0882353 0.0441176 0.0735294 0.279412 0.279412 0.176471 0.0441176 0 0 0 0 0 0 

2208 2190 1603 102 0 0.730594 0 0 0 0 0 0 0 0 0 0 0 0 0 0 0 0 0 0.0147059 0 0.0294118 0.0147059 0.0588235 0.191176 0.176471 0.235294 0.176471 0.0735294 0.0294118 0 0 0 0 0 

2272 2248 1602 90 0 0.711744 0 0 0 0 0 0 0 0 0 0 0 0 0 0 0 0 0 0 0.0142857 0.0285714 0.0428571 0.114286 0.257143 0.171429 0.214286 0.114286 0.0428571 0 0 0 0 0 0 

2176 2167 1602 93 0 0.738348 0 0 0 0 0 0 0 0 0 0 0 0 0 0 0 0 0 0.0298507 0 0.0149254 0.0298507 0.0746269 0.119403 0.179104 0.149254 0.268657 0.0597015 0.0746269 0 0 0 0 0 

2208 2193 1602 85 0 0.729594 0 0 0 0 0 0 0 0 0 0 0 0 0 0 0 0 0 0.0147059 0 0.0147059 0.0294118 0.0882353 0.117647 0.25 0.220588 0.176471 0.0882353 0 0 0 0 0 0 

2240 2228 1602 94 0 0.718133 0 0 0 0 0 0 0 0 0 0 0 0 0 0 0 0 0 0 0 0.0434783 0.057971 0.0869565 0.217391 0.217391 0.15942 0.173913 0.0144928 0.0289855 0 0 0 0 0 

2240 2225 1602 96 0 0.719101 0 0 0 0 0 0 0 0 0 0 0 0 0 0 0 0 0 0 0.0144928 0 0.101449 0.101449 0.15942 0.246377 0.130435 0.15942 0.0869565 0 0 0 0 0 0 

2240 2219 1602 97 0 0.721045 0 0 0 0 0 0 0 0 0 0 0 0 0 0 0 0 0 0 0.0144928 0.0144928 0.0289855 0.15942 0.130435 0.188406 0.275362 0.115942 0.0724638 0 0 0 0 0 0 

