2208 2196 1602 87 0 0.728597 0 0 0 0 0 0 0 0 0 0 0 0 0 0 0 0 0 0 0.0147059 0.0294118 0 0.102941 0.132353 0.25 0.25 0.147059 0.0441176 0.0294118 0 0 0 0 0 

2208 2192 1602 92 0 0.729927 0 0 0 0 0 0 0 0 0 0 0 0 0 0 0 0 0 0 0 0.0294118 0.0147059 0.117647 0.102941 0.205882 0.308824 0.161765 0.0441176 0.0147059 0 0 0 0 0 

2176 2160 1602 90 0 0.740741 0 0 0 0 0 0 0 0 0 0 0 0 0 0 0 0 0 0 0 0 0.0447761 0.0597015 0.119403 0.19403 0.283582 0.149254 0.134328 0.0149254 0 0 0 0 0 

2208 2188 1603 100 0 0.731261 0 0 0 0 0 0 0 0 0 0 0 0 0 0 0 0 0 0 0 0 0.0294118 0.102941 0.147059 0.220588 0.205882 0.264706 0.0147059 0.0147059 0 0 0 0 0 

2208 2184 1602 98 0 0.732601 0 0 0 0 0 0 0 0 0 0 0 0 0 0 0 0 0 0 0 0.0147059 0.0441176 0.0441176 0.132353 0.205882 0.338235 0.147059 0.0735294 0 0 0 0 0 0 

2240 2213 1603 101 0 0.723 0 0 0 0 0 0 0 0 0 0 0 0 0 0 0 0 0 0.0144928 0.0144928 0 0.0434783 0.0869565 0.188406 0.15942 0.275362 0.115942 0.101449 0 0 0 0 0 0 

2208 2189 1602 94 0 0.730927 0 0 0 0 0 0 0 0 0 0 0 0 0 0 0 0 0 0 0 0 0.0441176 0.0588235 0.161765 0.25 0.308824 0.0735294 0.0882353 0.0147059 0 0 0 0 0 

2208 2198 1601 96 0 0.727934 0 0 0 0 0 0 0 0 0 0 0 0 0 0 0 0 0 0 0 0.0147059 0.0294118 0.0735294 0.147059 0.352941 0.161765 0.161765 0.0441176 0.0147059 0 0 0 0 0 

2208 2182 1602 89 0 0.733272 0 0 0 0 0 0 0 0 0 0 0 0 0 0 0 0 0 0 0 0.0147059 0.0147059 0.102941 0.117647 0.235294 0.220588 0.220588 0.0588235 0.0147059 0 0 0 0 0 

2240 2228 1602 97 0 0.718133 0 0 0 0 0 0 0 0 0 0 0 0 0 0 0 0 0 0.0144928 0.0144928 0 0.0289855 0.130435 0.15942 0.304348 0.173913 0.130435 0.0144928 0.0289855 0 0 0 0 0 

