2240 2211 1602 94 0 0.723654 0 0 0 0 0 0 0 0 0 0 0 0 0 0 0 0 0 0 0 0.0289855 0 0.0434783 0.231884 0.26087 0.289855 0.115942 0.0289855 0 0 0 0 0 0 

2240 2215 1602 93 0 0.722348 0 0 0 0 0 0 0 0 0 0 0 0 0 0 0 0 0 0 0.0289855 0.0144928 0.0434783 0.0869565 0.144928 0.231884 0.26087 0.101449 0.0434783 0.0434783 0 0 0 0 0 

2272 2255 1602 95 0 0.709534 0 0 0 0 0 0 0 0 0 0 0 0 0 0 0 0 0 0 0.0142857 0.0428571 0.114286 0.1 0.142857 0.228571 0.2 0.1 0.0285714 0.0285714 0 0 0 0 0 

2240 2217 1602 87 0 0.721696 0 0 0 0 0 0 0 0 0 0 0 0 0 0 0 0 0 0 0 0.0144928 0.0289855 0.130435 0.231884 0.188406 0.217391 0.0869565 0.0724638 0.0289855 0 0 0 0 0 

2240 2235 1600 98 0 0.715884 0 0 0 0 0 0 0 0 0 0 0 0 0 0 0 0 0 0 0 0.0144928 0.0724638 0.173913 0.188406 0.188406 0.202899 0.0724638 0.057971 0.0289855 0 0 0 0 0 

2208 2196 1602 95 0 0.728597 0 0 0 0 0 0 0 0 0 0 0 0 0 0 0 0 0 0 0 0.0147059 0.0882353 0.0441176 0.132353 0.264706 0.191176 0.205882 0.0294118 0.0294118 0 0 0 0 0 

2208 2194 1602 88 0 0.729262 0 0 0 0 0 0 0 0 0 0 0 0 0 0 0 0 0 0 0.0294118 0 0.0294118 0.0735294 0.117647 0.279412 0.235294 0.147059 0.0882353 0 0 0 0 0 0 

2208 2199 1602 94 0 0.727603 0 0 0 0 0 0 0 0 0 0 0 0 0 0 0 0 0 0 0.0147059 0.0294118 0.0588235 0.0441176 0.235294 0.0882353 0.235294 0.205882 0.0882353 0 0 0 0 0 0 

2208 2200 1601 86 0 0.727273 0 0 0 0 0 0 0 0 0 0 0 0 0 0 0 0 0 0 0 0.0294118 0.0441176 0.132353 0.102941 0.220588 0.235294 0.132353 0.0882353 0.0147059 0 0 0 0 0 

2240 2222 1602 98 0 0.720072 0 0 0 0 0 0 0 0 0 0 0 0 0 0 0 0 0 0 0.0144928 0.0144928 0.0724638 0.0434783 0.217391 0.202899 0.231884 0.173913 0.0289855 0 0 0 0 0 0 

