2208 2188 1602 94 0 0.731261 0 0 0 0 0 0 0 0 0 0 0 0 0 0 0 0 0 0 0.0294118 0.0441176 0.0147059 0.0441176 0.176471 0.161765 0.220588 0.176471 0.0882353 0.0441176 0 0 0 0 0 

2208 2200 1601 85 0 0.727273 0 0 0 0 0 0 0 0 0 0 0 0 0 0 0 0 0 0 0.0147059 0 0.0441176 0.117647 0.117647 0.279412 0.205882 0.102941 0.117647 0 0 0 0 0 0 

2176 2165 1602 93 0 0.73903 0 0 0 0 0 0 0 0 0 0 0 0 0 0 0 0 0 0 0 0 0.0149254 0.0895522 0.119403 0.19403 0.328358 0.164179 0.0746269 0.0149254 0 0 0 0 0 

2208 2187 1602 92 0 0.731596 0 0 0 0 0 0 0 0 0 0 0 0 0 0 0 0 0 0.0147059 0 0.0294118 0.0147059 0.0441176 0.235294 0.191176 0.176471 0.161765 0.0735294 0.0441176 0.0147059 0 0 0 0 

2208 2199 1602 94 0 0.727603 0 0 0 0 0 0 0 0 0 0 0 0 0 0 0 0 0 0 0.0147059 0.0147059 0 0.117647 0.205882 0.161765 0.264706 0.147059 0.0588235 0.0147059 0 0 0 0 0 

2240 2212 1602 97 0 0.723327 0 0 0 0 0 0 0 0 0 0 0 0 0 0 0 0 0.0144928 0 0 0.0144928 0.0434783 0.115942 0.101449 0.231884 0.246377 0.15942 0.0724638 0 0 0 0 0 0 

2240 2219 1603 104 0 0.721045 0 0 0 0 0 0 0 0 0 0 0 0 0 0 0 0 0 0 0.0144928 0.0144928 0.0434783 0.101449 0.202899 0.173913 0.231884 0.144928 0.0724638 0 0 0 0 0 0 

2208 2188 1602 94 0 0.731261 0 0 0 0 0 0 0 0 0 0 0 0 0 0 0 0 0 0 0 0.0147059 0.0441176 0.0735294 0.132353 0.235294 0.294118 0.117647 0.0588235 0 0.0294118 0 0 0 0 

2272 2256 1603 100 0 0.70922 0 0 0 0 0 0 0 0 0 0 0 0 0 0 0 0 0.0142857 0 0 0.0142857 0.0714286 0.142857 0.142857 0.328571 0.157143 0.0714286 0.0571429 0 0 0 0 0 0 

2240 2218 1602 97 0 0.721371 0 0 0 0 0 0 0 0 0 0 0 0 0 0 0 0 0 0 0 0.0144928 0.0434783 0.130435 0.144928 0.217391 0.275362 0.144928 0.0144928 0.0144928 0 0 0 0 0 

