2272 2247 1602 96 0 0.712061 0 0 0 0 0 0 0 0 0 0 0 0 0 0 0 0 0.0142857 0 0 0.0142857 0.0571429 0.1 0.228571 0.228571 0.228571 0.0714286 0.0571429 0 0 0 0 0 0 

2240 2218 1602 96 0 0.721371 0 0 0 0 0 0 0 0 0 0 0 0 0 0 0 0 0 0 0 0.0434783 0.0434783 0.0724638 0.188406 0.188406 0.289855 0.115942 0.0434783 0.0144928 0 0 0 0 0 

2240 2212 1603 108 0 0.723327 0 0 0 0 0 0 0 0 0 0 0 0 0 0 0 0 0 0 0.0144928 0.0434783 0.0144928 0.101449 0.115942 0.217391 0.304348 0.130435 0.0289855 0.0144928 0.0144928 0 0 0 0 

2208 2193 1602 98 0 0.729594 0 0 0 0 0 0 0 0 0 0 0 0 0 0 0 0 0 0 0 0.0294118 0.0147059 0.102941 0.132353 0.25 0.264706 0.117647 0.0441176 0.0441176 0 0 0 0 0 

2176 2168 1602 95 0 0.738007 0 0 0 0 0 0 0 0 0 0 0 0 0 0 0 0 0 0 0 0.0298507 0.0149254 0.0447761 0.134328 0.283582 0.208955 0.149254 0.104478 0.0298507 0 0 0 0 0 

2176 2164 1602 96 0 0.739372 0 0 0 0 0 0 0 0 0 0 0 0 0 0 0 0 0 0 0 0.0298507 0.0298507 0.0447761 0.149254 0.149254 0.223881 0.313433 0.0447761 0 0.0149254 0 0 0 0 

2208 2188 1602 90 0 0.731261 0 0 0 0 0 0 0 0 0 0 0 0 0 0 0 0 0 0 0.0147059 0 0.0294118 0.0882353 0.176471 0.176471 0.264706 0.117647 0.132353 0 0 0 0 0 0 

2208 2195 1602 93 0 0.728929 0 0 0 0 0 0 0 0 0 0 0 0 0 0 0 0 0 0 0.0147059 0.0441176 0 0.0588235 0.147059 0.323529 0.161765 0.161765 0.0441176 0.0441176 0 0 0 0 0 

2240 2219 1602 94 0 0.721045 0 0 0 0 0 0 0 0 0 0 0 0 0 0 0 0 0 0 0.0144928 0.0144928 0.0724638 0.115942 0.0869565 0.304348 0.130435 0.217391 0.0289855 0 0.0144928 0 0 0 0 

2240 2218 1602 92 0 0.721371 0 0 0 0 0 0 0 0 0 0 0 0 0 0 0 0 0 0 0.0144928 0.0289855 0.0289855 0.144928 0.173913 0.173913 0.15942 0.202899 0.0434783 0.0289855 0 0 0 0 0 

