2240 2221 1603 99 0 0.720396 0 0 0 0 0 0 0 0 0 0 0 0 0 0 0 0 0 0.0144928 0.0144928 0.0144928 0.0289855 0.101449 0.188406 0.217391 0.188406 0.15942 0.057971 0.0144928 0 0 0 0 0 

2208 2188 1602 91 0 0.731261 0 0 0 0 0 0 0 0 0 0 0 0 0 0 0 0 0 0 0 0.0147059 0.0588235 0.102941 0.0735294 0.235294 0.235294 0.191176 0.0735294 0.0147059 0 0 0 0 0 

2208 2202 1601 95 0 0.726612 0 0 0 0 0 0 0 0 0 0 0 0 0 0 0 0 0 0 0 0.0147059 0.0294118 0.0882353 0.132353 0.382353 0.147059 0.132353 0.0735294 0 0 0 0 0 0 

2208 2196 1602 87 0 0.728597 0 0 0 0 0 0 0 0 0 0 0 0 0 0 0 0 0 0 0.0147059 0.0147059 0.0294118 0.0441176 0.220588 0.191176 0.264706 0.132353 0.0882353 0 0 0 0 0 0 

2208 2185 1602 93 0 0.732265 0 0 0 0 0 0 0 0 0 0 0 0 0 0 0 0 0 0 0 0.0294118 0.0147059 0.0882353 0.132353 0.235294 0.205882 0.191176 0.102941 0 0 0 0 0 0 

2240 2227 1602 95 0 0.718455 0 0 0 0 0 0 0 0 0 0 0 0 0 0 0 0 0 0 0 0 0.0724638 0.130435 0.202899 0.217391 0.188406 0.144928 0.0289855 0.0144928 0 0 0 0 0 

2208 2194 1602 93 0 0.729262 0 0 0 0 0 0 0 0 0 0 0 0 0 0 0 0 0.0147059 0 0 0.0147059 0.0441176 0.0441176 0.220588 0.191176 0.147059 0.25 0.0441176 0.0294118 0 0 0 0 0 

2240 2218 1602 90 0 0.721371 0 0 0 0 0 0 0 0 0 0 0 0 0 0 0 0 0 0 0 0.0289855 0.0434783 0.144928 0.130435 0.26087 0.15942 0.15942 0.0434783 0.0144928 0.0144928 0 0 0 0 

2208 2195 1602 92 0 0.728929 0 0 0 0 0 0 0 0 0 0 0 0 0 0 0 0 0 0 0.0147059 0.0147059 0.0147059 0.117647 0.132353 0.235294 0.205882 0.191176 0.0588235 0.0147059 0 0 0 0 0 

2208 2200 1602 90 0 0.727273 0 0 0 0 0 0 0 0 0 0 0 0 0 0 0 0 0 0 0 0.0294118 0.0588235 0.0735294 0.132353 0.264706 0.161765 0.235294 0.0294118 0.0147059 0 0 0 0 0 

