2208 2200 1602 89 0 0.727273 0 0 0 0 0 0 0 0 0 0 0 0 0 0 0 0 0 0.0147059 0 0 0.0147059 0.117647 0.176471 0.25 0.205882 0.132353 0.0735294 0.0147059 0 0 0 0 0 

2208 2192 1602 90 0 0.729927 0 0 0 0 0 0 0 0 0 0 0 0 0 0 0 0 0 0 0.0147059 0 0.0588235 0.0735294 0.117647 0.235294 0.235294 0.191176 0.0735294 0 0 0 0 0 0 

2240 2228 1602 97 0 0.718133 0 0 0 0 0 0 0 0 0 0 0 0 0 0 0 0 0 0.0144928 0.0144928 0.0434783 0.0144928 0.101449 0.202899 0.231884 0.115942 0.188406 0.0724638 0 0 0 0 0 0 

2208 2199 1602 87 0 0.727603 0 0 0 0 0 0 0 0 0 0 0 0 0 0 0 0 0 0 0 0.0147059 0.0294118 0.0882353 0.176471 0.176471 0.338235 0.147059 0.0294118 0 0 0 0 0 0 

2240 2211 1602 93 0 0.723654 0 0 0 0 0 0 0 0 0 0 0 0 0 0 0 0 0 0 0 0.0144928 0.0724638 0.101449 0.15942 0.217391 0.130435 0.246377 0.0434783 0.0144928 0 0 0 0 0 

2208 2188 1602 84 0 0.731261 0 0 0 0 0 0 0 0 0 0 0 0 0 0 0 0 0 0 0 0 0.0294118 0.117647 0.117647 0.220588 0.264706 0.191176 0.0588235 0 0 0 0 0 0 

2272 2252 1603 100 0 0.71048 0 0 0 0 0 0 0 0 0 0 0 0 0 0 0 0 0 0 0 0.0142857 0.0285714 0.185714 0.242857 0.214286 0.171429 0.114286 0.0285714 0 0 0 0 0 0 

2208 2193 1601 81 0 0.729594 0 0 0 0 0 0 0 0 0 0 0 0 0 0 0 0 0 0 0 0 0.0588235 0.117647 0.102941 0.308824 0.161765 0.132353 0.0882353 0.0294118 0 0 0 0 0 

2240 2215 1603 99 0 0.722348 0 0 0 0 0 0 0 0 0 0 0 0 0 0 0 0 0 0 0 0.0434783 0.0434783 0.101449 0.173913 0.188406 0.217391 0.130435 0.0869565 0 0.0144928 0 0 0 0 

2240 2214 1603 99 0 0.722674 0 0 0 0 0 0 0 0 0 0 0 0 0 0 0 0 0 0 0 0.0144928 0.057971 0.115942 0.115942 0.26087 0.217391 0.144928 0.0724638 0 0 0 0 0 0 

