2208 2195 1602 96 0 0.728929 0 0 0 0 0 0 0 0 0 0 0 0 0 0 0 0 0 0 0.0147059 0.0147059 0.0441176 0.147059 0.117647 0.117647 0.279412 0.161765 0.0735294 0.0147059 0.0147059 0 0 0 0 

2240 2218 1602 98 0 0.721371 0 0 0 0 0 0 0 0 0 0 0 0 0 0 0 0 0 0 0.0144928 0.0434783 0.0289855 0.057971 0.202899 0.15942 0.289855 0.173913 0.0289855 0 0 0 0 0 0 

2208 2196 1603 102 0 0.728597 0 0 0 0 0 0 0 0 0 0 0 0 0 0 0 0 0 0 0.0294118 0.0147059 0.0735294 0.0882353 0.0588235 0.176471 0.308824 0.147059 0.0735294 0.0294118 0 0 0 0 0 

2240 2220 1602 95 0 0.720721 0 0 0 0 0 0 0 0 0 0 0 0 0 0 0 0 0 0 0.0144928 0.0144928 0.0869565 0.115942 0.15942 0.217391 0.130435 0.115942 0.130435 0 0.0144928 0 0 0 0 

2240 2225 1602 91 0 0.719101 0 0 0 0 0 0 0 0 0 0 0 0 0 0 0 0 0 0.0144928 0.0289855 0.0289855 0.057971 0.101449 0.115942 0.144928 0.26087 0.202899 0.0289855 0.0144928 0 0 0 0 0 

2240 2216 1602 91 0 0.722022 0 0 0 0 0 0 0 0 0 0 0 0 0 0 0 0 0 0.0144928 0 0.0289855 0.0869565 0.057971 0.15942 0.188406 0.246377 0.101449 0.0724638 0.0434783 0 0 0 0 0 

2208 2199 1602 97 0 0.727603 0 0 0 0 0 0 0 0 0 0 0 0 0 0 0 0 0 0 0 0.0147059 0.0882353 0.0882353 0.132353 0.205882 0.205882 0.176471 0.0588235 0.0294118 0 0 0 0 0 

2208 2184 1602 96 0 0.732601 0 0 0 0 0 0 0 0 0 0 0 0 0 0 0 0 0 0 0.0147059 0 0.0294118 0.0441176 0.147059 0.235294 0.279412 0.191176 0.0588235 0 0 0 0 0 0 

2208 2189 1603 100 0 0.730927 0 0 0 0 0 0 0 0 0 0 0 0 0 0 0 0 0 0 0 0.0147059 0.0147059 0.0882353 0.176471 0.205882 0.264706 0.147059 0.0735294 0.0147059 0 0 0 0 0 

2240 2213 1603 99 0 0.723 0 0 0 0 0 0 0 0 0 0 0 0 0 0 0 0 0 0 0 0 0.0869565 0.0869565 0.130435 0.217391 0.275362 0.15942 0.0434783 0 0 0 0 0 0 

