2240 2221 1603 100 0 0.720396 0 0 0 0 0 0 0 0 0 0 0 0 0 0 0 0 0 0 0 0 0.130435 0.101449 0.101449 0.202899 0.246377 0.173913 0.0289855 0.0144928 0 0 0 0 0 

2240 2213 1602 96 0 0.723 0 0 0 0 0 0 0 0 0 0 0 0 0 0 0 0 0 0 0 0.0289855 0.0869565 0.0869565 0.115942 0.217391 0.26087 0.115942 0.0434783 0.0289855 0.0144928 0 0 0 0 

2208 2180 1602 90 0 0.733945 0 0 0 0 0 0 0 0 0 0 0 0 0 0 0 0 0 0 0 0 0.0441176 0.0588235 0.161765 0.220588 0.220588 0.220588 0.0441176 0.0294118 0 0 0 0 0 

2208 2198 1601 80 0 0.727934 0 0 0 0 0 0 0 0 0 0 0 0 0 0 0 0 0 0 0 0.0147059 0.0441176 0.102941 0.205882 0.205882 0.191176 0.132353 0.0441176 0.0588235 0 0 0 0 0 

2272 2243 1602 96 0 0.71333 0 0 0 0 0 0 0 0 0 0 0 0 0 0 0 0 0 0 0 0.0142857 0.0285714 0.157143 0.228571 0.242857 0.142857 0.171429 0.0142857 0 0 0 0 0 0 

2208 2200 1601 87 0 0.727273 0 0 0 0 0 0 0 0 0 0 0 0 0 0 0 0 0 0 0 0.0147059 0.0294118 0.117647 0.176471 0.191176 0.235294 0.191176 0.0294118 0.0147059 0 0 0 0 0 

2272 2244 1603 105 0 0.713012 0 0 0 0 0 0 0 0 0 0 0 0 0 0 0 0 0 0 0.0285714 0.0428571 0.0285714 0.128571 0.171429 0.171429 0.271429 0.0857143 0.0571429 0.0142857 0 0 0 0 0 

2240 2211 1602 96 0 0.723654 0 0 0 0 0 0 0 0 0 0 0 0 0 0 0 0 0 0 0.0144928 0.0434783 0.0144928 0.0434783 0.231884 0.202899 0.202899 0.15942 0.0869565 0 0 0 0 0 0 

2208 2193 1602 93 0 0.729594 0 0 0 0 0 0 0 0 0 0 0 0 0 0 0 0 0 0 0.0294118 0 0.0147059 0.117647 0.147059 0.205882 0.191176 0.220588 0.0588235 0 0.0147059 0 0 0 0 

2208 2187 1602 93 0 0.731596 0 0 0 0 0 0 0 0 0 0 0 0 0 0 0 0 0 0 0 0.0294118 0.0147059 0.0441176 0.220588 0.205882 0.176471 0.235294 0.0735294 0 0 0 0 0 0 

