2208 2184 1603 99 0 0.732601 0 0 0 0 0 0 0 0 0 0 0 0 0 0 0 0 0 0 0 0 0.0588235 0.0588235 0.161765 0.147059 0.279412 0.25 0.0441176 0 0 0 0 0 0 

2208 2200 1600 88 0 0.727273 0 0 0 0 0 0 0 0 0 0 0 0 0 0 0 0 0 0 0 0.0294118 0.0441176 0.0882353 0.161765 0.205882 0.220588 0.205882 0.0294118 0 0.0147059 0 0 0 0 

2240 2220 1602 95 0 0.720721 0 0 0 0 0 0 0 0 0 0 0 0 0 0 0 0 0 0 0.0144928 0 0.0434783 0.144928 0.15942 0.188406 0.26087 0.130435 0.057971 0 0 0 0 0 0 

2208 2200 1602 92 0 0.727273 0 0 0 0 0 0 0 0 0 0 0 0 0 0 0 0 0 0 0 0.0294118 0.0147059 0.102941 0.176471 0.235294 0.176471 0.220588 0.0441176 0 0 0 0 0 0 

2208 2188 1602 95 0 0.731261 0 0 0 0 0 0 0 0 0 0 0 0 0 0 0 0 0 0 0 0 0.0294118 0.102941 0.132353 0.205882 0.308824 0.161765 0.0588235 0 0 0 0 0 0 

2240 2218 1603 99 0 0.721371 0 0 0 0 0 0 0 0 0 0 0 0 0 0 0 0 0 0 0 0.0144928 0.057971 0.115942 0.173913 0.15942 0.275362 0.173913 0.0144928 0.0144928 0 0 0 0 0 

2208 2189 1602 88 0 0.730927 0 0 0 0 0 0 0 0 0 0 0 0 0 0 0 0 0 0 0 0.0294118 0.0441176 0.0588235 0.161765 0.191176 0.235294 0.176471 0.102941 0 0 0 0 0 0 

2208 2194 1602 95 0 0.729262 0 0 0 0 0 0 0 0 0 0 0 0 0 0 0 0 0 0 0 0 0.0441176 0.0882353 0.176471 0.235294 0.205882 0.191176 0.0441176 0.0147059 0 0 0 0 0 

2208 2192 1602 86 0 0.729927 0 0 0 0 0 0 0 0 0 0 0 0 0 0 0 0 0 0 0.0147059 0 0.0588235 0.0588235 0.161765 0.220588 0.220588 0.176471 0.0735294 0.0147059 0 0 0 0 0 

2240 2219 1602 92 0 0.721045 0 0 0 0 0 0 0 0 0 0 0 0 0 0 0 0 0 0 0 0 0.057971 0.0724638 0.275362 0.202899 0.202899 0.130435 0.0434783 0.0144928 0 0 0 0 0 

