2240 2213 1602 97 0 0.723 0 0 0 0 0 0 0 0 0 0 0 0 0 0 0 0 0 0 0.0144928 0.0144928 0.0144928 0.115942 0.188406 0.188406 0.26087 0.15942 0.0289855 0 0.0144928 0 0 0 0 

2208 2183 1602 95 0 0.732936 0 0 0 0 0 0 0 0 0 0 0 0 0 0 0 0 0 0 0 0.0147059 0.0147059 0.0441176 0.235294 0.220588 0.161765 0.220588 0.0735294 0.0147059 0 0 0 0 0 

2240 2212 1602 95 0 0.723327 0 0 0 0 0 0 0 0 0 0 0 0 0 0 0 0 0 0 0 0.0434783 0 0.0869565 0.217391 0.217391 0.217391 0.15942 0.0434783 0.0144928 0 0 0 0 0 

2176 2166 1602 90 0 0.738689 0 0 0 0 0 0 0 0 0 0 0 0 0 0 0 0 0 0 0 0.0149254 0.0298507 0.0447761 0.0895522 0.253731 0.283582 0.223881 0.0597015 0 0 0 0 0 0 

2240 2228 1603 99 0 0.718133 0 0 0 0 0 0 0 0 0 0 0 0 0 0 0 0 0 0 0.0144928 0.0289855 0.0724638 0.057971 0.246377 0.15942 0.188406 0.173913 0.057971 0 0 0 0 0 0 

2208 2200 1600 95 0 0.727273 0 0 0 0 0 0 0 0 0 0 0 0 0 0 0 0 0 0 0 0.0147059 0.0441176 0.0588235 0.191176 0.264706 0.25 0.102941 0.0441176 0.0294118 0 0 0 0 0 

2240 2215 1602 94 0 0.722348 0 0 0 0 0 0 0 0 0 0 0 0 0 0 0 0 0 0.0144928 0 0 0.057971 0.101449 0.144928 0.188406 0.275362 0.202899 0.0144928 0 0 0 0 0 0 

2208 2202 1603 101 0 0.726612 0 0 0 0 0 0 0 0 0 0 0 0 0 0 0 0 0 0.0147059 0 0.0441176 0.0441176 0.0441176 0.191176 0.191176 0.161765 0.235294 0.0588235 0.0147059 0 0 0 0 0 

2240 2213 1602 93 0 0.723 0 0 0 0 0 0 0 0 0 0 0 0 0 0 0 0 0 0 0 0 0.057971 0.144928 0.130435 0.26087 0.173913 0.130435 0.101449 0 0 0 0 0 0 

2240 2225 1602 98 0 0.719101 0 0 0 0 0 0 0 0 0 0 0 0 0 0 0 0 0 0 0.0289855 0 0.057971 0.101449 0.173913 0.246377 0.173913 0.188406 0 0.0289855 0 0 0 0 0 

