2240 2215 1603 98 0 0.722348 0 0 0 0 0 0 0 0 0 0 0 0 0 0 0 0 0 0 0 0 0.0434783 0.115942 0.188406 0.246377 0.202899 0.130435 0.0724638 0 0 0 0 0 0 

2208 2191 1602 93 0 0.73026 0 0 0 0 0 0 0 0 0 0 0 0 0 0 0 0 0 0 0 0.0147059 0.0441176 0.0882353 0.205882 0.132353 0.25 0.161765 0.0735294 0.0294118 0 0 0 0 0 

2240 2211 1602 92 0 0.723654 0 0 0 0 0 0 0 0 0 0 0 0 0 0 0 0 0 0 0.0144928 0.0144928 0.0144928 0.0724638 0.231884 0.202899 0.246377 0.130435 0.0724638 0 0 0 0 0 0 

2240 2215 1602 95 0 0.722348 0 0 0 0 0 0 0 0 0 0 0 0 0 0 0 0 0 0 0 0 0.0434783 0.115942 0.246377 0.188406 0.173913 0.144928 0.0869565 0 0 0 0 0 0 

2208 2202 1602 101 0 0.726612 0 0 0 0 0 0 0 0 0 0 0 0 0 0 0 0 0 0 0.0147059 0 0.0735294 0.102941 0.0882353 0.25 0.25 0.161765 0.0294118 0.0294118 0 0 0 0 0 

2208 2191 1602 88 0 0.73026 0 0 0 0 0 0 0 0 0 0 0 0 0 0 0 0 0 0 0.0147059 0.0294118 0 0.0735294 0.147059 0.25 0.191176 0.25 0.0441176 0 0 0 0 0 0 

2240 2225 1603 101 0 0.719101 0 0 0 0 0 0 0 0 0 0 0 0 0 0 0 0 0 0 0 0.0434783 0.0144928 0.144928 0.15942 0.246377 0.173913 0.173913 0.0434783 0 0 0 0 0 0 

2176 2159 1602 83 0 0.741084 0 0 0 0 0 0 0 0 0 0 0 0 0 0 0 0 0 0 0 0 0.0149254 0.0447761 0.134328 0.238806 0.283582 0.208955 0.0447761 0.0298507 0 0 0 0 0 

2208 2183 1602 93 0 0.732936 0 0 0 0 0 0 0 0 0 0 0 0 0 0 0 0 0 0 0 0.0147059 0 0.102941 0.161765 0.235294 0.205882 0.191176 0.0588235 0.0294118 0 0 0 0 0 

2208 2199 1602 83 0 0.727603 0 0 0 0 0 0 0 0 0 0 0 0 0 0 0 0 0 0 0 0.0147059 0.102941 0.0441176 0.161765 0.220588 0.176471 0.191176 0.0735294 0.0147059 0 0 0 0 0 

