2208 2197 1602 93 0 0.728266 0 0 0 0 0 0 0 0 0 0 0 0 0 0 0 0 0 0 0 0.0294118 0.0294118 0.117647 0.176471 0.161765 0.279412 0.102941 0.0441176 0.0441176 0.0147059 0 0 0 0 

2208 2190 1602 86 0 0.730594 0 0 0 0 0 0 0 0 0 0 0 0 0 0 0 0 0 0 0 0.0441176 0.0441176 0.0882353 0.132353 0.102941 0.294118 0.205882 0.0882353 0 0 0 0 0 0 

2240 2225 1602 95 0 0.719101 0 0 0 0 0 0 0 0 0 0 0 0 0 0 0 0 0 0 0 0.0144928 0.0434783 0.130435 0.173913 0.275362 0.173913 0.144928 0.0434783 0 0 0 0 0 0 

2240 2226 1602 97 0 0.718778 0 0 0 0 0 0 0 0 0 0 0 0 0 0 0 0 0.0144928 0 0.0144928 0.0144928 0.057971 0.0434783 0.173913 0.318841 0.173913 0.144928 0.0144928 0.0289855 0 0 0 0 0 

2208 2181 1602 98 0 0.733608 0 0 0 0 0 0 0 0 0 0 0 0 0 0 0 0 0 0 0 0 0.0441176 0.0882353 0.176471 0.191176 0.176471 0.205882 0.0882353 0.0294118 0 0 0 0 0 

2240 2224 1603 103 0 0.719424 0 0 0 0 0 0 0 0 0 0 0 0 0 0 0 0 0 0 0 0.0144928 0.0434783 0.101449 0.231884 0.231884 0.231884 0.0869565 0.0289855 0.0144928 0.0144928 0 0 0 0 

2240 2213 1602 95 0 0.723 0 0 0 0 0 0 0 0 0 0 0 0 0 0 0 0 0 0 0 0 0.0869565 0.0869565 0.173913 0.188406 0.246377 0.144928 0.0724638 0 0 0 0 0 0 

2240 2231 1602 89 0 0.717167 0 0 0 0 0 0 0 0 0 0 0 0 0 0 0 0 0 0 0.0144928 0.0434783 0.057971 0.101449 0.202899 0.217391 0.115942 0.144928 0.101449 0 0 0 0 0 0 

2240 2222 1602 88 0 0.720072 0 0 0 0 0 0 0 0 0 0 0 0 0 0 0 0 0 0 0.0144928 0.0144928 0.0724638 0.0869565 0.202899 0.15942 0.202899 0.202899 0.0434783 0 0 0 0 0 0 

2240 2220 1602 95 0 0.720721 0 0 0 0 0 0 0 0 0 0 0 0 0 0 0 0 0 0 0.0289855 0.0289855 0.057971 0.0724638 0.173913 0.15942 0.231884 0.173913 0.0724638 0 0 0 0 0 0 

