2176 2150 1602 86 0 0.744186 0 0 0 0 0 0 0 0 0 0 0 0 0 0 0 0 0 0 0 0.0149254 0.0149254 0.0746269 0.0597015 0.208955 0.343284 0.119403 0.104478 0.0597015 0 0 0 0 0 

2240 2224 1602 94 0 0.719424 0 0 0 0 0 0 0 0 0 0 0 0 0 0 0 0 0 0 0 0.0144928 0.0724638 0.115942 0.217391 0.173913 0.217391 0.115942 0.0434783 0.0144928 0.0144928 0 0 0 0 

2208 2194 1602 98 0 0.729262 0 0 0 0 0 0 0 0 0 0 0 0 0 0 0 0 0 0 0 0 0.0294118 0.102941 0.132353 0.25 0.308824 0.117647 0.0588235 0 0 0 0 0 0 

2208 2179 1602 86 0 0.734282 0 0 0 0 0 0 0 0 0 0 0 0 0 0 0 0 0 0 0.0441176 0 0 0.0588235 0.0882353 0.25 0.294118 0.147059 0.117647 0 0 0 0 0 0 

2208 2188 1602 91 0 0.731261 0 0 0 0 0 0 0 0 0 0 0 0 0 0 0 0 0 0 0.0147059 0.0147059 0.0441176 0.0294118 0.191176 0.176471 0.25 0.220588 0.0294118 0.0294118 0 0 0 0 0 

2208 2196 1602 94 0 0.728597 0 0 0 0 0 0 0 0 0 0 0 0 0 0 0 0 0 0 0 0.0147059 0.0294118 0.0588235 0.220588 0.294118 0.132353 0.147059 0.0882353 0.0147059 0 0 0 0 0 

2208 2184 1602 95 0 0.732601 0 0 0 0 0 0 0 0 0 0 0 0 0 0 0 0 0 0.0147059 0 0 0.0441176 0.0735294 0.0735294 0.205882 0.397059 0.102941 0.0735294 0.0147059 0 0 0 0 0 

2176 2168 1601 89 0 0.738007 0 0 0 0 0 0 0 0 0 0 0 0 0 0 0 0 0 0 0 0.0447761 0 0.0895522 0.164179 0.104478 0.238806 0.283582 0.0447761 0.0149254 0.0149254 0 0 0 0 

2240 2211 1602 97 0 0.723654 0 0 0 0 0 0 0 0 0 0 0 0 0 0 0 0 0 0 0.0144928 0.0289855 0.0144928 0.0144928 0.246377 0.231884 0.275362 0.130435 0.0289855 0.0144928 0 0 0 0 0 

2208 2179 1602 87 0 0.734282 0 0 0 0 0 0 0 0 0 0 0 0 0 0 0 0 0 0 0 0 0.0294118 0.0441176 0.161765 0.220588 0.323529 0.132353 0.0882353 0 0 0 0 0 0 

