2208 2200 1601 94 0 0.727273 0 0 0 0 0 0 0 0 0 0 0 0 0 0 0 0 0 0 0 0 0.0588235 0.102941 0.205882 0.147059 0.25 0.176471 0.0441176 0.0147059 0 0 0 0 0 

2208 2191 1602 93 0 0.73026 0 0 0 0 0 0 0 0 0 0 0 0 0 0 0 0 0 0.0147059 0 0.0294118 0.0147059 0.0588235 0.205882 0.220588 0.132353 0.235294 0.0441176 0.0441176 0 0 0 0 0 

2208 2179 1602 97 0 0.734282 0 0 0 0 0 0 0 0 0 0 0 0 0 0 0 0 0 0 0.0147059 0.0147059 0.0294118 0.0735294 0.117647 0.25 0.132353 0.279412 0.0441176 0.0441176 0 0 0 0 0 

2208 2184 1602 91 0 0.732601 0 0 0 0 0 0 0 0 0 0 0 0 0 0 0 0 0 0 0 0.0294118 0.0294118 0 0.191176 0.264706 0.279412 0.117647 0.0441176 0.0294118 0.0147059 0 0 0 0 

2240 2225 1603 99 0 0.719101 0 0 0 0 0 0 0 0 0 0 0 0 0 0 0 0 0 0.0144928 0 0 0.0434783 0.0724638 0.202899 0.304348 0.231884 0.0724638 0.057971 0 0 0 0 0 0 

2208 2180 1602 87 0 0.733945 0 0 0 0 0 0 0 0 0 0 0 0 0 0 0 0 0 0 0.0147059 0.0147059 0.0441176 0.102941 0.0882353 0.220588 0.176471 0.205882 0.0588235 0.0735294 0 0 0 0 0 

2176 2160 1602 82 0 0.740741 0 0 0 0 0 0 0 0 0 0 0 0 0 0 0 0 0 0 0 0.0149254 0.0149254 0.0447761 0.119403 0.223881 0.298507 0.179104 0.0895522 0.0149254 0 0 0 0 0 

2208 2188 1602 94 0 0.731261 0 0 0 0 0 0 0 0 0 0 0 0 0 0 0 0 0 0 0 0.0294118 0.0441176 0.0735294 0.132353 0.191176 0.235294 0.220588 0.0588235 0.0147059 0 0 0 0 0 

2208 2202 1600 94 0 0.726612 0 0 0 0 0 0 0 0 0 0 0 0 0 0 0 0 0 0 0 0 0.0441176 0.176471 0.161765 0.205882 0.147059 0.147059 0.0882353 0.0294118 0 0 0 0 0 

2208 2179 1602 96 0 0.734282 0 0 0 0 0 0 0 0 0 0 0 0 0 0 0 0 0 0 0 0 0.0588235 0.102941 0.102941 0.117647 0.352941 0.147059 0.117647 0 0 0 0 0 0 

