2240 2218 1602 97 0 0.721371 0 0 0 0 0 0 0 0 0 0 0 0 0 0 0 0 0 0 0.0144928 0.057971 0.0289855 0.0434783 0.173913 0.231884 0.246377 0.130435 0.0724638 0 0 0 0 0 0 

2240 2226 1603 101 0 0.718778 0 0 0 0 0 0 0 0 0 0 0 0 0 0 0 0 0 0.0144928 0.0144928 0.0144928 0.0869565 0.115942 0.0724638 0.202899 0.246377 0.202899 0.0144928 0.0144928 0 0 0 0 0 

2208 2194 1602 91 0 0.729262 0 0 0 0 0 0 0 0 0 0 0 0 0 0 0 0 0 0 0 0.0294118 0.0588235 0.0735294 0.117647 0.235294 0.191176 0.235294 0.0441176 0.0147059 0 0 0 0 0 

2240 2228 1602 98 0 0.718133 0 0 0 0 0 0 0 0 0 0 0 0 0 0 0 0 0 0.0144928 0.0144928 0.0144928 0.0434783 0.115942 0.15942 0.188406 0.275362 0.130435 0.0434783 0 0 0 0 0 0 

2208 2183 1602 90 0 0.732936 0 0 0 0 0 0 0 0 0 0 0 0 0 0 0 0 0 0.0147059 0 0.0294118 0.0441176 0.0441176 0.147059 0.147059 0.294118 0.132353 0.117647 0.0294118 0 0 0 0 0 

2240 2222 1602 98 0 0.720072 0 0 0 0 0 0 0 0 0 0 0 0 0 0 0 0 0 0 0.0144928 0.0144928 0.057971 0.0869565 0.144928 0.289855 0.188406 0.15942 0.0434783 0 0 0 0 0 0 

2240 2221 1602 90 0 0.720396 0 0 0 0 0 0 0 0 0 0 0 0 0 0 0 0 0 0 0.0144928 0.0144928 0.0289855 0.144928 0.15942 0.26087 0.15942 0.130435 0.0724638 0.0144928 0 0 0 0 0 

2240 2216 1603 100 0 0.722022 0 0 0 0 0 0 0 0 0 0 0 0 0 0 0 0 0 0 0 0.0144928 0.0434783 0.0724638 0.202899 0.289855 0.202899 0.0869565 0.0724638 0.0144928 0 0 0 0 0 

2240 2214 1602 88 0 0.722674 0 0 0 0 0 0 0 0 0 0 0 0 0 0 0 0 0 0 0.0144928 0 0.0869565 0.0869565 0.173913 0.217391 0.101449 0.246377 0.0724638 0 0 0 0 0 0 

2208 2190 1602 89 0 0.730594 0 0 0 0 0 0 0 0 0 0 0 0 0 0 0 0 0 0 0 0.0147059 0.0294118 0.0441176 0.205882 0.235294 0.205882 0.205882 0.0588235 0 0 0 0 0 0 

