2240 2220 1602 97 0 0.720721 0 0 0 0 0 0 0 0 0 0 0 0 0 0 0 0 0 0 0 0.0144928 0.0434783 0.144928 0.130435 0.289855 0.15942 0.15942 0.057971 0 0 0 0 0 0 

2208 2200 1602 93 0 0.727273 0 0 0 0 0 0 0 0 0 0 0 0 0 0 0 0 0 0 0 0.0147059 0.0735294 0.102941 0.161765 0.205882 0.147059 0.205882 0.0588235 0.0294118 0 0 0 0 0 

2208 2192 1602 92 0 0.729927 0 0 0 0 0 0 0 0 0 0 0 0 0 0 0 0 0 0 0 0.0294118 0.0441176 0.117647 0.117647 0.161765 0.294118 0.102941 0.102941 0.0294118 0 0 0 0 0 

2208 2189 1602 90 0 0.730927 0 0 0 0 0 0 0 0 0 0 0 0 0 0 0 0 0 0 0 0.0294118 0 0.0735294 0.161765 0.205882 0.279412 0.235294 0.0147059 0 0 0 0 0 0 

2208 2187 1602 86 0 0.731596 0 0 0 0 0 0 0 0 0 0 0 0 0 0 0 0 0 0 0 0 0.0441176 0.0735294 0.176471 0.264706 0.161765 0.176471 0.0735294 0.0294118 0 0 0 0 0 

2176 2166 1603 99 0 0.738689 0 0 0 0 0 0 0 0 0 0 0 0 0 0 0 0 0 0.0149254 0 0 0.0298507 0.0746269 0.119403 0.19403 0.19403 0.268657 0.104478 0 0 0 0 0 0 

2208 2202 1601 96 0 0.726612 0 0 0 0 0 0 0 0 0 0 0 0 0 0 0 0 0 0 0 0.0147059 0.0441176 0.0735294 0.205882 0.220588 0.25 0.132353 0.0294118 0.0294118 0 0 0 0 0 

2240 2211 1602 91 0 0.723654 0 0 0 0 0 0 0 0 0 0 0 0 0 0 0 0 0 0 0 0.0144928 0.0434783 0.115942 0.144928 0.26087 0.15942 0.202899 0.057971 0 0 0 0 0 0 

2240 2226 1602 92 0 0.718778 0 0 0 0 0 0 0 0 0 0 0 0 0 0 0 0 0 0 0 0.0144928 0.0869565 0.057971 0.217391 0.275362 0.188406 0.101449 0.0144928 0.0434783 0 0 0 0 0 

2176 2169 1602 94 0 0.737667 0 0 0 0 0 0 0 0 0 0 0 0 0 0 0 0 0 0.0149254 0 0 0.0298507 0.0597015 0.134328 0.19403 0.253731 0.238806 0.0597015 0.0149254 0 0 0 0 0 

