2240 2214 1602 91 0 0.722674 0 0 0 0 0 0 0 0 0 0 0 0 0 0 0 0 0 0 0.0289855 0.0289855 0.057971 0.057971 0.130435 0.188406 0.275362 0.173913 0.0434783 0.0144928 0 0 0 0 0 

2208 2195 1602 94 0 0.728929 0 0 0 0 0 0 0 0 0 0 0 0 0 0 0 0 0 0 0 0 0.0294118 0.117647 0.147059 0.235294 0.279412 0.117647 0.0588235 0.0147059 0 0 0 0 0 

2208 2189 1603 102 0 0.730927 0 0 0 0 0 0 0 0 0 0 0 0 0 0 0 0 0 0.0147059 0 0.0441176 0.0147059 0.0588235 0.176471 0.161765 0.220588 0.205882 0.0588235 0.0441176 0 0 0 0 0 

2240 2219 1603 99 0 0.721045 0 0 0 0 0 0 0 0 0 0 0 0 0 0 0 0 0 0 0.0144928 0.0434783 0.0434783 0.0724638 0.15942 0.217391 0.217391 0.15942 0.0724638 0 0 0 0 0 0 

2208 2199 1602 93 0 0.727603 0 0 0 0 0 0 0 0 0 0 0 0 0 0 0 0 0 0 0 0 0.0294118 0.0882353 0.191176 0.279412 0.205882 0.161765 0.0294118 0.0147059 0 0 0 0 0 

2240 2217 1602 98 0 0.721696 0 0 0 0 0 0 0 0 0 0 0 0 0 0 0 0 0 0 0.0289855 0.0144928 0.0434783 0.0724638 0.173913 0.202899 0.275362 0.130435 0.0289855 0.0289855 0 0 0 0 0 

2208 2197 1602 93 0 0.728266 0 0 0 0 0 0 0 0 0 0 0 0 0 0 0 0 0 0 0 0.0147059 0.0441176 0.0294118 0.220588 0.25 0.279412 0.0735294 0.0588235 0.0294118 0 0 0 0 0 

2240 2232 1600 97 0 0.716846 0 0 0 0 0 0 0 0 0 0 0 0 0 0 0 0 0 0.0144928 0 0 0.115942 0.188406 0.115942 0.15942 0.15942 0.130435 0.0869565 0.0289855 0 0 0 0 0 

2208 2198 1602 93 0 0.727934 0 0 0 0 0 0 0 0 0 0 0 0 0 0 0 0 0 0 0.0147059 0 0.0147059 0.147059 0.161765 0.205882 0.25 0.102941 0.0588235 0.0441176 0 0 0 0 0 

2240 2219 1602 92 0 0.721045 0 0 0 0 0 0 0 0 0 0 0 0 0 0 0 0 0 0 0 0 0.0144928 0.130435 0.26087 0.15942 0.26087 0.15942 0.0144928 0 0 0 0 0 0 

