2208 2186 1603 103 0 0.73193 0 0 0 0 0 0 0 0 0 0 0 0 0 0 0 0 0 0 0 0 0.0588235 0.0441176 0.205882 0.191176 0.264706 0.117647 0.0882353 0.0147059 0.0147059 0 0 0 0 

2240 2222 1602 97 0 0.720072 0 0 0 0 0 0 0 0 0 0 0 0 0 0 0 0 0 0 0 0.0144928 0.0434783 0.130435 0.202899 0.231884 0.202899 0.0869565 0.057971 0.0289855 0 0 0 0 0 

2208 2190 1602 92 0 0.730594 0 0 0 0 0 0 0 0 0 0 0 0 0 0 0 0 0.0147059 0 0.0147059 0 0.0441176 0.0735294 0.147059 0.176471 0.294118 0.0882353 0.102941 0.0441176 0 0 0 0 0 

2240 2213 1603 102 0 0.723 0 0 0 0 0 0 0 0 0 0 0 0 0 0 0 0 0 0 0.0289855 0.0144928 0.057971 0.101449 0.15942 0.15942 0.217391 0.144928 0.0869565 0.0144928 0.0144928 0 0 0 0 

2240 2216 1603 101 0 0.722022 0 0 0 0 0 0 0 0 0 0 0 0 0 0 0 0 0 0 0 0.0144928 0.0434783 0.0869565 0.188406 0.217391 0.289855 0.101449 0.057971 0 0 0 0 0 0 

2272 2256 1603 101 0 0.70922 0 0 0 0 0 0 0 0 0 0 0 0 0 0 0 0 0 0 0.0285714 0.0142857 0.114286 0.142857 0.128571 0.185714 0.185714 0.157143 0.0428571 0 0 0 0 0 0 

2240 2218 1602 97 0 0.721371 0 0 0 0 0 0 0 0 0 0 0 0 0 0 0 0 0 0 0 0.0289855 0.0434783 0.0869565 0.231884 0.202899 0.173913 0.15942 0.057971 0.0144928 0 0 0 0 0 

2208 2184 1602 92 0 0.732601 0 0 0 0 0 0 0 0 0 0 0 0 0 0 0 0 0 0 0 0.0147059 0.0147059 0.0588235 0.147059 0.235294 0.308824 0.161765 0.0588235 0 0 0 0 0 0 

2176 2167 1602 86 0 0.738348 0 0 0 0 0 0 0 0 0 0 0 0 0 0 0 0 0 0 0 0.0298507 0.0149254 0.0597015 0.164179 0.19403 0.179104 0.268657 0.0597015 0.0298507 0 0 0 0 0 

2208 2189 1602 87 0 0.730927 0 0 0 0 0 0 0 0 0 0 0 0 0 0 0 0 0 0 0 0.0294118 0.0147059 0.117647 0.0735294 0.294118 0.264706 0.0735294 0.102941 0.0294118 0 0 0 0 0 

