2208 2183 1603 101 0 0.732936 0 0 0 0 0 0 0 0 0 0 0 0 0 0 0 0 0 0 0 0.0147059 0.0735294 0.0735294 0.0588235 0.235294 0.25 0.191176 0.0882353 0.0147059 0 0 0 0 0 

2208 2180 1602 94 0 0.733945 0 0 0 0 0 0 0 0 0 0 0 0 0 0 0 0 0 0 0 0.0147059 0.0294118 0.102941 0.132353 0.147059 0.323529 0.132353 0.0735294 0.0441176 0 0 0 0 0 

2240 2220 1603 99 0 0.720721 0 0 0 0 0 0 0 0 0 0 0 0 0 0 0 0 0 0 0 0 0.057971 0.057971 0.231884 0.246377 0.275362 0.101449 0.0144928 0.0144928 0 0 0 0 0 

2272 2243 1602 92 0 0.71333 0 0 0 0 0 0 0 0 0 0 0 0 0 0 0 0 0 0 0 0.0285714 0.0714286 0.128571 0.228571 0.114286 0.242857 0.142857 0.0428571 0 0 0 0 0 0 

2208 2185 1603 99 0 0.732265 0 0 0 0 0 0 0 0 0 0 0 0 0 0 0 0 0 0 0 0.0147059 0.0588235 0.0294118 0.161765 0.25 0.220588 0.147059 0.0882353 0.0294118 0 0 0 0 0 

2208 2200 1600 100 0 0.727273 0 0 0 0 0 0 0 0 0 0 0 0 0 0 0 0 0 0 0 0.0147059 0.0147059 0.0735294 0.205882 0.25 0.279412 0.117647 0.0147059 0.0294118 0 0 0 0 0 

2208 2203 1600 105 0 0.726282 0 0 0 0 0 0 0 0 0 0 0 0 0 0 0 0 0 0 0.0147059 0.0441176 0.0294118 0.0588235 0.132353 0.235294 0.279412 0.147059 0.0441176 0.0147059 0 0 0 0 0 

2176 2169 1602 93 0 0.737667 0 0 0 0 0 0 0 0 0 0 0 0 0 0 0 0 0 0 0 0.0149254 0.0447761 0.0597015 0.134328 0.208955 0.238806 0.179104 0.0895522 0.0298507 0 0 0 0 0 

2240 2215 1602 91 0 0.722348 0 0 0 0 0 0 0 0 0 0 0 0 0 0 0 0 0 0 0.0144928 0.0434783 0.0289855 0.0434783 0.144928 0.246377 0.318841 0.115942 0.0434783 0 0 0 0 0 0 

2240 2227 1602 98 0 0.718455 0 0 0 0 0 0 0 0 0 0 0 0 0 0 0 0 0 0 0.0144928 0 0.057971 0.057971 0.217391 0.318841 0.202899 0.0724638 0.057971 0 0 0 0 0 0 

