2240 2216 1603 101 0 0.722022 0 0 0 0 0 0 0 0 0 0 0 0 0 0 0 0 0 0.0144928 0 0.0289855 0.0289855 0.0724638 0.188406 0.246377 0.173913 0.188406 0.0434783 0.0144928 0 0 0 0 0 

2240 2226 1602 93 0 0.718778 0 0 0 0 0 0 0 0 0 0 0 0 0 0 0 0 0 0 0 0.0289855 0.0289855 0.144928 0.202899 0.246377 0.130435 0.130435 0.0869565 0 0 0 0 0 0 

2208 2196 1602 94 0 0.728597 0 0 0 0 0 0 0 0 0 0 0 0 0 0 0 0 0 0 0.0147059 0.0147059 0.0294118 0.0735294 0.191176 0.25 0.161765 0.161765 0.0735294 0.0294118 0 0 0 0 0 

2176 2166 1602 87 0 0.738689 0 0 0 0 0 0 0 0 0 0 0 0 0 0 0 0 0 0 0 0 0.0149254 0.0597015 0.119403 0.238806 0.298507 0.238806 0.0298507 0 0 0 0 0 0 

2240 2212 1602 93 0 0.723327 0 0 0 0 0 0 0 0 0 0 0 0 0 0 0 0 0 0 0 0.0289855 0.0144928 0.101449 0.188406 0.246377 0.202899 0.144928 0.0724638 0 0 0 0 0 0 

2240 2219 1602 92 0 0.721045 0 0 0 0 0 0 0 0 0 0 0 0 0 0 0 0 0 0 0.0144928 0 0.057971 0.057971 0.231884 0.246377 0.217391 0.0869565 0.0869565 0 0 0 0 0 0 

2208 2190 1602 90 0 0.730594 0 0 0 0 0 0 0 0 0 0 0 0 0 0 0 0 0 0 0 0 0.0441176 0.117647 0.191176 0.147059 0.220588 0.161765 0.102941 0.0147059 0 0 0 0 0 

2208 2199 1602 94 0 0.727603 0 0 0 0 0 0 0 0 0 0 0 0 0 0 0 0 0 0 0.0147059 0 0.0147059 0.102941 0.191176 0.264706 0.176471 0.161765 0.0588235 0.0147059 0 0 0 0 0 

2240 2235 1601 100 0 0.715884 0 0 0 0 0 0 0 0 0 0 0 0 0 0 0 0 0 0 0 0 0.057971 0.173913 0.202899 0.246377 0.173913 0.057971 0.0724638 0.0144928 0 0 0 0 0 

2208 2199 1603 106 0 0.727603 0 0 0 0 0 0 0 0 0 0 0 0 0 0 0 0 0 0 0 0.0147059 0.0882353 0.0735294 0.132353 0.147059 0.367647 0.0882353 0.0735294 0 0.0147059 0 0 0 0 

