2208 2180 1603 100 0 0.733945 0 0 0 0 0 0 0 0 0 0 0 0 0 0 0 0 0 0 0.0147059 0 0.0294118 0.0588235 0.176471 0.235294 0.220588 0.102941 0.102941 0.0588235 0 0 0 0 0 

2208 2197 1602 88 0 0.728266 0 0 0 0 0 0 0 0 0 0 0 0 0 0 0 0 0 0 0 0.0147059 0.0735294 0.0294118 0.279412 0.161765 0.147059 0.176471 0.102941 0.0147059 0 0 0 0 0 

2208 2182 1602 94 0 0.733272 0 0 0 0 0 0 0 0 0 0 0 0 0 0 0 0 0 0 0 0 0.0294118 0.0441176 0.191176 0.264706 0.235294 0.132353 0.0735294 0.0294118 0 0 0 0 0 

2208 2199 1602 91 0 0.727603 0 0 0 0 0 0 0 0 0 0 0 0 0 0 0 0 0 0 0 0.0147059 0.0441176 0.117647 0.102941 0.25 0.235294 0.191176 0.0441176 0 0 0 0 0 0 

2240 2230 1602 95 0 0.717489 0 0 0 0 0 0 0 0 0 0 0 0 0 0 0 0 0 0 0 0.0434783 0.057971 0.130435 0.115942 0.26087 0.202899 0.144928 0.0434783 0 0 0 0 0 0 

2208 2188 1602 94 0 0.731261 0 0 0 0 0 0 0 0 0 0 0 0 0 0 0 0 0 0 0.0147059 0.0147059 0.0441176 0.0882353 0.0882353 0.220588 0.279412 0.132353 0.102941 0.0147059 0 0 0 0 0 

2208 2193 1602 90 0 0.729594 0 0 0 0 0 0 0 0 0 0 0 0 0 0 0 0 0 0 0.0147059 0.0441176 0.0147059 0.102941 0.0735294 0.279412 0.205882 0.147059 0.0882353 0.0294118 0 0 0 0 0 

2176 2169 1600 101 0 0.737667 0 0 0 0 0 0 0 0 0 0 0 0 0 0 0 0 0 0 0 0.0149254 0.0149254 0.104478 0.179104 0.134328 0.253731 0.149254 0.104478 0.0447761 0 0 0 0 0 

2240 2229 1602 95 0 0.717811 0 0 0 0 0 0 0 0 0 0 0 0 0 0 0 0 0 0 0.0144928 0 0.0289855 0.15942 0.173913 0.26087 0.202899 0.115942 0.0434783 0 0 0 0 0 0 

2208 2190 1603 99 0 0.730594 0 0 0 0 0 0 0 0 0 0 0 0 0 0 0 0 0 0 0 0.0147059 0.0441176 0.117647 0.147059 0.147059 0.191176 0.279412 0.0441176 0.0147059 0 0 0 0 0 

