2240 2223 1603 100 0 0.719748 0 0 0 0 0 0 0 0 0 0 0 0 0 0 0 0 0 0 0 0 0.101449 0.115942 0.144928 0.231884 0.217391 0.115942 0.0434783 0.0289855 0 0 0 0 0 

2208 2200 1601 93 0 0.727273 0 0 0 0 0 0 0 0 0 0 0 0 0 0 0 0 0 0 0 0 0.0441176 0.0735294 0.235294 0.25 0.176471 0.147059 0.0441176 0.0294118 0 0 0 0 0 

2208 2185 1602 93 0 0.732265 0 0 0 0 0 0 0 0 0 0 0 0 0 0 0 0 0 0 0.0147059 0.0147059 0.0441176 0.0882353 0.117647 0.176471 0.25 0.176471 0.0882353 0.0294118 0 0 0 0 0 

2240 2213 1602 89 0 0.723 0 0 0 0 0 0 0 0 0 0 0 0 0 0 0 0 0 0 0 0 0.0434783 0.115942 0.101449 0.376812 0.188406 0.115942 0.0434783 0.0144928 0 0 0 0 0 

2208 2199 1602 93 0 0.727603 0 0 0 0 0 0 0 0 0 0 0 0 0 0 0 0 0 0 0 0.0147059 0 0.117647 0.191176 0.279412 0.161765 0.176471 0.0441176 0.0147059 0 0 0 0 0 

2176 2165 1602 90 0 0.73903 0 0 0 0 0 0 0 0 0 0 0 0 0 0 0 0 0 0 0 0.0149254 0 0.0447761 0.134328 0.283582 0.298507 0.134328 0.0447761 0.0447761 0 0 0 0 0 

2208 2186 1602 95 0 0.73193 0 0 0 0 0 0 0 0 0 0 0 0 0 0 0 0 0 0 0 0.0294118 0.0294118 0.0441176 0.235294 0.191176 0.147059 0.205882 0.0882353 0.0294118 0 0 0 0 0 

2208 2185 1602 92 0 0.732265 0 0 0 0 0 0 0 0 0 0 0 0 0 0 0 0 0 0.0147059 0 0 0.0147059 0.0735294 0.102941 0.323529 0.279412 0.0735294 0.102941 0 0.0147059 0 0 0 0 

2272 2252 1602 92 0 0.71048 0 0 0 0 0 0 0 0 0 0 0 0 0 0 0 0 0 0 0.0428571 0.0285714 0.0714286 0.1 0.128571 0.242857 0.228571 0.114286 0.0428571 0 0 0 0 0 0 

2240 2227 1602 91 0 0.718455 0 0 0 0 0 0 0 0 0 0 0 0 0 0 0 0 0 0 0 0.0144928 0.0434783 0.144928 0.231884 0.202899 0.15942 0.130435 0.057971 0.0144928 0 0 0 0 0 

