2240 2231 1603 100 0 0.717167 0 0 0 0 0 0 0 0 0 0 0 0 0 0 0 0 0 0.0144928 0.0144928 0.0289855 0.057971 0.115942 0.115942 0.188406 0.318841 0.101449 0.0144928 0.0144928 0.0144928 0 0 0 0 

2240 2221 1602 85 0 0.720396 0 0 0 0 0 0 0 0 0 0 0 0 0 0 0 0 0 0 0 0.0289855 0.0434783 0.144928 0.188406 0.217391 0.0869565 0.202899 0.0869565 0 0 0 0 0 0 

2208 2185 1602 95 0 0.732265 0 0 0 0 0 0 0 0 0 0 0 0 0 0 0 0 0 0 0 0 0.0147059 0.132353 0.132353 0.220588 0.264706 0.117647 0.102941 0.0147059 0 0 0 0 0 

2208 2191 1602 92 0 0.73026 0 0 0 0 0 0 0 0 0 0 0 0 0 0 0 0 0 0 0 0 0.0735294 0.0441176 0.220588 0.191176 0.191176 0.176471 0.0882353 0.0147059 0 0 0 0 0 

2208 2194 1602 89 0 0.729262 0 0 0 0 0 0 0 0 0 0 0 0 0 0 0 0 0 0 0 0 0.0294118 0.0588235 0.25 0.176471 0.279412 0.147059 0.0588235 0 0 0 0 0 0 

2208 2186 1602 89 0 0.73193 0 0 0 0 0 0 0 0 0 0 0 0 0 0 0 0 0 0 0 0 0.0441176 0.0882353 0.191176 0.191176 0.161765 0.235294 0.0735294 0.0147059 0 0 0 0 0 

2240 2219 1602 90 0 0.721045 0 0 0 0 0 0 0 0 0 0 0 0 0 0 0 0 0 0 0.0144928 0 0.057971 0.115942 0.188406 0.246377 0.173913 0.0869565 0.0869565 0.0289855 0 0 0 0 0 

2208 2185 1602 94 0 0.732265 0 0 0 0 0 0 0 0 0 0 0 0 0 0 0 0 0 0 0 0.0294118 0.0294118 0.0588235 0.132353 0.264706 0.235294 0.132353 0.0882353 0.0294118 0 0 0 0 0 

2240 2217 1602 97 0 0.721696 0 0 0 0 0 0 0 0 0 0 0 0 0 0 0 0 0 0 0 0.0289855 0.0289855 0.101449 0.188406 0.202899 0.26087 0.15942 0.0144928 0.0144928 0 0 0 0 0 

2208 2199 1602 86 0 0.727603 0 0 0 0 0 0 0 0 0 0 0 0 0 0 0 0 0 0 0 0.0147059 0.0735294 0.117647 0.147059 0.205882 0.147059 0.205882 0.0441176 0.0294118 0.0147059 0 0 0 0 

