2240 2227 1602 93 0 0.718455 0 0 0 0 0 0 0 0 0 0 0 0 0 0 0 0 0 0 0.0289855 0.0434783 0.0289855 0.101449 0.15942 0.217391 0.217391 0.130435 0.057971 0.0144928 0 0 0 0 0 

2240 2219 1602 91 0 0.721045 0 0 0 0 0 0 0 0 0 0 0 0 0 0 0 0 0 0.0144928 0 0.0289855 0.0289855 0.115942 0.115942 0.304348 0.144928 0.217391 0 0.0289855 0 0 0 0 0 

2240 2223 1602 93 0 0.719748 0 0 0 0 0 0 0 0 0 0 0 0 0 0 0 0 0 0.0144928 0 0.0144928 0.0724638 0.115942 0.115942 0.246377 0.188406 0.188406 0.0289855 0.0144928 0 0 0 0 0 

2208 2198 1602 89 0 0.727934 0 0 0 0 0 0 0 0 0 0 0 0 0 0 0 0 0 0 0 0.0147059 0.0294118 0.0735294 0.25 0.191176 0.191176 0.191176 0.0441176 0 0.0147059 0 0 0 0 

2208 2195 1602 97 0 0.728929 0 0 0 0 0 0 0 0 0 0 0 0 0 0 0 0 0 0 0.0294118 0.0147059 0.0147059 0.117647 0.117647 0.191176 0.235294 0.205882 0.0588235 0.0147059 0 0 0 0 0 

2208 2198 1602 92 0 0.727934 0 0 0 0 0 0 0 0 0 0 0 0 0 0 0 0 0 0 0 0.0294118 0.0147059 0.102941 0.161765 0.264706 0.176471 0.161765 0.0882353 0 0 0 0 0 0 

2240 2212 1602 88 0 0.723327 0 0 0 0 0 0 0 0 0 0 0 0 0 0 0 0.0144928 0 0 0 0 0.0434783 0.101449 0.144928 0.246377 0.231884 0.130435 0.0869565 0 0 0 0 0 0 

2176 2165 1602 92 0 0.73903 0 0 0 0 0 0 0 0 0 0 0 0 0 0 0 0 0 0 0 0.0149254 0 0.0447761 0.134328 0.298507 0.208955 0.223881 0.0746269 0 0 0 0 0 0 

2240 2233 1602 98 0 0.716525 0 0 0 0 0 0 0 0 0 0 0 0 0 0 0 0 0 0 0.0144928 0.0144928 0.0869565 0.0869565 0.202899 0.246377 0.173913 0.101449 0.0434783 0.0289855 0 0 0 0 0 

2208 2200 1600 96 0 0.727273 0 0 0 0 0 0 0 0 0 0 0 0 0 0 0 0 0 0 0.0294118 0.0147059 0.0588235 0.102941 0.132353 0.161765 0.191176 0.205882 0.0882353 0.0147059 0 0 0 0 0 

