2240 2231 1602 95 0 0.717167 0 0 0 0 0 0 0 0 0 0 0 0 0 0 0 0 0 0 0.0144928 0.0144928 0.0434783 0.173913 0.231884 0.115942 0.188406 0.130435 0.0724638 0.0144928 0 0 0 0 0 

2208 2184 1602 85 0 0.732601 0 0 0 0 0 0 0 0 0 0 0 0 0 0 0 0 0 0 0.0147059 0.0294118 0.0147059 0.0294118 0.220588 0.161765 0.235294 0.191176 0.0735294 0.0294118 0 0 0 0 0 

2208 2192 1602 86 0 0.729927 0 0 0 0 0 0 0 0 0 0 0 0 0 0 0 0 0 0 0 0.0294118 0 0.0735294 0.147059 0.338235 0.176471 0.161765 0.0588235 0.0147059 0 0 0 0 0 

2240 2232 1602 91 0 0.716846 0 0 0 0 0 0 0 0 0 0 0 0 0 0 0 0 0 0 0 0 0.0724638 0.144928 0.188406 0.246377 0.188406 0.115942 0.0289855 0.0144928 0 0 0 0 0 

2208 2197 1602 97 0 0.728266 0 0 0 0 0 0 0 0 0 0 0 0 0 0 0 0 0 0 0 0.0441176 0.0294118 0.0882353 0.191176 0.191176 0.176471 0.161765 0.0882353 0.0294118 0 0 0 0 0 

2240 2221 1602 96 0 0.720396 0 0 0 0 0 0 0 0 0 0 0 0 0 0 0 0 0 0.0144928 0.0144928 0 0.0289855 0.101449 0.202899 0.188406 0.26087 0.15942 0.0144928 0.0144928 0 0 0 0 0 

2240 2222 1602 97 0 0.720072 0 0 0 0 0 0 0 0 0 0 0 0 0 0 0 0 0 0.0144928 0 0.0289855 0.0724638 0.057971 0.15942 0.188406 0.289855 0.144928 0.0434783 0 0 0 0 0 0 

2240 2212 1602 95 0 0.723327 0 0 0 0 0 0 0 0 0 0 0 0 0 0 0 0 0 0 0 0.0434783 0.0289855 0.0724638 0.217391 0.246377 0.130435 0.144928 0.101449 0.0144928 0 0 0 0 0 

2208 2195 1602 93 0 0.728929 0 0 0 0 0 0 0 0 0 0 0 0 0 0 0 0 0 0 0.0147059 0.0294118 0.0441176 0.0441176 0.117647 0.264706 0.25 0.176471 0.0441176 0 0.0147059 0 0 0 0 

2208 2190 1602 94 0 0.730594 0 0 0 0 0 0 0 0 0 0 0 0 0 0 0 0 0 0 0 0.0294118 0.0294118 0.0882353 0.147059 0.176471 0.279412 0.176471 0.0441176 0.0294118 0 0 0 0 0 

