2240 2213 1602 92 0 0.723 0 0 0 0 0 0 0 0 0 0 0 0 0 0 0 0 0 0 0 0.0289855 0.0434783 0.0869565 0.173913 0.217391 0.275362 0.0869565 0.057971 0.0289855 0 0 0 0 0 

2208 2198 1602 87 0 0.727934 0 0 0 0 0 0 0 0 0 0 0 0 0 0 0 0 0 0 0.0147059 0.0294118 0.0441176 0.0441176 0.117647 0.235294 0.323529 0.132353 0.0588235 0 0 0 0 0 0 

2208 2198 1602 93 0 0.727934 0 0 0 0 0 0 0 0 0 0 0 0 0 0 0 0 0 0 0 0.0294118 0.0147059 0.132353 0.147059 0.25 0.176471 0.147059 0.0735294 0.0294118 0 0 0 0 0 

2240 2227 1602 94 0 0.718455 0 0 0 0 0 0 0 0 0 0 0 0 0 0 0 0 0 0.0144928 0 0.0144928 0.0289855 0.130435 0.188406 0.275362 0.144928 0.130435 0.0724638 0 0 0 0 0 0 

2176 2169 1601 89 0 0.737667 0 0 0 0 0 0 0 0 0 0 0 0 0 0 0 0 0 0 0.0149254 0 0.0149254 0.104478 0.104478 0.238806 0.164179 0.268657 0.0895522 0 0 0 0 0 0 

2240 2224 1603 101 0 0.719424 0 0 0 0 0 0 0 0 0 0 0 0 0 0 0 0 0 0 0 0.0434783 0.0144928 0.144928 0.15942 0.246377 0.188406 0.144928 0.0434783 0.0144928 0 0 0 0 0 

2208 2187 1602 92 0 0.731596 0 0 0 0 0 0 0 0 0 0 0 0 0 0 0 0 0 0 0 0.0294118 0.0441176 0.0441176 0.235294 0.132353 0.25 0.117647 0.117647 0.0147059 0.0147059 0 0 0 0 

2208 2194 1602 97 0 0.729262 0 0 0 0 0 0 0 0 0 0 0 0 0 0 0 0 0 0.0147059 0 0.0294118 0.0147059 0.0882353 0.147059 0.264706 0.176471 0.132353 0.102941 0.0294118 0 0 0 0 0 

2208 2196 1602 89 0 0.728597 0 0 0 0 0 0 0 0 0 0 0 0 0 0 0 0 0 0 0 0.0147059 0.0441176 0.0294118 0.191176 0.279412 0.235294 0.147059 0.0588235 0 0 0 0 0 0 

2240 2220 1603 99 0 0.720721 0 0 0 0 0 0 0 0 0 0 0 0 0 0 0 0 0 0 0.057971 0 0.0144928 0.115942 0.15942 0.246377 0.173913 0.101449 0.115942 0.0144928 0 0 0 0 0 

