2208 2194 1602 89 0 0.729262 0 0 0 0 0 0 0 0 0 0 0 0 0 0 0 0 0 0 0 0.0147059 0.0147059 0.102941 0.161765 0.235294 0.235294 0.191176 0.0294118 0.0147059 0 0 0 0 0 

2240 2222 1602 92 0 0.720072 0 0 0 0 0 0 0 0 0 0 0 0 0 0 0 0 0.0144928 0 0 0 0.057971 0.0869565 0.15942 0.318841 0.144928 0.188406 0.0144928 0.0144928 0 0 0 0 0 

2208 2200 1600 92 0 0.727273 0 0 0 0 0 0 0 0 0 0 0 0 0 0 0 0 0.0147059 0 0.0147059 0 0.0441176 0.0882353 0.117647 0.279412 0.161765 0.205882 0.0588235 0.0147059 0 0 0 0 0 

2144 2128 1602 88 0 0.75188 0 0 0 0 0 0 0 0 0 0 0 0 0 0 0 0 0 0 0 0 0.0151515 0.0606061 0.030303 0.212121 0.348485 0.19697 0.0757576 0.0454545 0.0151515 0 0 0 0 

2208 2201 1601 88 0 0.726942 0 0 0 0 0 0 0 0 0 0 0 0 0 0 0 0 0 0 0.0147059 0 0.0294118 0.102941 0.176471 0.279412 0.161765 0.176471 0.0147059 0.0441176 0 0 0 0 0 

2208 2190 1602 93 0 0.730594 0 0 0 0 0 0 0 0 0 0 0 0 0 0 0 0 0 0 0 0 0.0441176 0.0588235 0.205882 0.25 0.191176 0.147059 0.0882353 0.0147059 0 0 0 0 0 

2240 2214 1602 90 0 0.722674 0 0 0 0 0 0 0 0 0 0 0 0 0 0 0 0 0 0 0 0.0289855 0.0289855 0.0434783 0.231884 0.26087 0.188406 0.188406 0.0289855 0 0 0 0 0 0 

2208 2195 1602 92 0 0.728929 0 0 0 0 0 0 0 0 0 0 0 0 0 0 0 0 0 0.0147059 0 0.0147059 0.0441176 0.0441176 0.191176 0.220588 0.25 0.102941 0.0882353 0.0294118 0 0 0 0 0 

2208 2190 1603 99 0 0.730594 0 0 0 0 0 0 0 0 0 0 0 0 0 0 0 0 0 0 0.0294118 0 0.0735294 0.117647 0.0735294 0.147059 0.220588 0.220588 0.0882353 0.0294118 0 0 0 0 0 

2208 2192 1602 94 0 0.729927 0 0 0 0 0 0 0 0 0 0 0 0 0 0 0 0 0 0 0 0.0294118 0.0441176 0.0882353 0.147059 0.220588 0.191176 0.161765 0.0882353 0.0294118 0 0 0 0 0 

