2208 2189 1602 98 0 0.730927 0 0 0 0 0 0 0 0 0 0 0 0 0 0 0 0 0 0 0 0.0441176 0 0.0882353 0.132353 0.235294 0.235294 0.176471 0.0882353 0 0 0 0 0 0 

2208 2182 1603 99 0 0.733272 0 0 0 0 0 0 0 0 0 0 0 0 0 0 0 0 0 0 0 0 0.0147059 0.117647 0.102941 0.235294 0.264706 0.205882 0.0441176 0.0147059 0 0 0 0 0 

2240 2215 1602 90 0 0.722348 0 0 0 0 0 0 0 0 0 0 0 0 0 0 0 0 0 0 0 0 0.0724638 0.144928 0.144928 0.202899 0.173913 0.188406 0.0724638 0 0 0 0 0 0 

2240 2218 1602 97 0 0.721371 0 0 0 0 0 0 0 0 0 0 0 0 0 0 0 0 0 0 0 0.0434783 0.0289855 0.0869565 0.188406 0.217391 0.26087 0.101449 0.057971 0.0144928 0 0 0 0 0 

2240 2217 1602 95 0 0.721696 0 0 0 0 0 0 0 0 0 0 0 0 0 0 0 0 0 0 0 0 0.0724638 0.0869565 0.173913 0.231884 0.275362 0.101449 0.057971 0 0 0 0 0 0 

2208 2199 1602 92 0 0.727603 0 0 0 0 0 0 0 0 0 0 0 0 0 0 0 0 0 0.0147059 0.0147059 0.0147059 0.0588235 0.0441176 0.147059 0.191176 0.308824 0.117647 0.0441176 0.0441176 0 0 0 0 0 

2240 2212 1602 88 0 0.723327 0 0 0 0 0 0 0 0 0 0 0 0 0 0 0 0 0 0 0 0.0144928 0.0434783 0.0724638 0.173913 0.275362 0.246377 0.130435 0.0289855 0 0.0144928 0 0 0 0 

2176 2169 1602 92 0 0.737667 0 0 0 0 0 0 0 0 0 0 0 0 0 0 0 0 0 0 0.0149254 0 0.0149254 0.104478 0.134328 0.223881 0.19403 0.164179 0.134328 0 0.0149254 0 0 0 0 

2208 2190 1602 90 0 0.730594 0 0 0 0 0 0 0 0 0 0 0 0 0 0 0 0 0 0 0 0 0 0.147059 0.102941 0.323529 0.191176 0.161765 0.0588235 0.0147059 0 0 0 0 0 

2240 2216 1602 93 0 0.722022 0 0 0 0 0 0 0 0 0 0 0 0 0 0 0 0 0 0 0 0.0144928 0.0724638 0.057971 0.246377 0.188406 0.217391 0.115942 0.057971 0.0289855 0 0 0 0 0 

