2176 2169 1602 95 0 0.737667 0 0 0 0 0 0 0 0 0 0 0 0 0 0 0 0 0 0 0 0 0.0447761 0.0447761 0.134328 0.253731 0.238806 0.208955 0.0597015 0.0149254 0 0 0 0 0 

2176 2168 1600 91 0 0.738007 0 0 0 0 0 0 0 0 0 0 0 0 0 0 0 0 0 0.0149254 0 0.0447761 0 0.0746269 0.134328 0.134328 0.298507 0.149254 0.0895522 0.0597015 0 0 0 0 0 

2240 2215 1602 96 0 0.722348 0 0 0 0 0 0 0 0 0 0 0 0 0 0 0 0 0 0 0 0.0289855 0.0434783 0.0869565 0.15942 0.275362 0.217391 0.101449 0.0724638 0.0144928 0 0 0 0 0 

2208 2197 1602 96 0 0.728266 0 0 0 0 0 0 0 0 0 0 0 0 0 0 0 0 0 0 0 0.0147059 0.0147059 0.147059 0.147059 0.161765 0.323529 0.132353 0.0294118 0.0294118 0 0 0 0 0 

2240 2213 1602 92 0 0.723 0 0 0 0 0 0 0 0 0 0 0 0 0 0 0 0 0 0 0 0.0144928 0.0144928 0.101449 0.144928 0.304348 0.275362 0.115942 0.0289855 0 0 0 0 0 0 

2240 2216 1603 99 0 0.722022 0 0 0 0 0 0 0 0 0 0 0 0 0 0 0 0 0 0 0 0.0144928 0.057971 0.101449 0.115942 0.26087 0.275362 0.130435 0.0434783 0 0 0 0 0 0 

2176 2165 1603 99 0 0.73903 0 0 0 0 0 0 0 0 0 0 0 0 0 0 0 0 0 0 0 0.0149254 0.0597015 0.0149254 0.149254 0.164179 0.238806 0.298507 0.0447761 0.0149254 0 0 0 0 0 

2208 2186 1603 102 0 0.73193 0 0 0 0 0 0 0 0 0 0 0 0 0 0 0 0 0 0 0 0.0294118 0.0441176 0.0882353 0.161765 0.161765 0.176471 0.205882 0.102941 0.0294118 0 0 0 0 0 

2208 2195 1602 94 0 0.728929 0 0 0 0 0 0 0 0 0 0 0 0 0 0 0 0 0 0 0 0 0.0441176 0.147059 0.132353 0.161765 0.25 0.220588 0.0294118 0.0147059 0 0 0 0 0 

2208 2200 1602 95 0 0.727273 0 0 0 0 0 0 0 0 0 0 0 0 0 0 0 0 0 0 0 0 0.0588235 0.0441176 0.294118 0.205882 0.147059 0.176471 0.0441176 0.0147059 0.0147059 0 0 0 0 

