2208 2200 1603 101 0 0.727273 0 0 0 0 0 0 0 0 0 0 0 0 0 0 0 0 0 0 0 0.0441176 0.0147059 0.0588235 0.235294 0.161765 0.25 0.191176 0.0147059 0.0294118 0 0 0 0 0 

2208 2183 1602 93 0 0.732936 0 0 0 0 0 0 0 0 0 0 0 0 0 0 0 0 0 0 0 0.0147059 0.0294118 0.0588235 0.205882 0.25 0.147059 0.132353 0.132353 0.0294118 0 0 0 0 0 

2240 2211 1602 94 0 0.723654 0 0 0 0 0 0 0 0 0 0 0 0 0 0 0 0 0 0 0 0 0.0869565 0.115942 0.130435 0.188406 0.275362 0.115942 0.057971 0.0289855 0 0 0 0 0 

2208 2192 1602 92 0 0.729927 0 0 0 0 0 0 0 0 0 0 0 0 0 0 0 0 0 0 0 0 0.0147059 0.0882353 0.117647 0.294118 0.323529 0.147059 0.0147059 0 0 0 0 0 0 

2208 2203 1600 86 0 0.726282 0 0 0 0 0 0 0 0 0 0 0 0 0 0 0 0 0 0.0147059 0.0147059 0 0.0147059 0.117647 0.117647 0.264706 0.264706 0.117647 0.0735294 0 0 0 0 0 0 

2272 2259 1602 95 0 0.708278 0 0 0 0 0 0 0 0 0 0 0 0 0 0 0 0 0 0 0.0142857 0.0285714 0.1 0.114286 0.185714 0.228571 0.185714 0.1 0.0428571 0 0 0 0 0 0 

2240 2232 1601 101 0 0.716846 0 0 0 0 0 0 0 0 0 0 0 0 0 0 0 0 0 0 0 0.0434783 0.0869565 0.130435 0.15942 0.217391 0.115942 0.144928 0.0724638 0.0289855 0 0 0 0 0 

2240 2223 1603 100 0 0.719748 0 0 0 0 0 0 0 0 0 0 0 0 0 0 0 0 0 0 0 0.0144928 0.101449 0.115942 0.15942 0.188406 0.173913 0.144928 0.101449 0 0 0 0 0 0 

2208 2186 1602 91 0 0.73193 0 0 0 0 0 0 0 0 0 0 0 0 0 0 0 0 0 0 0 0.0147059 0.0588235 0.132353 0.102941 0.191176 0.235294 0.0588235 0.161765 0.0441176 0 0 0 0 0 

2208 2197 1602 97 0 0.728266 0 0 0 0 0 0 0 0 0 0 0 0 0 0 0 0 0 0 0 0.0294118 0.0147059 0.102941 0.176471 0.205882 0.264706 0.102941 0.0882353 0.0147059 0 0 0 0 0 

