2208 2191 1603 101 0 0.73026 0 0 0 0 0 0 0 0 0 0 0 0 0 0 0 0 0 0 0 0 0.0882353 0.0882353 0.191176 0.147059 0.117647 0.264706 0.0735294 0.0294118 0 0 0 0 0 

2208 2194 1602 86 0 0.729262 0 0 0 0 0 0 0 0 0 0 0 0 0 0 0 0 0 0 0 0.0294118 0.0441176 0.102941 0.147059 0.205882 0.161765 0.220588 0.0588235 0.0294118 0 0 0 0 0 

2240 2226 1602 96 0 0.718778 0 0 0 0 0 0 0 0 0 0 0 0 0 0 0 0 0 0 0 0.0289855 0.0289855 0.144928 0.15942 0.275362 0.202899 0.0724638 0.0869565 0 0 0 0 0 0 

2208 2201 1602 92 0 0.726942 0 0 0 0 0 0 0 0 0 0 0 0 0 0 0 0 0 0 0 0 0.0441176 0.0588235 0.25 0.205882 0.235294 0.161765 0.0441176 0 0 0 0 0 0 

2208 2199 1602 96 0 0.727603 0 0 0 0 0 0 0 0 0 0 0 0 0 0 0 0 0 0 0.0147059 0 0.0588235 0.102941 0.0882353 0.308824 0.220588 0.102941 0.0882353 0 0.0147059 0 0 0 0 

2176 2169 1600 86 0 0.737667 0 0 0 0 0 0 0 0 0 0 0 0 0 0 0 0 0 0.0149254 0 0.0149254 0.0298507 0.104478 0.0597015 0.19403 0.238806 0.238806 0.0895522 0.0149254 0 0 0 0 0 

2208 2186 1602 86 0 0.73193 0 0 0 0 0 0 0 0 0 0 0 0 0 0 0 0 0.0147059 0 0 0 0.0294118 0.0294118 0.132353 0.264706 0.352941 0.102941 0.0588235 0.0147059 0 0 0 0 0 

2208 2199 1602 93 0 0.727603 0 0 0 0 0 0 0 0 0 0 0 0 0 0 0 0 0 0.0147059 0 0 0.0441176 0.132353 0.132353 0.191176 0.220588 0.191176 0.0588235 0.0147059 0 0 0 0 0 

2240 2232 1601 97 0 0.716846 0 0 0 0 0 0 0 0 0 0 0 0 0 0 0 0 0 0 0 0.0289855 0.0869565 0.057971 0.217391 0.202899 0.289855 0.057971 0.057971 0 0 0 0 0 0 

2240 2213 1602 86 0 0.723 0 0 0 0 0 0 0 0 0 0 0 0 0 0 0 0 0 0.0144928 0 0.0144928 0.057971 0.101449 0.144928 0.217391 0.188406 0.15942 0.101449 0 0 0 0 0 0 

