2240 2218 1603 102 0 0.721371 0 0 0 0 0 0 0 0 0 0 0 0 0 0 0 0 0 0 0 0 0.115942 0.130435 0.144928 0.173913 0.173913 0.173913 0.057971 0 0.0289855 0 0 0 0 

2208 2183 1603 102 0 0.732936 0 0 0 0 0 0 0 0 0 0 0 0 0 0 0 0 0 0 0 0.0441176 0.0588235 0.0147059 0.102941 0.235294 0.25 0.191176 0.0882353 0.0147059 0 0 0 0 0 

2176 2165 1602 93 0 0.73903 0 0 0 0 0 0 0 0 0 0 0 0 0 0 0 0 0 0 0 0.0149254 0.0447761 0 0.119403 0.283582 0.223881 0.253731 0.0597015 0 0 0 0 0 0 

2176 2157 1601 80 0 0.741771 0 0 0 0 0 0 0 0 0 0 0 0 0 0 0 0 0 0 0 0 0 0.0597015 0.164179 0.238806 0.19403 0.253731 0.0746269 0.0149254 0 0 0 0 0 

2240 2216 1603 99 0 0.722022 0 0 0 0 0 0 0 0 0 0 0 0 0 0 0 0 0 0 0 0.0144928 0.101449 0.057971 0.202899 0.15942 0.217391 0.173913 0.057971 0.0144928 0 0 0 0 0 

2240 2219 1603 99 0 0.721045 0 0 0 0 0 0 0 0 0 0 0 0 0 0 0 0 0.0144928 0 0.0144928 0.0144928 0.0289855 0.0724638 0.188406 0.202899 0.231884 0.202899 0.0289855 0 0 0 0 0 0 

2208 2182 1602 96 0 0.733272 0 0 0 0 0 0 0 0 0 0 0 0 0 0 0 0 0 0 0 0 0.0588235 0.0735294 0.235294 0.147059 0.117647 0.235294 0.0882353 0.0441176 0 0 0 0 0 

2240 2229 1602 91 0 0.717811 0 0 0 0 0 0 0 0 0 0 0 0 0 0 0 0 0 0 0 0.0144928 0.0434783 0.173913 0.217391 0.144928 0.231884 0.115942 0.0434783 0 0.0144928 0 0 0 0 

2208 2190 1603 100 0 0.730594 0 0 0 0 0 0 0 0 0 0 0 0 0 0 0 0 0 0 0.0147059 0.0147059 0.0294118 0.0294118 0.205882 0.294118 0.132353 0.161765 0.0735294 0.0441176 0 0 0 0 0 

2208 2203 1600 96 0 0.726282 0 0 0 0 0 0 0 0 0 0 0 0 0 0 0 0 0 0 0.0147059 0.0147059 0.0735294 0.0735294 0.117647 0.25 0.205882 0.205882 0.0147059 0.0294118 0 0 0 0 0 

