2240 2214 1602 97 0 0.722674 0 0 0 0 0 0 0 0 0 0 0 0 0 0 0 0 0 0.0144928 0 0.0144928 0.057971 0.0434783 0.202899 0.202899 0.26087 0.144928 0.0434783 0.0144928 0 0 0 0 0 

2240 2222 1602 94 0 0.720072 0 0 0 0 0 0 0 0 0 0 0 0 0 0 0 0 0 0 0 0.0144928 0.057971 0.0724638 0.246377 0.246377 0.173913 0.130435 0.0289855 0.0289855 0 0 0 0 0 

2208 2200 1601 89 0 0.727273 0 0 0 0 0 0 0 0 0 0 0 0 0 0 0 0 0 0 0 0.0147059 0.0147059 0.176471 0.191176 0.147059 0.191176 0.161765 0.0735294 0.0294118 0 0 0 0 0 

2208 2195 1602 95 0 0.728929 0 0 0 0 0 0 0 0 0 0 0 0 0 0 0 0 0 0 0.0147059 0.0294118 0.0147059 0.117647 0.161765 0.25 0.102941 0.161765 0.117647 0.0147059 0.0147059 0 0 0 0 

2240 2212 1603 99 0 0.723327 0 0 0 0 0 0 0 0 0 0 0 0 0 0 0 0 0 0.0144928 0 0.0144928 0.0144928 0.0724638 0.202899 0.289855 0.173913 0.130435 0.0724638 0.0144928 0 0 0 0 0 

2240 2230 1602 89 0 0.717489 0 0 0 0 0 0 0 0 0 0 0 0 0 0 0 0 0 0 0 0.0289855 0.0289855 0.101449 0.217391 0.318841 0.130435 0.130435 0.0434783 0 0 0 0 0 0 

2240 2216 1602 95 0 0.722022 0 0 0 0 0 0 0 0 0 0 0 0 0 0 0 0 0 0 0 0.0144928 0.057971 0.0724638 0.202899 0.26087 0.173913 0.15942 0.0434783 0.0144928 0 0 0 0 0 

2208 2202 1600 93 0 0.726612 0 0 0 0 0 0 0 0 0 0 0 0 0 0 0 0 0 0 0 0.0147059 0.0441176 0.117647 0.147059 0.220588 0.264706 0.102941 0.0735294 0.0147059 0 0 0 0 0 

2208 2180 1602 97 0 0.733945 0 0 0 0 0 0 0 0 0 0 0 0 0 0 0 0 0 0 0 0.0294118 0.0147059 0.0735294 0.117647 0.220588 0.294118 0.132353 0.102941 0.0147059 0 0 0 0 0 

2208 2183 1602 88 0 0.732936 0 0 0 0 0 0 0 0 0 0 0 0 0 0 0 0 0 0 0 0.0147059 0.0441176 0.0735294 0.176471 0.176471 0.235294 0.161765 0.0588235 0.0588235 0 0 0 0 0 

