2208 2182 1602 92 0 0.733272 0 0 0 0 0 0 0 0 0 0 0 0 0 0 0 0 0 0 0 0.0147059 0.0147059 0.0588235 0.220588 0.161765 0.294118 0.132353 0.0588235 0.0441176 0 0 0 0 0 

2240 2217 1602 92 0 0.721696 0 0 0 0 0 0 0 0 0 0 0 0 0 0 0 0 0 0.0289855 0 0.0144928 0.057971 0.0724638 0.130435 0.246377 0.231884 0.144928 0.057971 0 0.0144928 0 0 0 0 

2208 2198 1602 90 0 0.727934 0 0 0 0 0 0 0 0 0 0 0 0 0 0 0 0 0 0 0.0147059 0 0.0588235 0.102941 0.176471 0.147059 0.235294 0.161765 0.102941 0 0 0 0 0 0 

2240 2231 1602 90 0 0.717167 0 0 0 0 0 0 0 0 0 0 0 0 0 0 0 0 0 0 0.0144928 0.0144928 0.0434783 0.130435 0.130435 0.289855 0.26087 0.0724638 0.0434783 0 0 0 0 0 0 

2176 2167 1602 89 0 0.738348 0 0 0 0 0 0 0 0 0 0 0 0 0 0 0 0 0 0 0 0.0149254 0.0149254 0.0298507 0.19403 0.253731 0.149254 0.253731 0.0895522 0 0 0 0 0 0 

2240 2211 1602 92 0 0.723654 0 0 0 0 0 0 0 0 0 0 0 0 0 0 0 0 0 0 0 0.0289855 0.0434783 0.101449 0.188406 0.188406 0.188406 0.173913 0.0724638 0.0144928 0 0 0 0 0 

2208 2199 1602 93 0 0.727603 0 0 0 0 0 0 0 0 0 0 0 0 0 0 0 0 0 0 0.0147059 0.0294118 0.0147059 0.0441176 0.220588 0.25 0.147059 0.220588 0.0588235 0 0 0 0 0 0 

2208 2192 1602 93 0 0.729927 0 0 0 0 0 0 0 0 0 0 0 0 0 0 0 0 0 0 0 0.0147059 0.0588235 0.0441176 0.161765 0.220588 0.25 0.191176 0.0588235 0 0 0 0 0 0 

2208 2202 1601 89 0 0.726612 0 0 0 0 0 0 0 0 0 0 0 0 0 0 0 0 0 0 0.0147059 0.0441176 0.0294118 0.0735294 0.102941 0.367647 0.117647 0.132353 0.0882353 0.0294118 0 0 0 0 0 

2208 2188 1602 95 0 0.731261 0 0 0 0 0 0 0 0 0 0 0 0 0 0 0 0 0 0 0 0 0.0588235 0.0882353 0.132353 0.25 0.205882 0.147059 0.102941 0.0147059 0 0 0 0 0 

