2176 2157 1602 96 0 0.741771 0 0 0 0 0 0 0 0 0 0 0 0 0 0 0 0 0 0 0 0 0.0149254 0.0597015 0.0895522 0.238806 0.283582 0.253731 0.0597015 0 0 0 0 0 0 

2208 2199 1602 91 0 0.727603 0 0 0 0 0 0 0 0 0 0 0 0 0 0 0 0 0 0.0147059 0 0.0147059 0.0441176 0.132353 0.117647 0.235294 0.191176 0.132353 0.0441176 0.0735294 0 0 0 0 0 

2240 2219 1602 94 0 0.721045 0 0 0 0 0 0 0 0 0 0 0 0 0 0 0 0 0 0 0 0 0.0724638 0.15942 0.115942 0.289855 0.130435 0.15942 0.0434783 0.0144928 0.0144928 0 0 0 0 

2208 2188 1602 95 0 0.731261 0 0 0 0 0 0 0 0 0 0 0 0 0 0 0 0 0 0 0.0147059 0.0147059 0.0294118 0.0588235 0.117647 0.279412 0.205882 0.205882 0.0735294 0 0 0 0 0 0 

2272 2245 1603 101 0 0.712695 0 0 0 0 0 0 0 0 0 0 0 0 0 0 0 0 0 0 0.0142857 0.0714286 0 0.142857 0.142857 0.242857 0.214286 0.142857 0 0.0285714 0 0 0 0 0 

2240 2211 1602 86 0 0.723654 0 0 0 0 0 0 0 0 0 0 0 0 0 0 0 0 0 0 0 0.0144928 0.0289855 0.130435 0.188406 0.188406 0.246377 0.115942 0.057971 0.0289855 0 0 0 0 0 

2240 2225 1602 87 0 0.719101 0 0 0 0 0 0 0 0 0 0 0 0 0 0 0 0 0 0 0 0.0144928 0.0724638 0.0869565 0.130435 0.362319 0.15942 0.130435 0.0434783 0 0 0 0 0 0 

2208 2196 1602 91 0 0.728597 0 0 0 0 0 0 0 0 0 0 0 0 0 0 0 0 0 0 0 0 0.0441176 0.0441176 0.25 0.25 0.205882 0.132353 0.0441176 0.0147059 0.0147059 0 0 0 0 

2240 2217 1602 94 0 0.721696 0 0 0 0 0 0 0 0 0 0 0 0 0 0 0 0.0144928 0 0 0.0144928 0.0289855 0.057971 0.057971 0.130435 0.202899 0.289855 0.115942 0.057971 0.0289855 0 0 0 0 0 

2240 2217 1602 96 0 0.721696 0 0 0 0 0 0 0 0 0 0 0 0 0 0 0 0 0 0 0.0144928 0 0.057971 0.0724638 0.202899 0.217391 0.275362 0.0869565 0.057971 0.0144928 0 0 0 0 0 

