2240 2211 1602 92 0 0.723654 0 0 0 0 0 0 0 0 0 0 0 0 0 0 0 0 0 0 0 0.0144928 0.0434783 0.0724638 0.188406 0.231884 0.26087 0.130435 0.057971 0 0 0 0 0 0 

2240 2223 1602 97 0 0.719748 0 0 0 0 0 0 0 0 0 0 0 0 0 0 0 0 0 0 0 0.0289855 0.0724638 0.0869565 0.217391 0.15942 0.26087 0.101449 0.0289855 0.0434783 0 0 0 0 0 

2304 2282 1603 110 0 0.701139 0 0 0 0 0 0 0 0 0 0 0 0 0 0 0 0 0 0 0.0140845 0.056338 0.0422535 0.140845 0.28169 0.211268 0.112676 0.112676 0.028169 0 0 0 0 0 0 

2208 2190 1602 93 0 0.730594 0 0 0 0 0 0 0 0 0 0 0 0 0 0 0 0 0 0.0147059 0 0 0.0147059 0.0441176 0.191176 0.25 0.235294 0.220588 0.0294118 0 0 0 0 0 0 

2240 2213 1602 91 0 0.723 0 0 0 0 0 0 0 0 0 0 0 0 0 0 0 0 0 0 0.0144928 0 0.0289855 0.0724638 0.173913 0.333333 0.202899 0.101449 0.0724638 0 0 0 0 0 0 

2208 2196 1603 99 0 0.728597 0 0 0 0 0 0 0 0 0 0 0 0 0 0 0 0 0 0.0147059 0 0.0147059 0.0147059 0.0882353 0.161765 0.235294 0.264706 0.102941 0.0735294 0.0294118 0 0 0 0 0 

2208 2199 1600 91 0 0.727603 0 0 0 0 0 0 0 0 0 0 0 0 0 0 0 0 0 0.0294118 0.0147059 0 0.0588235 0.0735294 0.132353 0.161765 0.264706 0.147059 0.102941 0.0147059 0 0 0 0 0 

2272 2244 1602 98 0 0.713012 0 0 0 0 0 0 0 0 0 0 0 0 0 0 0 0 0 0 0 0.0285714 0.0285714 0.157143 0.228571 0.214286 0.157143 0.142857 0.0428571 0 0 0 0 0 0 

2240 2226 1603 103 0 0.718778 0 0 0 0 0 0 0 0 0 0 0 0 0 0 0 0 0 0 0.0144928 0.0289855 0.0289855 0.15942 0.188406 0.130435 0.231884 0.144928 0.057971 0.0144928 0 0 0 0 0 

2208 2193 1602 89 0 0.729594 0 0 0 0 0 0 0 0 0 0 0 0 0 0 0 0 0 0 0.0147059 0 0.0294118 0.0882353 0.176471 0.205882 0.25 0.147059 0.0735294 0.0147059 0 0 0 0 0 

