2240 2216 1602 95 0 0.722022 0 0 0 0 0 0 0 0 0 0 0 0 0 0 0 0 0 0 0.0144928 0.0144928 0.0144928 0.115942 0.15942 0.26087 0.246377 0.130435 0.0144928 0.0289855 0 0 0 0 0 

2272 2246 1602 96 0 0.712378 0 0 0 0 0 0 0 0 0 0 0 0 0 0 0.0142857 0 0 0 0 0.0285714 0.0571429 0.142857 0.114286 0.314286 0.128571 0.114286 0.0857143 0 0 0 0 0 0 

2240 2224 1603 99 0 0.719424 0 0 0 0 0 0 0 0 0 0 0 0 0 0 0 0 0 0 0 0.0289855 0.057971 0.144928 0.144928 0.188406 0.231884 0.144928 0.0289855 0.0289855 0 0 0 0 0 

2208 2199 1601 98 0 0.727603 0 0 0 0 0 0 0 0 0 0 0 0 0 0 0 0 0 0 0 0.0441176 0.0441176 0.0588235 0.191176 0.161765 0.25 0.161765 0.0882353 0 0 0 0 0 0 

2208 2180 1602 93 0 0.733945 0 0 0 0 0 0 0 0 0 0 0 0 0 0 0 0 0 0 0 0 0.0294118 0.0441176 0.132353 0.323529 0.25 0.147059 0.0294118 0.0441176 0 0 0 0 0 

2208 2200 1600 98 0 0.727273 0 0 0 0 0 0 0 0 0 0 0 0 0 0 0 0 0 0 0 0.0294118 0.0588235 0.0441176 0.205882 0.147059 0.279412 0.191176 0.0441176 0 0 0 0 0 0 

2208 2200 1602 91 0 0.727273 0 0 0 0 0 0 0 0 0 0 0 0 0 0 0 0 0 0 0 0.0294118 0.0441176 0.0588235 0.191176 0.161765 0.308824 0.161765 0.0441176 0 0 0 0 0 0 

2208 2190 1602 98 0 0.730594 0 0 0 0 0 0 0 0 0 0 0 0 0 0 0 0 0.0147059 0 0 0 0.0294118 0.0735294 0.147059 0.264706 0.205882 0.161765 0.102941 0 0 0 0 0 0 

2208 2181 1602 96 0 0.733608 0 0 0 0 0 0 0 0 0 0 0 0 0 0 0 0 0 0 0 0.0147059 0.0441176 0.117647 0.191176 0.0882353 0.147059 0.279412 0.0882353 0.0147059 0.0147059 0 0 0 0 

2240 2217 1603 99 0 0.721696 0 0 0 0 0 0 0 0 0 0 0 0 0 0 0 0 0 0 0 0.0144928 0.0434783 0.0869565 0.202899 0.26087 0.202899 0.115942 0.057971 0.0144928 0 0 0 0 0 

