2208 2181 1602 88 0 0.733608 0 0 0 0 0 0 0 0 0 0 0 0 0 0 0 0 0 0 0 0 0.0147059 0.0735294 0.161765 0.279412 0.235294 0.147059 0.0441176 0.0441176 0 0 0 0 0 

2208 2187 1602 92 0 0.731596 0 0 0 0 0 0 0 0 0 0 0 0 0 0 0 0 0 0 0 0.0147059 0.0441176 0.0882353 0.147059 0.176471 0.220588 0.25 0.0441176 0.0147059 0 0 0 0 0 

2208 2190 1602 92 0 0.730594 0 0 0 0 0 0 0 0 0 0 0 0 0 0 0 0 0 0 0 0 0.0294118 0.0588235 0.176471 0.264706 0.264706 0.161765 0.0294118 0.0147059 0 0 0 0 0 

2208 2203 1600 83 0 0.726282 0 0 0 0 0 0 0 0 0 0 0 0 0 0 0 0 0 0.0147059 0.0147059 0.0441176 0 0.0882353 0.117647 0.264706 0.191176 0.191176 0.0735294 0 0 0 0 0 0 

2176 2170 1600 98 0 0.737327 0 0 0 0 0 0 0 0 0 0 0 0 0 0 0 0 0 0 0 0 0.0298507 0.0895522 0.134328 0.223881 0.223881 0.208955 0.0746269 0.0149254 0 0 0 0 0 

2176 2153 1602 87 0 0.743149 0 0 0 0 0 0 0 0 0 0 0 0 0 0 0 0 0 0 0 0.0149254 0.0149254 0.0597015 0.134328 0.19403 0.208955 0.238806 0.0895522 0.0447761 0 0 0 0 0 

2240 2234 1601 95 0 0.716204 0 0 0 0 0 0 0 0 0 0 0 0 0 0 0 0 0 0 0 0 0.0724638 0.115942 0.304348 0.202899 0.0869565 0.15942 0.0434783 0.0144928 0 0 0 0 0 

2208 2181 1602 98 0 0.733608 0 0 0 0 0 0 0 0 0 0 0 0 0 0 0 0 0 0 0 0 0.0441176 0.0735294 0.102941 0.279412 0.235294 0.191176 0.0441176 0.0294118 0 0 0 0 0 

2208 2195 1602 85 0 0.728929 0 0 0 0 0 0 0 0 0 0 0 0 0 0 0 0 0 0 0 0 0.0588235 0.0588235 0.191176 0.235294 0.25 0.117647 0.0735294 0.0147059 0 0 0 0 0 

2240 2222 1602 98 0 0.720072 0 0 0 0 0 0 0 0 0 0 0 0 0 0 0 0 0 0 0.0144928 0.0289855 0.057971 0.130435 0.144928 0.173913 0.188406 0.202899 0.0434783 0.0144928 0 0 0 0 0 

