2208 2189 1602 93 0 0.730927 0 0 0 0 0 0 0 0 0 0 0 0 0 0 0 0 0 0 0.0147059 0.0441176 0.0147059 0.0588235 0.132353 0.279412 0.161765 0.147059 0.132353 0.0147059 0 0 0 0 0 

2240 2219 1602 89 0 0.721045 0 0 0 0 0 0 0 0 0 0 0 0 0 0 0 0 0 0 0.0144928 0.0144928 0.0289855 0.101449 0.130435 0.318841 0.246377 0.0869565 0.0434783 0.0144928 0 0 0 0 0 

2208 2194 1602 91 0 0.729262 0 0 0 0 0 0 0 0 0 0 0 0 0 0 0 0.0147059 0 0 0 0 0.0441176 0.102941 0.161765 0.176471 0.220588 0.176471 0.0735294 0.0294118 0 0 0 0 0 

2208 2195 1603 101 0 0.728929 0 0 0 0 0 0 0 0 0 0 0 0 0 0 0 0 0 0 0 0 0.0294118 0.0882353 0.176471 0.25 0.264706 0.132353 0.0294118 0.0294118 0 0 0 0 0 

2208 2192 1602 96 0 0.729927 0 0 0 0 0 0 0 0 0 0 0 0 0 0 0 0 0 0.0147059 0 0.0147059 0.0147059 0.102941 0.117647 0.264706 0.191176 0.205882 0.0588235 0.0147059 0 0 0 0 0 

2208 2184 1602 97 0 0.732601 0 0 0 0 0 0 0 0 0 0 0 0 0 0 0 0 0 0.0147059 0 0.0147059 0 0.0735294 0.205882 0.205882 0.147059 0.235294 0.0882353 0.0147059 0 0 0 0 0 

2176 2167 1602 92 0 0.738348 0 0 0 0 0 0 0 0 0 0 0 0 0 0 0 0 0 0 0.0149254 0.0149254 0 0.0895522 0.119403 0.223881 0.238806 0.179104 0.0746269 0.0447761 0 0 0 0 0 

2208 2197 1602 97 0 0.728266 0 0 0 0 0 0 0 0 0 0 0 0 0 0 0 0 0.0147059 0 0 0.0441176 0.0735294 0.0882353 0.161765 0.132353 0.147059 0.147059 0.117647 0.0735294 0 0 0 0 0 

2208 2197 1603 101 0 0.728266 0 0 0 0 0 0 0 0 0 0 0 0 0 0 0 0 0 0 0 0 0.0588235 0.0882353 0.191176 0.205882 0.220588 0.147059 0.0588235 0.0294118 0 0 0 0 0 

2240 2213 1602 95 0 0.723 0 0 0 0 0 0 0 0 0 0 0 0 0 0 0 0 0.0144928 0 0 0.0144928 0.0434783 0.0434783 0.231884 0.202899 0.202899 0.202899 0.0289855 0.0144928 0 0 0 0 0 

