2240 2213 1602 87 0 0.723 0 0 0 0 0 0 0 0 0 0 0 0 0 0 0 0 0 0 0 0.0144928 0.0289855 0.130435 0.188406 0.246377 0.144928 0.15942 0.0724638 0.0144928 0 0 0 0 0 

2240 2218 1602 95 0 0.721371 0 0 0 0 0 0 0 0 0 0 0 0 0 0 0 0 0 0.0144928 0.0144928 0.0434783 0.0289855 0.057971 0.0724638 0.304348 0.289855 0.130435 0.0434783 0 0 0 0 0 0 

2176 2161 1602 87 0 0.740398 0 0 0 0 0 0 0 0 0 0 0 0 0 0 0 0 0 0 0 0.0149254 0.0447761 0.0447761 0.119403 0.164179 0.298507 0.19403 0.104478 0.0149254 0 0 0 0 0 

2208 2202 1600 90 0 0.726612 0 0 0 0 0 0 0 0 0 0 0 0 0 0 0 0 0 0 0 0.0294118 0.0441176 0.102941 0.132353 0.205882 0.279412 0.147059 0.0441176 0.0147059 0 0 0 0 0 

2208 2192 1602 98 0 0.729927 0 0 0 0 0 0 0 0 0 0 0 0 0 0 0 0 0 0 0 0.0147059 0.0147059 0.102941 0.117647 0.235294 0.323529 0.161765 0.0147059 0.0147059 0 0 0 0 0 

2240 2226 1603 100 0 0.718778 0 0 0 0 0 0 0 0 0 0 0 0 0 0 0 0 0 0.0289855 0 0.057971 0.0144928 0.0869565 0.101449 0.275362 0.231884 0.15942 0.0289855 0.0144928 0 0 0 0 0 

2208 2200 1602 93 0 0.727273 0 0 0 0 0 0 0 0 0 0 0 0 0 0 0 0 0 0 0 0 0.117647 0.0882353 0.117647 0.132353 0.294118 0.205882 0.0294118 0.0147059 0 0 0 0 0 

2240 2220 1602 98 0 0.720721 0 0 0 0 0 0 0 0 0 0 0 0 0 0 0 0 0 0 0.0144928 0.0144928 0.057971 0.0869565 0.188406 0.202899 0.217391 0.15942 0.057971 0 0 0 0 0 0 

2208 2197 1602 88 0 0.728266 0 0 0 0 0 0 0 0 0 0 0 0 0 0 0 0 0 0 0 0.0147059 0.0147059 0.161765 0.132353 0.220588 0.220588 0.147059 0.0588235 0.0294118 0 0 0 0 0 

2240 2211 1602 93 0 0.723654 0 0 0 0 0 0 0 0 0 0 0 0 0 0 0 0 0 0 0 0.0434783 0.0289855 0.0869565 0.188406 0.188406 0.202899 0.188406 0.0724638 0 0 0 0 0 0 

