2176 2165 1602 95 0 0.73903 0 0 0 0 0 0 0 0 0 0 0 0 0 0 0 0 0 0 0.0149254 0 0.0447761 0.119403 0.19403 0.0895522 0.119403 0.19403 0.179104 0.0298507 0.0149254 0 0 0 0 

2240 2225 1602 93 0 0.719101 0 0 0 0 0 0 0 0 0 0 0 0 0 0 0 0 0 0 0.0144928 0.0434783 0.0434783 0.0869565 0.231884 0.115942 0.246377 0.144928 0.0724638 0 0 0 0 0 0 

2240 2219 1603 102 0 0.721045 0 0 0 0 0 0 0 0 0 0 0 0 0 0 0 0 0 0 0 0.0289855 0.057971 0.115942 0.130435 0.231884 0.231884 0.115942 0.0869565 0 0 0 0 0 0 

2208 2195 1601 91 0 0.728929 0 0 0 0 0 0 0 0 0 0 0 0 0 0 0 0 0.0147059 0 0 0 0.0588235 0.132353 0.0882353 0.161765 0.25 0.220588 0.0735294 0 0 0 0 0 0 

2208 2188 1602 90 0 0.731261 0 0 0 0 0 0 0 0 0 0 0 0 0 0 0 0 0 0 0.0147059 0 0.0147059 0.0735294 0.205882 0.205882 0.220588 0.176471 0.0735294 0.0147059 0 0 0 0 0 

2208 2199 1602 98 0 0.727603 0 0 0 0 0 0 0 0 0 0 0 0 0 0 0 0 0 0 0 0.0147059 0.0147059 0.132353 0.191176 0.176471 0.264706 0.117647 0.0735294 0.0147059 0 0 0 0 0 

2208 2193 1602 86 0 0.729594 0 0 0 0 0 0 0 0 0 0 0 0 0 0 0 0 0 0.0147059 0 0.0294118 0.0441176 0.0735294 0.0735294 0.220588 0.338235 0.117647 0.0588235 0.0294118 0 0 0 0 0 

2240 2231 1603 102 0 0.717167 0 0 0 0 0 0 0 0 0 0 0 0 0 0 0 0 0 0 0 0.0289855 0.0434783 0.101449 0.231884 0.173913 0.289855 0.101449 0.0289855 0 0 0 0 0 0 

2208 2180 1602 92 0 0.733945 0 0 0 0 0 0 0 0 0 0 0 0 0 0 0 0 0 0 0 0.0294118 0.0147059 0.0588235 0.147059 0.220588 0.264706 0.161765 0.0735294 0.0294118 0 0 0 0 0 

2208 2190 1603 99 0 0.730594 0 0 0 0 0 0 0 0 0 0 0 0 0 0 0 0 0 0 0 0 0.0441176 0.102941 0.191176 0.176471 0.220588 0.147059 0.0882353 0.0294118 0 0 0 0 0 

