2208 2187 1602 88 0 0.731596 0 0 0 0 0 0 0 0 0 0 0 0 0 0 0 0 0 0 0 0 0.0294118 0.0735294 0.132353 0.308824 0.235294 0.147059 0.0588235 0.0147059 0 0 0 0 0 

2208 2190 1602 89 0 0.730594 0 0 0 0 0 0 0 0 0 0 0 0 0 0 0 0 0 0 0 0.0294118 0.0441176 0.102941 0.117647 0.279412 0.132353 0.132353 0.117647 0.0441176 0 0 0 0 0 

2208 2197 1602 95 0 0.728266 0 0 0 0 0 0 0 0 0 0 0 0 0 0 0 0 0 0 0.0147059 0 0.0441176 0.0735294 0.176471 0.220588 0.220588 0.191176 0.0588235 0 0 0 0 0 0 

2240 2221 1602 92 0 0.720396 0 0 0 0 0 0 0 0 0 0 0 0 0 0 0 0 0 0 0 0.0289855 0.0144928 0.130435 0.231884 0.188406 0.231884 0.101449 0.0434783 0.0289855 0 0 0 0 0 

2208 2190 1603 105 0 0.730594 0 0 0 0 0 0 0 0 0 0 0 0 0 0 0 0 0 0.0147059 0.0147059 0 0.0294118 0.0588235 0.132353 0.264706 0.176471 0.25 0.0441176 0.0147059 0 0 0 0 0 

2272 2251 1603 102 0 0.710795 0 0 0 0 0 0 0 0 0 0 0 0 0 0 0 0 0 0.0142857 0.0428571 0.0142857 0.0142857 0.142857 0.157143 0.242857 0.214286 0.1 0.0571429 0 0 0 0 0 0 

2208 2201 1602 104 0 0.726942 0 0 0 0 0 0 0 0 0 0 0 0 0 0 0 0 0 0.0147059 0.0147059 0.0294118 0 0.0882353 0.176471 0.191176 0.235294 0.176471 0.0441176 0.0294118 0 0 0 0 0 

2176 2164 1602 92 0 0.739372 0 0 0 0 0 0 0 0 0 0 0 0 0 0 0 0 0 0 0 0.0149254 0.0149254 0.0447761 0.134328 0.238806 0.268657 0.179104 0.104478 0 0 0 0 0 0 

2240 2230 1603 101 0 0.717489 0 0 0 0 0 0 0 0 0 0 0 0 0 0 0 0 0 0 0 0 0.115942 0.115942 0.217391 0.144928 0.173913 0.173913 0.0434783 0.0144928 0 0 0 0 0 

2208 2187 1603 101 0 0.731596 0 0 0 0 0 0 0 0 0 0 0 0 0 0 0 0 0 0.0147059 0 0.0294118 0.0147059 0.0588235 0.147059 0.235294 0.205882 0.191176 0.0735294 0.0294118 0 0 0 0 0 

