2208 2182 1603 99 0 0.733272 0 0 0 0 0 0 0 0 0 0 0 0 0 0 0 0 0 0 0.0147059 0 0.0441176 0.0588235 0.205882 0.191176 0.147059 0.220588 0.0441176 0.0735294 0 0 0 0 0 

2208 2192 1602 90 0 0.729927 0 0 0 0 0 0 0 0 0 0 0 0 0 0 0 0 0 0 0 0.0294118 0.0588235 0.0735294 0.102941 0.25 0.205882 0.191176 0.0735294 0.0147059 0 0 0 0 0 

2208 2195 1603 102 0 0.728929 0 0 0 0 0 0 0 0 0 0 0 0 0 0 0 0 0 0 0 0.0147059 0.0588235 0.0735294 0.132353 0.235294 0.294118 0.0735294 0.102941 0.0147059 0 0 0 0 0 

2208 2195 1602 92 0 0.728929 0 0 0 0 0 0 0 0 0 0 0 0 0 0 0 0 0 0.0147059 0 0.0147059 0.0882353 0.0588235 0.147059 0.205882 0.117647 0.264706 0.0588235 0.0147059 0.0147059 0 0 0 0 

2240 2213 1602 95 0 0.723 0 0 0 0 0 0 0 0 0 0 0 0 0 0 0 0 0 0 0.0144928 0.0289855 0.0434783 0.130435 0.130435 0.231884 0.130435 0.188406 0.057971 0.0434783 0 0 0 0 0 

2208 2183 1603 103 0 0.732936 0 0 0 0 0 0 0 0 0 0 0 0 0 0 0 0 0 0 0 0.0147059 0.0588235 0.0735294 0.117647 0.176471 0.25 0.220588 0.0735294 0.0147059 0 0 0 0 0 

2240 2211 1602 98 0 0.723654 0 0 0 0 0 0 0 0 0 0 0 0 0 0 0 0 0 0 0 0.0144928 0.0289855 0.130435 0.115942 0.289855 0.231884 0.130435 0.0289855 0.0289855 0 0 0 0 0 

2208 2188 1602 97 0 0.731261 0 0 0 0 0 0 0 0 0 0 0 0 0 0 0 0 0 0 0 0 0.0441176 0.102941 0.132353 0.235294 0.264706 0.132353 0.0588235 0.0147059 0 0.0147059 0 0 0 

2208 2184 1602 98 0 0.732601 0 0 0 0 0 0 0 0 0 0 0 0 0 0 0 0 0 0 0.0147059 0 0.0294118 0.0588235 0.117647 0.205882 0.382353 0.117647 0.0735294 0 0 0 0 0 0 

2208 2195 1602 95 0 0.728929 0 0 0 0 0 0 0 0 0 0 0 0 0 0 0 0 0 0 0 0 0.0735294 0.0735294 0.176471 0.235294 0.191176 0.147059 0.0882353 0 0.0147059 0 0 0 0 

