2176 2169 1600 91 0 0.737667 0 0 0 0 0 0 0 0 0 0 0 0 0 0 0 0 0 0 0 0.0149254 0.0149254 0.0597015 0.164179 0.238806 0.223881 0.164179 0.104478 0.0149254 0 0 0 0 0 

2208 2183 1602 94 0 0.732936 0 0 0 0 0 0 0 0 0 0 0 0 0 0 0 0 0 0 0 0 0.0294118 0.117647 0.161765 0.161765 0.264706 0.132353 0.117647 0.0147059 0 0 0 0 0 

2176 2164 1602 87 0 0.739372 0 0 0 0 0 0 0 0 0 0 0 0 0 0 0 0 0 0 0 0 0.0298507 0.0746269 0.134328 0.19403 0.268657 0.19403 0.0895522 0.0149254 0 0 0 0 0 

2208 2180 1602 97 0 0.733945 0 0 0 0 0 0 0 0 0 0 0 0 0 0 0 0 0 0 0.0147059 0.0147059 0.0294118 0.0441176 0.0882353 0.294118 0.25 0.161765 0.0882353 0.0147059 0 0 0 0 0 

2240 2229 1602 96 0 0.717811 0 0 0 0 0 0 0 0 0 0 0 0 0 0 0 0 0 0 0 0.0144928 0.0144928 0.188406 0.130435 0.289855 0.231884 0.101449 0.0289855 0 0 0 0 0 0 

2272 2250 1602 93 0 0.711111 0 0 0 0 0 0 0 0 0 0 0 0 0 0 0 0 0 0 0.0142857 0.0428571 0.0857143 0.1 0.157143 0.228571 0.2 0.128571 0.0285714 0.0142857 0 0 0 0 0 

2208 2193 1603 100 0 0.729594 0 0 0 0 0 0 0 0 0 0 0 0 0 0 0 0 0 0 0 0.0147059 0.0735294 0.0735294 0.176471 0.161765 0.205882 0.176471 0.102941 0.0147059 0 0 0 0 0 

2240 2222 1602 97 0 0.720072 0 0 0 0 0 0 0 0 0 0 0 0 0 0 0 0 0 0 0 0.0289855 0.0289855 0.115942 0.130435 0.289855 0.246377 0.144928 0.0144928 0 0 0 0 0 0 

2240 2230 1602 97 0 0.717489 0 0 0 0 0 0 0 0 0 0 0 0 0 0 0 0 0 0.0144928 0.0289855 0.0434783 0.0434783 0.0869565 0.144928 0.202899 0.144928 0.26087 0.0289855 0 0 0 0 0 0 

2208 2198 1601 93 0 0.727934 0 0 0 0 0 0 0 0 0 0 0 0 0 0 0 0 0 0 0.0147059 0 0.0588235 0.0882353 0.147059 0.191176 0.279412 0.132353 0.0882353 0 0 0 0 0 0 

