2208 2186 1602 95 0 0.73193 0 0 0 0 0 0 0 0 0 0 0 0 0 0 0 0 0 0 0 0.0294118 0.0588235 0.0735294 0.102941 0.176471 0.279412 0.176471 0.0882353 0.0147059 0 0 0 0 0 

2208 2182 1602 95 0 0.733272 0 0 0 0 0 0 0 0 0 0 0 0 0 0 0 0 0 0 0 0.0147059 0.0441176 0.0588235 0.132353 0.205882 0.264706 0.205882 0.0588235 0.0147059 0 0 0 0 0 

2208 2191 1602 95 0 0.73026 0 0 0 0 0 0 0 0 0 0 0 0 0 0 0 0 0 0 0 0.0147059 0.0441176 0.0588235 0.205882 0.191176 0.220588 0.176471 0.0735294 0.0147059 0 0 0 0 0 

2240 2212 1602 89 0 0.723327 0 0 0 0 0 0 0 0 0 0 0 0 0 0 0 0 0 0 0 0.0144928 0.0434783 0.130435 0.15942 0.202899 0.231884 0.115942 0.101449 0 0 0 0 0 0 

2208 2186 1603 104 0 0.73193 0 0 0 0 0 0 0 0 0 0 0 0 0 0 0 0 0 0 0.0147059 0.0147059 0.102941 0.0588235 0.0735294 0.191176 0.220588 0.147059 0.161765 0.0147059 0 0 0 0 0 

2240 2216 1602 98 0 0.722022 0 0 0 0 0 0 0 0 0 0 0 0 0 0 0 0 0 0 0.0434783 0.0289855 0.0289855 0.0869565 0.130435 0.202899 0.246377 0.144928 0.0724638 0 0.0144928 0 0 0 0 

2240 2231 1601 94 0 0.717167 0 0 0 0 0 0 0 0 0 0 0 0 0 0 0 0 0 0 0.0434783 0.0289855 0.0289855 0.115942 0.15942 0.188406 0.246377 0.144928 0.0144928 0.0289855 0 0 0 0 0 

2240 2221 1602 96 0 0.720396 0 0 0 0 0 0 0 0 0 0 0 0 0 0 0 0 0 0 0 0.0144928 0.101449 0.101449 0.101449 0.231884 0.26087 0.144928 0.0289855 0.0144928 0 0 0 0 0 

2208 2196 1603 100 0 0.728597 0 0 0 0 0 0 0 0 0 0 0 0 0 0 0 0 0 0 0.0147059 0 0 0.161765 0.176471 0.191176 0.220588 0.117647 0.0735294 0.0441176 0 0 0 0 0 

2240 2234 1601 99 0 0.716204 0 0 0 0 0 0 0 0 0 0 0 0 0 0 0 0 0 0 0.0289855 0.057971 0.057971 0.101449 0.15942 0.202899 0.202899 0.0434783 0.101449 0.0434783 0 0 0 0 0 

