2208 2194 1602 92 0 0.729262 0 0 0 0 0 0 0 0 0 0 0 0 0 0 0 0 0 0 0 0 0.0294118 0.132353 0.147059 0.235294 0.220588 0.161765 0.0441176 0.0294118 0 0 0 0 0 

2176 2164 1602 89 0 0.739372 0 0 0 0 0 0 0 0 0 0 0 0 0 0 0 0 0 0.0149254 0 0 0 0.0895522 0.164179 0.179104 0.238806 0.179104 0.0895522 0.0447761 0 0 0 0 0 

2208 2197 1603 99 0 0.728266 0 0 0 0 0 0 0 0 0 0 0 0 0 0 0 0 0 0.0147059 0 0 0.0735294 0.0735294 0.132353 0.264706 0.161765 0.161765 0.102941 0.0147059 0 0 0 0 0 

2240 2219 1602 96 0 0.721045 0 0 0 0 0 0 0 0 0 0 0 0 0 0 0 0 0 0 0.0144928 0 0.057971 0.130435 0.144928 0.173913 0.289855 0.144928 0.0434783 0 0 0 0 0 0 

2208 2190 1602 96 0 0.730594 0 0 0 0 0 0 0 0 0 0 0 0 0 0 0 0 0 0 0 0.0441176 0.0294118 0.132353 0.0735294 0.191176 0.279412 0.117647 0.0882353 0.0441176 0 0 0 0 0 

2240 2214 1602 97 0 0.722674 0 0 0 0 0 0 0 0 0 0 0 0 0 0 0 0 0 0.0144928 0 0.0144928 0.0869565 0.0724638 0.15942 0.231884 0.115942 0.217391 0.057971 0.0289855 0 0 0 0 0 

2208 2202 1600 99 0 0.726612 0 0 0 0 0 0 0 0 0 0 0 0 0 0 0 0 0 0 0 0 0.102941 0.0882353 0.102941 0.235294 0.25 0.132353 0.0882353 0 0 0 0 0 0 

2240 2213 1602 93 0 0.723 0 0 0 0 0 0 0 0 0 0 0 0 0 0 0 0 0 0 0 0.0434783 0.057971 0.115942 0.173913 0.130435 0.202899 0.188406 0.0434783 0.0289855 0.0144928 0 0 0 0 

2240 2218 1602 98 0 0.721371 0 0 0 0 0 0 0 0 0 0 0 0 0 0 0 0 0 0 0 0 0.057971 0.130435 0.15942 0.246377 0.217391 0.144928 0.0144928 0.0289855 0 0 0 0 0 

2240 2223 1602 88 0 0.719748 0 0 0 0 0 0 0 0 0 0 0 0 0 0 0 0 0 0 0.0144928 0.0144928 0.0434783 0.101449 0.217391 0.15942 0.26087 0.144928 0.0434783 0 0 0 0 0 0 

