2240 2211 1602 94 0 0.723654 0 0 0 0 0 0 0 0 0 0 0 0 0 0 0 0 0 0 0 0 0.057971 0.144928 0.130435 0.188406 0.275362 0.130435 0.057971 0.0144928 0 0 0 0 0 

2208 2196 1602 88 0 0.728597 0 0 0 0 0 0 0 0 0 0 0 0 0 0 0 0 0 0 0.0147059 0.0147059 0.0147059 0.0735294 0.176471 0.220588 0.264706 0.161765 0.0588235 0 0 0 0 0 0 

2240 2228 1603 102 0 0.718133 0 0 0 0 0 0 0 0 0 0 0 0 0 0 0 0 0 0 0.0289855 0.0289855 0.0144928 0.188406 0.173913 0.144928 0.144928 0.188406 0.0724638 0.0144928 0 0 0 0 0 

2208 2183 1603 110 0 0.732936 0 0 0 0 0 0 0 0 0 0 0 0 0 0 0 0 0.0147059 0 0 0.0147059 0.0147059 0.117647 0.147059 0.176471 0.191176 0.147059 0.147059 0.0147059 0.0147059 0 0 0 0 

2240 2228 1602 91 0 0.718133 0 0 0 0 0 0 0 0 0 0 0 0 0 0 0 0 0 0 0 0.0434783 0.0434783 0.130435 0.188406 0.188406 0.217391 0.130435 0.0289855 0.0289855 0 0 0 0 0 

2240 2215 1602 89 0 0.722348 0 0 0 0 0 0 0 0 0 0 0 0 0 0 0 0.0144928 0 0 0 0 0.0289855 0.15942 0.130435 0.231884 0.202899 0.144928 0.0724638 0.0144928 0 0 0 0 0 

2240 2213 1602 91 0 0.723 0 0 0 0 0 0 0 0 0 0 0 0 0 0 0 0 0 0 0 0.0289855 0.0144928 0.130435 0.15942 0.202899 0.275362 0.130435 0.0434783 0.0144928 0 0 0 0 0 

2208 2196 1602 97 0 0.728597 0 0 0 0 0 0 0 0 0 0 0 0 0 0 0 0 0 0 0 0 0.0735294 0.117647 0.147059 0.205882 0.161765 0.191176 0.0882353 0.0147059 0 0 0 0 0 

2208 2187 1602 90 0 0.731596 0 0 0 0 0 0 0 0 0 0 0 0 0 0 0 0 0 0 0 0.0441176 0.0735294 0.0147059 0.0735294 0.294118 0.205882 0.191176 0.102941 0 0 0 0 0 0 

2208 2195 1602 96 0 0.728929 0 0 0 0 0 0 0 0 0 0 0 0 0 0 0 0 0 0 0 0 0.0294118 0.147059 0.117647 0.220588 0.264706 0.161765 0.0441176 0.0147059 0 0 0 0 0 

