2208 2199 1602 96 0 0.727603 0 0 0 0 0 0 0 0 0 0 0 0 0 0 0 0 0 0 0 0.0294118 0.0294118 0.0882353 0.147059 0.220588 0.294118 0.117647 0.0735294 0 0 0 0 0 0 

2240 2225 1602 96 0 0.719101 0 0 0 0 0 0 0 0 0 0 0 0 0 0 0 0 0 0 0 0.0289855 0.057971 0.057971 0.289855 0.188406 0.15942 0.144928 0.0724638 0 0 0 0 0 0 

2240 2219 1603 105 0 0.721045 0 0 0 0 0 0 0 0 0 0 0 0 0 0 0 0 0 0 0.0144928 0.0144928 0.0869565 0.115942 0.101449 0.188406 0.246377 0.144928 0.0869565 0 0 0 0 0 0 

2240 2220 1603 98 0 0.720721 0 0 0 0 0 0 0 0 0 0 0 0 0 0 0 0 0 0 0.0144928 0.0434783 0.0144928 0.15942 0.202899 0.144928 0.115942 0.173913 0.115942 0.0144928 0 0 0 0 0 

2208 2190 1602 92 0 0.730594 0 0 0 0 0 0 0 0 0 0 0 0 0 0 0 0 0 0 0 0 0.0441176 0.0735294 0.191176 0.205882 0.264706 0.132353 0.0588235 0.0294118 0 0 0 0 0 

2208 2183 1602 96 0 0.732936 0 0 0 0 0 0 0 0 0 0 0 0 0 0 0 0 0 0 0 0.0588235 0.0294118 0.0441176 0.132353 0.205882 0.220588 0.176471 0.102941 0.0294118 0 0 0 0 0 

2208 2189 1602 94 0 0.730927 0 0 0 0 0 0 0 0 0 0 0 0 0 0 0 0 0 0 0 0 0.0294118 0.0588235 0.147059 0.367647 0.191176 0.0882353 0.117647 0 0 0 0 0 0 

2208 2193 1602 92 0 0.729594 0 0 0 0 0 0 0 0 0 0 0 0 0 0 0 0 0 0 0.0147059 0.0147059 0.0294118 0.0588235 0.161765 0.205882 0.308824 0.117647 0.0882353 0 0 0 0 0 0 

2240 2214 1602 94 0 0.722674 0 0 0 0 0 0 0 0 0 0 0 0 0 0 0 0 0 0 0 0.0144928 0.0144928 0.101449 0.144928 0.391304 0.144928 0.144928 0.0289855 0.0144928 0 0 0 0 0 

2208 2188 1602 98 0 0.731261 0 0 0 0 0 0 0 0 0 0 0 0 0 0 0 0 0 0 0 0 0.0294118 0.0882353 0.176471 0.279412 0.176471 0.147059 0.0735294 0.0147059 0.0147059 0 0 0 0 

