2208 2190 1603 99 0 0.730594 0 0 0 0 0 0 0 0 0 0 0 0 0 0 0 0 0 0 0 0.0147059 0.0294118 0.0588235 0.205882 0.25 0.191176 0.147059 0.0735294 0.0147059 0.0147059 0 0 0 0 

2208 2199 1602 90 0 0.727603 0 0 0 0 0 0 0 0 0 0 0 0 0 0 0 0 0 0 0 0.0147059 0.0441176 0.0882353 0.191176 0.191176 0.220588 0.205882 0.0294118 0.0147059 0 0 0 0 0 

2208 2198 1601 89 0 0.727934 0 0 0 0 0 0 0 0 0 0 0 0 0 0 0 0 0 0 0 0.0441176 0.0147059 0.0735294 0.191176 0.191176 0.294118 0.117647 0.0441176 0.0147059 0.0147059 0 0 0 0 

2208 2179 1602 96 0 0.734282 0 0 0 0 0 0 0 0 0 0 0 0 0 0 0 0 0 0 0 0 0.0294118 0.0735294 0.147059 0.191176 0.308824 0.176471 0.0588235 0.0147059 0 0 0 0 0 

2208 2191 1602 94 0 0.73026 0 0 0 0 0 0 0 0 0 0 0 0 0 0 0 0 0 0 0.0147059 0.0147059 0.0147059 0.0588235 0.161765 0.25 0.279412 0.102941 0.102941 0 0 0 0 0 0 

2208 2197 1602 95 0 0.728266 0 0 0 0 0 0 0 0 0 0 0 0 0 0 0 0 0 0 0.0147059 0.0147059 0.0294118 0.0882353 0.176471 0.235294 0.176471 0.161765 0.0882353 0.0147059 0 0 0 0 0 

2208 2180 1602 98 0 0.733945 0 0 0 0 0 0 0 0 0 0 0 0 0 0 0 0 0 0 0.0147059 0 0.0441176 0.102941 0.0882353 0.191176 0.264706 0.161765 0.117647 0.0147059 0 0 0 0 0 

2208 2193 1602 88 0 0.729594 0 0 0 0 0 0 0 0 0 0 0 0 0 0 0 0 0 0 0.0147059 0.0147059 0.0441176 0.0588235 0.132353 0.264706 0.205882 0.176471 0.0882353 0 0 0 0 0 0 

2240 2216 1603 107 0 0.722022 0 0 0 0 0 0 0 0 0 0 0 0 0 0 0 0 0 0.0144928 0 0.0144928 0.0869565 0.057971 0.101449 0.26087 0.275362 0.115942 0.057971 0.0144928 0 0 0 0 0 

2208 2189 1602 90 0 0.730927 0 0 0 0 0 0 0 0 0 0 0 0 0 0 0 0 0 0.0147059 0 0.0147059 0.0441176 0.0735294 0.147059 0.220588 0.176471 0.191176 0.102941 0 0.0147059 0 0 0 0 

