2208 2196 1602 96 0 0.728597 0 0 0 0 0 0 0 0 0 0 0 0 0 0 0 0 0 0 0.0147059 0 0.0588235 0.0882353 0.132353 0.235294 0.279412 0.0882353 0.0735294 0 0.0294118 0 0 0 0 

2208 2192 1602 88 0 0.729927 0 0 0 0 0 0 0 0 0 0 0 0 0 0 0 0 0 0 0 0 0.0588235 0.102941 0.102941 0.205882 0.294118 0.191176 0.0441176 0 0 0 0 0 0 

2208 2181 1603 99 0 0.733608 0 0 0 0 0 0 0 0 0 0 0 0 0 0 0 0 0 0 0 0.0147059 0.0294118 0.0735294 0.0735294 0.323529 0.235294 0.132353 0.102941 0.0147059 0 0 0 0 0 

2240 2215 1602 91 0 0.722348 0 0 0 0 0 0 0 0 0 0 0 0 0 0 0 0 0 0.0144928 0 0.0434783 0.0289855 0.101449 0.15942 0.144928 0.275362 0.173913 0.0434783 0 0.0144928 0 0 0 0 

2208 2190 1603 101 0 0.730594 0 0 0 0 0 0 0 0 0 0 0 0 0 0 0 0 0 0 0 0.0147059 0.0588235 0.0588235 0.205882 0.132353 0.220588 0.235294 0.0588235 0.0147059 0 0 0 0 0 

2208 2198 1603 106 0 0.727934 0 0 0 0 0 0 0 0 0 0 0 0 0 0 0 0 0 0 0 0.0441176 0.0441176 0.0588235 0.161765 0.205882 0.235294 0.176471 0.0441176 0.0294118 0 0 0 0 0 

2208 2198 1602 89 0 0.727934 0 0 0 0 0 0 0 0 0 0 0 0 0 0 0 0 0 0 0 0.0147059 0.0588235 0.0735294 0.191176 0.117647 0.308824 0.205882 0.0294118 0 0 0 0 0 0 

2208 2180 1603 108 0 0.733945 0 0 0 0 0 0 0 0 0 0 0 0 0 0 0 0 0 0 0.0147059 0.0147059 0.0441176 0.0588235 0.0735294 0.264706 0.235294 0.161765 0.117647 0.0147059 0 0 0 0 0 

2208 2194 1602 95 0 0.729262 0 0 0 0 0 0 0 0 0 0 0 0 0 0 0 0 0 0 0 0.0147059 0.0147059 0.161765 0.132353 0.161765 0.308824 0.0882353 0.102941 0.0147059 0 0 0 0 0 

2208 2188 1602 88 0 0.731261 0 0 0 0 0 0 0 0 0 0 0 0 0 0 0 0 0 0 0.0147059 0 0.0294118 0.147059 0.0882353 0.176471 0.279412 0.147059 0.117647 0 0 0 0 0 0 

