2208 2189 1602 87 0 0.730927 0 0 0 0 0 0 0 0 0 0 0 0 0 0 0 0 0 0 0 0 0.0441176 0.0882353 0.176471 0.264706 0.161765 0.147059 0.0735294 0.0441176 0 0 0 0 0 

2240 2222 1603 104 0 0.720072 0 0 0 0 0 0 0 0 0 0 0 0 0 0 0 0 0 0 0 0.0144928 0.0289855 0.15942 0.202899 0.202899 0.15942 0.202899 0 0.0144928 0.0144928 0 0 0 0 

2208 2196 1602 90 0 0.728597 0 0 0 0 0 0 0 0 0 0 0 0 0 0 0 0 0 0 0.0147059 0 0.0294118 0.0882353 0.191176 0.161765 0.279412 0.191176 0.0441176 0 0 0 0 0 0 

2208 2192 1602 97 0 0.729927 0 0 0 0 0 0 0 0 0 0 0 0 0 0 0 0 0 0 0 0 0.0294118 0.0882353 0.191176 0.176471 0.294118 0.176471 0.0441176 0 0 0 0 0 0 

2240 2216 1603 100 0 0.722022 0 0 0 0 0 0 0 0 0 0 0 0 0 0 0 0 0 0 0 0.0144928 0.0869565 0.101449 0.173913 0.15942 0.217391 0.15942 0.0724638 0.0144928 0 0 0 0 0 

2208 2193 1602 90 0 0.729594 0 0 0 0 0 0 0 0 0 0 0 0 0 0 0 0 0 0 0 0 0.0588235 0.117647 0.102941 0.205882 0.279412 0.176471 0.0441176 0.0147059 0 0 0 0 0 

2240 2227 1603 104 0 0.718455 0 0 0 0 0 0 0 0 0 0 0 0 0 0 0 0 0 0 0 0.0144928 0.0724638 0.115942 0.188406 0.173913 0.275362 0.101449 0.057971 0 0 0 0 0 0 

2240 2218 1602 93 0 0.721371 0 0 0 0 0 0 0 0 0 0 0 0 0 0 0 0 0 0 0 0.0144928 0.0289855 0.101449 0.217391 0.246377 0.231884 0.0724638 0.0869565 0 0 0 0 0 0 

2240 2211 1602 91 0 0.723654 0 0 0 0 0 0 0 0 0 0 0 0 0 0 0 0 0 0 0.0289855 0.0144928 0.0434783 0.101449 0.115942 0.231884 0.231884 0.115942 0.101449 0.0144928 0 0 0 0 0 

2240 2224 1602 97 0 0.719424 0 0 0 0 0 0 0 0 0 0 0 0 0 0 0 0 0 0 0.0289855 0.0144928 0 0.130435 0.144928 0.304348 0.231884 0.0869565 0.0434783 0.0144928 0 0 0 0 0 

