2208 2183 1602 96 0 0.732936 0 0 0 0 0 0 0 0 0 0 0 0 0 0 0 0 0 0 0 0 0.0588235 0.0882353 0.117647 0.191176 0.279412 0.191176 0.0441176 0.0147059 0.0147059 0 0 0 0 

2240 2220 1602 95 0 0.720721 0 0 0 0 0 0 0 0 0 0 0 0 0 0 0 0 0 0 0 0.0289855 0.0434783 0.057971 0.202899 0.304348 0.188406 0.115942 0.0434783 0.0144928 0 0 0 0 0 

2208 2200 1602 88 0 0.727273 0 0 0 0 0 0 0 0 0 0 0 0 0 0 0 0 0 0 0.0147059 0.0147059 0.0294118 0.117647 0.161765 0.205882 0.176471 0.191176 0.0882353 0 0 0 0 0 0 

2240 2212 1602 91 0 0.723327 0 0 0 0 0 0 0 0 0 0 0 0 0 0 0 0 0 0 0.0144928 0.0144928 0.0144928 0.057971 0.246377 0.231884 0.246377 0.101449 0.0434783 0.0289855 0 0 0 0 0 

2208 2179 1602 86 0 0.734282 0 0 0 0 0 0 0 0 0 0 0 0 0 0 0 0 0 0 0 0 0.0294118 0.0588235 0.25 0.147059 0.25 0.117647 0.102941 0.0441176 0 0 0 0 0 

2240 2215 1603 99 0 0.722348 0 0 0 0 0 0 0 0 0 0 0 0 0 0 0 0 0 0 0.0144928 0 0.0144928 0.202899 0.144928 0.202899 0.173913 0.144928 0.0869565 0 0.0144928 0 0 0 0 

2240 2211 1602 96 0 0.723654 0 0 0 0 0 0 0 0 0 0 0 0 0 0 0 0 0 0.0144928 0 0.0289855 0.0289855 0.057971 0.115942 0.318841 0.246377 0.130435 0.0434783 0.0144928 0 0 0 0 0 

2240 2217 1603 102 0 0.721696 0 0 0 0 0 0 0 0 0 0 0 0 0 0 0 0 0 0 0 0.0289855 0.0724638 0.0869565 0.217391 0.130435 0.202899 0.173913 0.0724638 0.0144928 0 0 0 0 0 

2208 2201 1601 99 0 0.726942 0 0 0 0 0 0 0 0 0 0 0 0 0 0 0 0 0 0 0.0147059 0 0.0294118 0.102941 0.205882 0.235294 0.161765 0.147059 0.0882353 0.0147059 0 0 0 0 0 

2208 2200 1600 90 0 0.727273 0 0 0 0 0 0 0 0 0 0 0 0 0 0 0 0 0 0 0 0.0441176 0.0147059 0.0735294 0.264706 0.191176 0.147059 0.161765 0.0441176 0.0588235 0 0 0 0 0 

