2208 2202 1600 94 0 0.726612 0 0 0 0 0 0 0 0 0 0 0 0 0 0 0 0 0 0 0 0.0147059 0.0147059 0.147059 0.191176 0.191176 0.264706 0.0735294 0.0588235 0.0441176 0 0 0 0 0 

2208 2198 1603 109 0 0.727934 0 0 0 0 0 0 0 0 0 0 0 0 0 0 0 0 0 0 0 0.0735294 0.0294118 0.0441176 0.176471 0.176471 0.279412 0.0882353 0.0882353 0.0441176 0 0 0 0 0 

2240 2232 1602 96 0 0.716846 0 0 0 0 0 0 0 0 0 0 0 0 0 0 0 0 0 0 0.0144928 0.0289855 0.0724638 0.057971 0.217391 0.246377 0.15942 0.15942 0.0434783 0 0 0 0 0 0 

2176 2169 1602 94 0 0.737667 0 0 0 0 0 0 0 0 0 0 0 0 0 0 0 0 0 0 0 0 0.0298507 0.0597015 0.134328 0.268657 0.268657 0.134328 0.0746269 0.0298507 0 0 0 0 0 

2176 2167 1602 89 0 0.738348 0 0 0 0 0 0 0 0 0 0 0 0 0 0 0 0 0 0 0 0.0149254 0 0.0447761 0.164179 0.313433 0.19403 0.149254 0.0895522 0.0298507 0 0 0 0 0 

2208 2196 1602 91 0 0.728597 0 0 0 0 0 0 0 0 0 0 0 0 0 0 0 0 0 0 0.0147059 0.0147059 0.0147059 0.0882353 0.147059 0.220588 0.323529 0.117647 0.0294118 0.0294118 0 0 0 0 0 

2272 2247 1602 94 0 0.712061 0 0 0 0 0 0 0 0 0 0 0 0 0 0 0 0 0 0.0142857 0.0428571 0.0142857 0.0285714 0.128571 0.157143 0.214286 0.2 0.171429 0.0142857 0.0142857 0 0 0 0 0 

2208 2193 1602 96 0 0.729594 0 0 0 0 0 0 0 0 0 0 0 0 0 0 0 0 0 0.0294118 0 0 0.0294118 0.0441176 0.205882 0.191176 0.25 0.161765 0.0588235 0.0294118 0 0 0 0 0 

2208 2195 1602 95 0 0.728929 0 0 0 0 0 0 0 0 0 0 0 0 0 0 0 0 0 0 0 0.0147059 0.0294118 0.0882353 0.102941 0.323529 0.235294 0.147059 0.0588235 0 0 0 0 0 0 

2208 2189 1602 83 0 0.730927 0 0 0 0 0 0 0 0 0 0 0 0 0 0 0 0 0 0 0.0147059 0.0147059 0.0441176 0.0735294 0.117647 0.220588 0.220588 0.235294 0.0294118 0.0294118 0 0 0 0 0 

