2208 2187 1602 95 0 0.731596 0 0 0 0 0 0 0 0 0 0 0 0 0 0 0 0 0 0 0 0 0.0735294 0.0882353 0.0882353 0.220588 0.294118 0.147059 0.0588235 0.0294118 0 0 0 0 0 

2240 2216 1602 95 0 0.722022 0 0 0 0 0 0 0 0 0 0 0 0 0 0 0 0 0 0 0 0.0144928 0.0724638 0.057971 0.130435 0.362319 0.217391 0.057971 0.057971 0.0289855 0 0 0 0 0 

2240 2232 1600 95 0 0.716846 0 0 0 0 0 0 0 0 0 0 0 0 0 0 0 0 0.0144928 0.0144928 0 0.0289855 0.130435 0.0724638 0.0724638 0.202899 0.246377 0.130435 0.0724638 0.0144928 0 0 0 0 0 

2240 2235 1601 88 0 0.715884 0 0 0 0 0 0 0 0 0 0 0 0 0 0 0 0 0 0 0.0434783 0.0144928 0.057971 0.101449 0.188406 0.188406 0.231884 0.101449 0.057971 0.0144928 0 0 0 0 0 

2208 2187 1602 84 0 0.731596 0 0 0 0 0 0 0 0 0 0 0 0 0 0 0 0 0 0 0 0.0294118 0.0147059 0.147059 0.117647 0.161765 0.279412 0.102941 0.117647 0.0147059 0.0147059 0 0 0 0 

2240 2212 1602 95 0 0.723327 0 0 0 0 0 0 0 0 0 0 0 0 0 0 0 0 0 0.0144928 0 0.0144928 0.0144928 0.115942 0.130435 0.26087 0.246377 0.144928 0.057971 0 0 0 0 0 0 

2240 2230 1600 100 0 0.717489 0 0 0 0 0 0 0 0 0 0 0 0 0 0 0 0 0 0 0 0.0434783 0.0144928 0.130435 0.246377 0.188406 0.217391 0.0869565 0.0434783 0.0289855 0 0 0 0 0 

2208 2184 1603 99 0 0.732601 0 0 0 0 0 0 0 0 0 0 0 0 0 0 0 0 0 0 0.0294118 0 0 0.0294118 0.220588 0.279412 0.161765 0.176471 0.0441176 0.0588235 0 0 0 0 0 

2240 2214 1603 100 0 0.722674 0 0 0 0 0 0 0 0 0 0 0 0 0 0 0 0 0 0 0 0 0.0289855 0.101449 0.26087 0.217391 0.15942 0.173913 0.0434783 0.0144928 0 0 0 0 0 

2208 2187 1602 88 0 0.731596 0 0 0 0 0 0 0 0 0 0 0 0 0 0 0 0 0 0 0 0.0294118 0.0441176 0.0882353 0.117647 0.25 0.191176 0.147059 0.0882353 0.0294118 0.0147059 0 0 0 0 

