2208 2196 1602 95 0 0.728597 0 0 0 0 0 0 0 0 0 0 0 0 0 0 0 0 0 0 0 0.0441176 0.0441176 0.102941 0.132353 0.220588 0.132353 0.205882 0.102941 0.0147059 0 0 0 0 0 

2208 2198 1602 97 0 0.727934 0 0 0 0 0 0 0 0 0 0 0 0 0 0 0 0 0 0 0 0.0441176 0.0294118 0.0588235 0.161765 0.220588 0.25 0.176471 0.0588235 0 0 0 0 0 0 

2272 2243 1602 95 0 0.71333 0 0 0 0 0 0 0 0 0 0 0 0 0 0 0 0 0 0 0 0 0.0571429 0.1 0.257143 0.285714 0.171429 0.0857143 0.0428571 0 0 0 0 0 0 

2208 2202 1600 89 0 0.726612 0 0 0 0 0 0 0 0 0 0 0 0 0 0 0 0 0 0 0 0 0.0294118 0.161765 0.205882 0.176471 0.147059 0.205882 0.0588235 0.0147059 0 0 0 0 0 

2208 2188 1602 95 0 0.731261 0 0 0 0 0 0 0 0 0 0 0 0 0 0 0 0 0 0 0 0.0147059 0.0441176 0.0588235 0.161765 0.132353 0.382353 0.161765 0.0294118 0.0147059 0 0 0 0 0 

2208 2180 1602 96 0 0.733945 0 0 0 0 0 0 0 0 0 0 0 0 0 0 0 0 0 0 0 0 0 0.102941 0.117647 0.279412 0.25 0.176471 0.0735294 0 0 0 0 0 0 

2208 2179 1602 92 0 0.734282 0 0 0 0 0 0 0 0 0 0 0 0 0 0 0 0 0 0 0 0.0147059 0.0441176 0.0735294 0.176471 0.147059 0.264706 0.147059 0.0882353 0.0147059 0.0294118 0 0 0 0 

2208 2186 1602 98 0 0.73193 0 0 0 0 0 0 0 0 0 0 0 0 0 0 0 0 0 0 0 0.0294118 0.0294118 0.0588235 0.147059 0.220588 0.279412 0.147059 0.0588235 0.0147059 0.0147059 0 0 0 0 

2240 2222 1602 89 0 0.720072 0 0 0 0 0 0 0 0 0 0 0 0 0 0 0 0 0 0 0.0144928 0.0144928 0.101449 0.057971 0.15942 0.217391 0.217391 0.15942 0.0434783 0.0144928 0 0 0 0 0 

2208 2203 1601 91 0 0.726282 0 0 0 0 0 0 0 0 0 0 0 0 0 0 0 0 0 0 0 0.0294118 0.0588235 0.0735294 0.161765 0.220588 0.220588 0.161765 0.0735294 0 0 0 0 0 0 

