2208 2192 1602 94 0 0.729927 0 0 0 0 0 0 0 0 0 0 0 0 0 0 0 0 0 0 0 0.0294118 0.0588235 0.0735294 0.117647 0.235294 0.220588 0.147059 0.102941 0.0147059 0 0 0 0 0 

2208 2195 1602 96 0 0.728929 0 0 0 0 0 0 0 0 0 0 0 0 0 0 0 0 0 0.0147059 0 0.0147059 0.0294118 0.102941 0.161765 0.161765 0.25 0.191176 0.0588235 0 0.0147059 0 0 0 0 

2240 2226 1603 99 0 0.718778 0 0 0 0 0 0 0 0 0 0 0 0 0 0 0 0 0 0 0 0.0144928 0.0869565 0.0869565 0.188406 0.231884 0.246377 0.057971 0.057971 0.0289855 0 0 0 0 0 

2240 2230 1602 89 0 0.717489 0 0 0 0 0 0 0 0 0 0 0 0 0 0 0 0 0 0 0 0.0434783 0.057971 0.0869565 0.188406 0.26087 0.144928 0.188406 0.0289855 0 0 0 0 0 0 

2208 2179 1602 92 0 0.734282 0 0 0 0 0 0 0 0 0 0 0 0 0 0 0 0 0 0 0 0 0.0441176 0.102941 0.147059 0.191176 0.191176 0.205882 0.0735294 0.0441176 0 0 0 0 0 

2208 2201 1601 78 0 0.726942 0 0 0 0 0 0 0 0 0 0 0 0 0 0 0 0 0 0 0.0294118 0 0.0882353 0.0588235 0.147059 0.161765 0.279412 0.147059 0.0735294 0.0147059 0 0 0 0 0 

2208 2192 1602 91 0 0.729927 0 0 0 0 0 0 0 0 0 0 0 0 0 0 0 0 0 0 0 0 0.0441176 0.0147059 0.220588 0.235294 0.323529 0.117647 0.0294118 0.0147059 0 0 0 0 0 

2240 2228 1603 99 0 0.718133 0 0 0 0 0 0 0 0 0 0 0 0 0 0 0 0 0 0 0 0.0289855 0.0724638 0.188406 0.144928 0.15942 0.144928 0.144928 0.101449 0.0144928 0 0 0 0 0 

2240 2213 1602 93 0 0.723 0 0 0 0 0 0 0 0 0 0 0 0 0 0 0 0 0 0 0 0 0.0724638 0.057971 0.231884 0.275362 0.130435 0.115942 0.115942 0 0 0 0 0 0 

2208 2198 1602 90 0 0.727934 0 0 0 0 0 0 0 0 0 0 0 0 0 0 0 0 0 0 0.0147059 0.0294118 0.0147059 0.117647 0.132353 0.220588 0.220588 0.161765 0.0588235 0.0294118 0 0 0 0 0 

