2240 2211 1602 93 0 0.723654 0 0 0 0 0 0 0 0 0 0 0 0 0 0 0 0 0 0 0.0144928 0 0.0869565 0.057971 0.173913 0.231884 0.188406 0.173913 0.0289855 0.0434783 0 0 0 0 0 

2208 2189 1602 98 0 0.730927 0 0 0 0 0 0 0 0 0 0 0 0 0 0 0 0 0 0 0 0.0147059 0.0441176 0.0441176 0.161765 0.235294 0.294118 0.147059 0.0147059 0.0441176 0 0 0 0 0 

2208 2187 1603 104 0 0.731596 0 0 0 0 0 0 0 0 0 0 0 0 0 0 0 0 0 0 0 0.0147059 0.0441176 0.147059 0.0882353 0.176471 0.220588 0.191176 0.0882353 0.0294118 0 0 0 0 0 

2176 2156 1602 83 0 0.742115 0 0 0 0 0 0 0 0 0 0 0 0 0 0 0 0 0 0 0 0.0149254 0.0149254 0.0447761 0.149254 0.149254 0.328358 0.164179 0.119403 0.0149254 0 0 0 0 0 

2240 2225 1602 94 0 0.719101 0 0 0 0 0 0 0 0 0 0 0 0 0 0 0 0 0 0 0 0.0289855 0.057971 0.115942 0.144928 0.304348 0.173913 0.0724638 0.0869565 0.0144928 0 0 0 0 0 

2208 2188 1602 88 0 0.731261 0 0 0 0 0 0 0 0 0 0 0 0 0 0 0 0 0 0 0 0 0.0588235 0.0882353 0.132353 0.25 0.161765 0.220588 0.0882353 0 0 0 0 0 0 

2176 2166 1602 96 0 0.738689 0 0 0 0 0 0 0 0 0 0 0 0 0 0 0 0 0 0 0 0 0.0447761 0.0447761 0.149254 0.223881 0.253731 0.179104 0.0895522 0 0.0149254 0 0 0 0 

2208 2194 1602 93 0 0.729262 0 0 0 0 0 0 0 0 0 0 0 0 0 0 0 0 0 0 0 0.0147059 0.0441176 0.0735294 0.205882 0.220588 0.205882 0.102941 0.102941 0.0294118 0 0 0 0 0 

2176 2169 1600 93 0 0.737667 0 0 0 0 0 0 0 0 0 0 0 0 0 0 0 0 0 0 0 0 0.0298507 0.0597015 0.164179 0.238806 0.223881 0.208955 0.0447761 0.0149254 0.0149254 0 0 0 0 

2208 2188 1602 95 0 0.731261 0 0 0 0 0 0 0 0 0 0 0 0 0 0 0 0 0 0 0.0147059 0 0.0441176 0.0147059 0.25 0.191176 0.235294 0.132353 0.102941 0.0147059 0 0 0 0 0 

