2240 2212 1603 100 0 0.723327 0 0 0 0 0 0 0 0 0 0 0 0 0 0 0 0 0 0 0 0.0289855 0.0869565 0.0724638 0.15942 0.188406 0.173913 0.202899 0.0724638 0.0144928 0 0 0 0 0 

2240 2212 1602 86 0 0.723327 0 0 0 0 0 0 0 0 0 0 0 0 0 0 0 0 0 0 0 0 0.0144928 0.144928 0.15942 0.275362 0.231884 0.101449 0.0724638 0 0 0 0 0 0 

2240 2223 1603 99 0 0.719748 0 0 0 0 0 0 0 0 0 0 0 0 0 0 0 0 0 0 0 0 0.057971 0.144928 0.144928 0.188406 0.318841 0.130435 0.0144928 0 0 0 0 0 0 

2176 2170 1600 105 0 0.737327 0 0 0 0 0 0 0 0 0 0 0 0 0 0 0 0 0 0 0 0.0298507 0.0597015 0.0447761 0.0895522 0.223881 0.19403 0.283582 0.0597015 0 0.0149254 0 0 0 0 

2208 2191 1602 95 0 0.73026 0 0 0 0 0 0 0 0 0 0 0 0 0 0 0 0 0 0 0 0.0147059 0.0441176 0.0588235 0.205882 0.235294 0.176471 0.147059 0.102941 0 0.0147059 0 0 0 0 

2208 2188 1603 103 0 0.731261 0 0 0 0 0 0 0 0 0 0 0 0 0 0 0 0 0 0 0 0.0147059 0.0441176 0.0735294 0.132353 0.235294 0.279412 0.117647 0.0735294 0.0147059 0.0147059 0 0 0 0 

2208 2201 1602 96 0 0.726942 0 0 0 0 0 0 0 0 0 0 0 0 0 0 0 0 0.0147059 0 0 0 0.0588235 0.0882353 0.161765 0.205882 0.279412 0.0735294 0.0882353 0.0294118 0 0 0 0 0 

2240 2231 1602 96 0 0.717167 0 0 0 0 0 0 0 0 0 0 0 0 0 0 0 0 0 0 0.0434783 0 0.0289855 0.130435 0.188406 0.173913 0.304348 0.0869565 0.0144928 0.0289855 0 0 0 0 0 

2208 2186 1602 98 0 0.73193 0 0 0 0 0 0 0 0 0 0 0 0 0 0 0 0 0 0 0.0147059 0 0.0294118 0.102941 0.132353 0.25 0.191176 0.147059 0.102941 0.0294118 0 0 0 0 0 

2240 2215 1602 93 0 0.722348 0 0 0 0 0 0 0 0 0 0 0 0 0 0 0 0 0 0 0.0144928 0.0289855 0.0434783 0.0869565 0.144928 0.188406 0.26087 0.202899 0.0289855 0 0 0 0 0 0 

