2208 2203 1600 94 0 0.726282 0 0 0 0 0 0 0 0 0 0 0 0 0 0 0 0 0 0 0.0441176 0 0.0441176 0.0882353 0.176471 0.147059 0.220588 0.205882 0.0588235 0.0147059 0 0 0 0 0 

2240 2225 1602 90 0 0.719101 0 0 0 0 0 0 0 0 0 0 0 0 0 0 0 0 0 0 0 0.0289855 0.0434783 0.130435 0.15942 0.26087 0.217391 0.101449 0.0289855 0.0144928 0.0144928 0 0 0 0 

2208 2199 1602 94 0 0.727603 0 0 0 0 0 0 0 0 0 0 0 0 0 0 0 0 0 0 0 0.0147059 0.0441176 0.0735294 0.132353 0.294118 0.25 0.132353 0.0588235 0 0 0 0 0 0 

2176 2169 1602 89 0 0.737667 0 0 0 0 0 0 0 0 0 0 0 0 0 0 0 0 0 0.0149254 0 0.0149254 0.0298507 0.0597015 0.119403 0.164179 0.253731 0.268657 0.0746269 0 0 0 0 0 0 

2208 2186 1602 98 0 0.73193 0 0 0 0 0 0 0 0 0 0 0 0 0 0 0 0 0 0 0 0 0.0441176 0.0294118 0.102941 0.382353 0.235294 0.161765 0.0294118 0.0147059 0 0 0 0 0 

2272 2259 1603 101 0 0.708278 0 0 0 0 0 0 0 0 0 0 0 0 0 0 0 0 0 0 0.0285714 0.0428571 0.0714286 0.0571429 0.314286 0.142857 0.171429 0.114286 0.0428571 0.0142857 0 0 0 0 0 

2240 2231 1602 85 0 0.717167 0 0 0 0 0 0 0 0 0 0 0 0 0 0 0 0 0 0 0 0.0434783 0.057971 0.101449 0.173913 0.246377 0.188406 0.15942 0.0144928 0.0144928 0 0 0 0 0 

2240 2223 1602 88 0 0.719748 0 0 0 0 0 0 0 0 0 0 0 0 0 0 0 0 0 0 0 0 0.101449 0.101449 0.188406 0.217391 0.188406 0.130435 0.0434783 0.0289855 0 0 0 0 0 

2240 2215 1602 96 0 0.722348 0 0 0 0 0 0 0 0 0 0 0 0 0 0 0 0 0 0 0 0 0.0724638 0.0724638 0.202899 0.217391 0.246377 0.144928 0.0289855 0.0144928 0 0 0 0 0 

2240 2224 1616 98 0 0.719424 0 0 0 0 0 0 0 0 0 0 0 0 0 0 0 0 0 0 0.0144928 0.0434783 0.0144928 0.101449 0.144928 0.231884 0.188406 0.173913 0.057971 0.0289855 0 0 0 0 0 

