2240 2218 1602 87 0 0.721371 0 0 0 0 0 0 0 0 0 0 0 0 0 0 0 0 0 0 0.0289855 0.0434783 0.0434783 0.115942 0.115942 0.130435 0.246377 0.217391 0.0434783 0.0144928 0 0 0 0 0 

2208 2194 1602 94 0 0.729262 0 0 0 0 0 0 0 0 0 0 0 0 0 0 0 0 0 0 0.0147059 0 0.0441176 0.117647 0.147059 0.176471 0.205882 0.205882 0.0882353 0 0 0 0 0 0 

2208 2198 1603 99 0 0.727934 0 0 0 0 0 0 0 0 0 0 0 0 0 0 0 0 0 0 0.0147059 0.0147059 0.0147059 0.0441176 0.205882 0.205882 0.323529 0.132353 0.0441176 0 0 0 0 0 0 

2208 2185 1603 101 0 0.732265 0 0 0 0 0 0 0 0 0 0 0 0 0 0 0 0 0 0 0 0.0441176 0.0147059 0.0735294 0.147059 0.191176 0.25 0.147059 0.117647 0.0147059 0 0 0 0 0 

2240 2232 1602 98 0 0.716846 0 0 0 0 0 0 0 0 0 0 0 0 0 0 0 0 0 0 0 0.0289855 0.057971 0.144928 0.15942 0.275362 0.115942 0.15942 0.057971 0 0 0 0 0 0 

2208 2196 1602 92 0 0.728597 0 0 0 0 0 0 0 0 0 0 0 0 0 0 0 0 0 0 0.0147059 0.0147059 0 0.102941 0.191176 0.220588 0.220588 0.147059 0.0735294 0.0147059 0 0 0 0 0 

2208 2199 1602 85 0 0.727603 0 0 0 0 0 0 0 0 0 0 0 0 0 0 0 0 0 0 0 0.0147059 0.0588235 0.0882353 0.132353 0.220588 0.264706 0.161765 0.0588235 0 0 0 0 0 0 

2240 2211 1602 95 0 0.723654 0 0 0 0 0 0 0 0 0 0 0 0 0 0 0 0 0 0 0 0.0144928 0.0144928 0.101449 0.246377 0.188406 0.246377 0.101449 0.0724638 0.0144928 0 0 0 0 0 

2240 2215 1602 92 0 0.722348 0 0 0 0 0 0 0 0 0 0 0 0 0 0 0 0 0 0 0 0.0144928 0.057971 0.057971 0.231884 0.202899 0.246377 0.144928 0.0144928 0.0289855 0 0 0 0 0 

2208 2201 1600 93 0 0.726942 0 0 0 0 0 0 0 0 0 0 0 0 0 0 0 0 0 0 0 0.0147059 0.0147059 0.132353 0.176471 0.191176 0.264706 0.147059 0.0588235 0 0 0 0 0 0 

