2208 2195 1602 88 0 0.728929 0 0 0 0 0 0 0 0 0 0 0 0 0 0 0 0 0 0 0 0 0.0882353 0.0882353 0.147059 0.191176 0.220588 0.176471 0.0588235 0.0294118 0 0 0 0 0 

2240 2232 1602 95 0 0.716846 0 0 0 0 0 0 0 0 0 0 0 0 0 0 0 0 0 0.0144928 0.0144928 0.0289855 0.0434783 0.115942 0.15942 0.202899 0.231884 0.15942 0.0144928 0 0.0144928 0 0 0 0 

2240 2211 1602 91 0 0.723654 0 0 0 0 0 0 0 0 0 0 0 0 0 0 0 0 0 0 0.0144928 0 0.057971 0.0724638 0.188406 0.188406 0.246377 0.188406 0.0434783 0 0 0 0 0 0 

2208 2192 1602 90 0 0.729927 0 0 0 0 0 0 0 0 0 0 0 0 0 0 0 0 0 0 0 0 0 0.147059 0.191176 0.220588 0.191176 0.161765 0.0588235 0.0294118 0 0 0 0 0 

2176 2167 1601 98 0 0.738348 0 0 0 0 0 0 0 0 0 0 0 0 0 0 0 0 0 0 0.0149254 0 0 0.0597015 0.179104 0.208955 0.238806 0.208955 0.0746269 0.0149254 0 0 0 0 0 

2240 2227 1602 96 0 0.718455 0 0 0 0 0 0 0 0 0 0 0 0 0 0 0 0 0 0 0 0.0289855 0.0289855 0.0724638 0.275362 0.217391 0.246377 0.0724638 0.057971 0 0 0 0 0 0 

2240 2214 1602 89 0 0.722674 0 0 0 0 0 0 0 0 0 0 0 0 0 0 0 0 0 0 0 0 0.0289855 0.15942 0.130435 0.275362 0.231884 0.101449 0.057971 0.0144928 0 0 0 0 0 

2208 2199 1602 93 0 0.727603 0 0 0 0 0 0 0 0 0 0 0 0 0 0 0 0 0 0 0.0294118 0 0.0588235 0.102941 0.102941 0.25 0.176471 0.176471 0.0882353 0.0147059 0 0 0 0 0 

2272 2251 1603 102 0 0.710795 0 0 0 0 0 0 0 0 0 0 0 0 0 0 0 0 0 0 0 0.0285714 0.0714286 0.0857143 0.242857 0.242857 0.214286 0.0714286 0.0428571 0 0 0 0 0 0 

2240 2215 1602 95 0 0.722348 0 0 0 0 0 0 0 0 0 0 0 0 0 0 0 0 0 0 0 0 0.057971 0.0434783 0.231884 0.333333 0.173913 0.0869565 0.0289855 0.0434783 0 0 0 0 0 

