2208 2195 1602 95 0 0.728929 0 0 0 0 0 0 0 0 0 0 0 0 0 0 0 0 0 0 0 0.0294118 0.0441176 0.0882353 0.117647 0.191176 0.323529 0.132353 0.0588235 0.0147059 0 0 0 0 0 

2208 2192 1602 89 0 0.729927 0 0 0 0 0 0 0 0 0 0 0 0 0 0 0 0 0 0 0 0.0294118 0.0441176 0.132353 0.0882353 0.235294 0.205882 0.102941 0.132353 0.0294118 0 0 0 0 0 

2208 2188 1603 101 0 0.731261 0 0 0 0 0 0 0 0 0 0 0 0 0 0 0 0 0 0 0 0 0.0294118 0.0882353 0.220588 0.176471 0.220588 0.147059 0.102941 0.0147059 0 0 0 0 0 

2240 2229 1602 95 0 0.717811 0 0 0 0 0 0 0 0 0 0 0 0 0 0 0 0 0 0 0.0144928 0.0144928 0.0869565 0.101449 0.15942 0.231884 0.202899 0.115942 0.057971 0.0144928 0 0 0 0 0 

2176 2151 1602 89 0 0.74384 0 0 0 0 0 0 0 0 0 0 0 0 0 0 0 0 0 0 0 0.0149254 0.0149254 0.0597015 0.104478 0.223881 0.238806 0.179104 0.134328 0.0149254 0.0149254 0 0 0 0 

2240 2212 1603 103 0 0.723327 0 0 0 0 0 0 0 0 0 0 0 0 0 0 0 0 0 0 0 0 0.0724638 0.130435 0.173913 0.0724638 0.347826 0.144928 0.0434783 0.0144928 0 0 0 0 0 

2240 2212 1602 97 0 0.723327 0 0 0 0 0 0 0 0 0 0 0 0 0 0 0 0 0 0 0.0144928 0.0434783 0.0434783 0.101449 0.101449 0.188406 0.289855 0.130435 0.057971 0.0289855 0 0 0 0 0 

2240 2215 1602 83 0 0.722348 0 0 0 0 0 0 0 0 0 0 0 0 0 0 0 0 0 0 0.0144928 0.0144928 0.0434783 0.101449 0.188406 0.202899 0.188406 0.188406 0.0434783 0 0.0144928 0 0 0 0 

2240 2230 1601 101 0 0.717489 0 0 0 0 0 0 0 0 0 0 0 0 0 0 0 0 0 0 0.0144928 0.0289855 0.0434783 0.0434783 0.217391 0.275362 0.246377 0.101449 0.0289855 0 0 0 0 0 0 

2240 2216 1603 106 0 0.722022 0 0 0 0 0 0 0 0 0 0 0 0 0 0 0 0 0 0 0 0.0289855 0.0724638 0.0289855 0.289855 0.144928 0.202899 0.115942 0.101449 0.0144928 0 0 0 0 0 

