2208 2189 1602 89 0 0.730927 0 0 0 0 0 0 0 0 0 0 0 0 0 0 0 0 0 0 0.0441176 0 0.0441176 0.0735294 0.161765 0.191176 0.117647 0.220588 0.117647 0.0294118 0 0 0 0 0 

2240 2226 1602 93 0 0.718778 0 0 0 0 0 0 0 0 0 0 0 0 0 0 0 0 0 0 0 0.0144928 0.0869565 0.101449 0.202899 0.231884 0.144928 0.115942 0.101449 0 0 0 0 0 0 

2176 2168 1602 94 0 0.738007 0 0 0 0 0 0 0 0 0 0 0 0 0 0 0 0 0 0 0 0 0.0298507 0.0597015 0.149254 0.19403 0.283582 0.238806 0.0298507 0.0149254 0 0 0 0 0 

2176 2165 1602 87 0 0.73903 0 0 0 0 0 0 0 0 0 0 0 0 0 0 0 0 0 0 0 0.0149254 0.0149254 0.0597015 0.164179 0.19403 0.253731 0.208955 0.0746269 0 0 0.0149254 0 0 0 

2208 2193 1602 93 0 0.729594 0 0 0 0 0 0 0 0 0 0 0 0 0 0 0 0 0 0 0.0147059 0 0.0441176 0.117647 0.176471 0.191176 0.161765 0.176471 0.0735294 0.0294118 0.0147059 0 0 0 0 

2208 2193 1602 92 0 0.729594 0 0 0 0 0 0 0 0 0 0 0 0 0 0 0 0 0 0 0.0294118 0 0.0147059 0.0735294 0.205882 0.220588 0.176471 0.176471 0.0882353 0.0147059 0 0 0 0 0 

2240 2216 1602 90 0 0.722022 0 0 0 0 0 0 0 0 0 0 0 0 0 0 0 0 0 0 0 0.0144928 0.0289855 0.0869565 0.217391 0.231884 0.26087 0.101449 0.057971 0 0 0 0 0 0 

2240 2217 1603 104 0 0.721696 0 0 0 0 0 0 0 0 0 0 0 0 0 0 0 0 0 0 0 0.0144928 0.0289855 0.0724638 0.231884 0.188406 0.333333 0.101449 0.0289855 0 0 0 0 0 0 

2240 2212 1602 87 0 0.723327 0 0 0 0 0 0 0 0 0 0 0 0 0 0 0 0 0 0 0 0.0434783 0 0.0869565 0.188406 0.275362 0.188406 0.15942 0.0434783 0.0144928 0 0 0 0 0 

2208 2194 1602 88 0 0.729262 0 0 0 0 0 0 0 0 0 0 0 0 0 0 0 0 0 0 0 0.0147059 0.0588235 0.0735294 0.117647 0.220588 0.279412 0.191176 0.0441176 0 0 0 0 0 0 

