2272 2261 1603 107 0 0.707651 0 0 0 0 0 0 0 0 0 0 0 0 0 0 0 0 0 0.0142857 0 0.0571429 0.0714286 0.114286 0.2 0.242857 0.1 0.157143 0.0285714 0.0142857 0 0 0 0 0 

2208 2192 1602 92 0 0.729927 0 0 0 0 0 0 0 0 0 0 0 0 0 0 0 0 0 0 0 0.0294118 0.0294118 0.0588235 0.176471 0.205882 0.279412 0.117647 0.102941 0 0 0 0 0 0 

2240 2227 1603 101 0 0.718455 0 0 0 0 0 0 0 0 0 0 0 0 0 0 0 0 0 0 0.0289855 0.0289855 0.0144928 0.0724638 0.173913 0.304348 0.26087 0.057971 0.0289855 0.0289855 0 0 0 0 0 

2240 2214 1602 88 0 0.722674 0 0 0 0 0 0 0 0 0 0 0 0 0 0 0 0 0 0 0 0.0434783 0.0289855 0.115942 0.130435 0.202899 0.289855 0.130435 0.0289855 0.0289855 0 0 0 0 0 

2240 2235 1602 91 0 0.715884 0 0 0 0 0 0 0 0 0 0 0 0 0 0 0 0 0 0 0 0.0144928 0.101449 0.144928 0.188406 0.188406 0.173913 0.101449 0.0724638 0 0.0144928 0 0 0 0 

2176 2164 1602 95 0 0.739372 0 0 0 0 0 0 0 0 0 0 0 0 0 0 0 0 0 0 0 0 0.0149254 0.0746269 0.134328 0.268657 0.223881 0.149254 0.119403 0.0149254 0 0 0 0 0 

2240 2217 1603 101 0 0.721696 0 0 0 0 0 0 0 0 0 0 0 0 0 0 0 0 0 0 0 0.0144928 0.0434783 0.144928 0.130435 0.246377 0.217391 0.144928 0.0289855 0.0289855 0 0 0 0 0 

2240 2229 1602 94 0 0.717811 0 0 0 0 0 0 0 0 0 0 0 0 0 0 0 0 0 0 0 0.0289855 0.0724638 0.173913 0.130435 0.188406 0.15942 0.173913 0.0724638 0 0 0 0 0 0 

2240 2222 1602 98 0 0.720072 0 0 0 0 0 0 0 0 0 0 0 0 0 0 0 0 0 0 0 0.0289855 0.057971 0.0434783 0.289855 0.202899 0.15942 0.144928 0.057971 0.0144928 0 0 0 0 0 

2208 2190 1602 90 0 0.730594 0 0 0 0 0 0 0 0 0 0 0 0 0 0 0 0 0 0 0 0.0147059 0.0588235 0.0735294 0.147059 0.235294 0.205882 0.147059 0.0882353 0.0294118 0 0 0 0 0 

