2240 2225 1602 95 0 0.719101 0 0 0 0 0 0 0 0 0 0 0 0 0 0 0 0 0 0 0 0.0289855 0.101449 0.130435 0.115942 0.231884 0.144928 0.144928 0.0724638 0.0289855 0 0 0 0 0 

2208 2186 1603 100 0 0.73193 0 0 0 0 0 0 0 0 0 0 0 0 0 0 0 0 0 0 0 0.0294118 0 0.147059 0.0882353 0.205882 0.264706 0.132353 0.132353 0 0 0 0 0 0 

2176 2166 1602 95 0 0.738689 0 0 0 0 0 0 0 0 0 0 0 0 0 0 0 0 0 0 0 0 0.0149254 0.0447761 0.179104 0.298507 0.19403 0.149254 0.0895522 0.0149254 0.0149254 0 0 0 0 

2208 2193 1602 92 0 0.729594 0 0 0 0 0 0 0 0 0 0 0 0 0 0 0 0 0 0 0 0.0147059 0.0294118 0.0882353 0.147059 0.264706 0.205882 0.191176 0.0441176 0.0147059 0 0 0 0 0 

2208 2191 1602 97 0 0.73026 0 0 0 0 0 0 0 0 0 0 0 0 0 0 0 0 0 0 0 0 0.0294118 0.0588235 0.191176 0.264706 0.25 0.147059 0.0441176 0.0147059 0 0 0 0 0 

2208 2199 1602 86 0 0.727603 0 0 0 0 0 0 0 0 0 0 0 0 0 0 0 0 0 0 0.0147059 0.0294118 0.0441176 0.102941 0.102941 0.220588 0.235294 0.161765 0.0588235 0.0294118 0 0 0 0 0 

2240 2215 1602 94 0 0.722348 0 0 0 0 0 0 0 0 0 0 0 0 0 0 0 0 0 0 0 0 0.0434783 0.144928 0.217391 0.188406 0.15942 0.15942 0.0724638 0.0144928 0 0 0 0 0 

2240 2212 1602 85 0 0.723327 0 0 0 0 0 0 0 0 0 0 0 0 0 0 0 0 0 0 0 0.0144928 0.0289855 0.15942 0.130435 0.246377 0.202899 0.115942 0.0869565 0.0144928 0 0 0 0 0 

2208 2192 1603 100 0 0.729927 0 0 0 0 0 0 0 0 0 0 0 0 0 0 0 0.0147059 0 0 0 0.0147059 0.0147059 0.0735294 0.132353 0.205882 0.294118 0.205882 0.0441176 0 0 0 0 0 0 

2240 2218 1602 87 0 0.721371 0 0 0 0 0 0 0 0 0 0 0 0 0 0 0 0 0 0.0144928 0 0.0144928 0.0144928 0.101449 0.231884 0.231884 0.202899 0.101449 0.057971 0.0289855 0 0 0 0 0 

