2208 2203 1600 98 0 0.726282 0 0 0 0 0 0 0 0 0 0 0 0 0 0 0 0 0 0 0 0.0294118 0.0882353 0.0882353 0.117647 0.205882 0.235294 0.147059 0.0441176 0.0441176 0 0 0 0 0 

2176 2164 1602 87 0 0.739372 0 0 0 0 0 0 0 0 0 0 0 0 0 0 0 0 0 0 0 0.0298507 0 0.0149254 0.19403 0.179104 0.328358 0.164179 0.0597015 0.0298507 0 0 0 0 0 

2176 2166 1602 83 0 0.738689 0 0 0 0 0 0 0 0 0 0 0 0 0 0 0 0 0 0 0 0 0.0298507 0.0895522 0.179104 0.164179 0.19403 0.238806 0.0746269 0.0149254 0.0149254 0 0 0 0 

2272 2248 1602 94 0 0.711744 0 0 0 0 0 0 0 0 0 0 0 0 0 0 0 0 0 0 0 0.0142857 0.142857 0.128571 0.185714 0.157143 0.185714 0.1 0.0428571 0.0285714 0.0142857 0 0 0 0 

2240 2217 1603 99 0 0.721696 0 0 0 0 0 0 0 0 0 0 0 0 0 0 0 0 0 0 0 0.0144928 0.0434783 0.0869565 0.217391 0.304348 0.130435 0.0869565 0.0869565 0.0289855 0 0 0 0 0 

2240 2223 1602 95 0 0.719748 0 0 0 0 0 0 0 0 0 0 0 0 0 0 0 0 0 0 0 0 0.0724638 0.0869565 0.202899 0.231884 0.246377 0.130435 0.0289855 0 0 0 0 0 0 

2208 2185 1602 84 0 0.732265 0 0 0 0 0 0 0 0 0 0 0 0 0 0 0 0 0 0 0 0 0.0588235 0.0588235 0.176471 0.25 0.176471 0.176471 0.0441176 0.0588235 0 0 0 0 0 

2208 2194 1602 90 0 0.729262 0 0 0 0 0 0 0 0 0 0 0 0 0 0 0 0 0 0 0 0.0147059 0.0441176 0.117647 0.132353 0.191176 0.235294 0.176471 0.0882353 0 0 0 0 0 0 

2208 2183 1603 102 0 0.732936 0 0 0 0 0 0 0 0 0 0 0 0 0 0 0 0 0 0 0 0 0.0294118 0.102941 0.117647 0.294118 0.191176 0.132353 0.117647 0 0.0147059 0 0 0 0 

2240 2221 1603 102 0 0.720396 0 0 0 0 0 0 0 0 0 0 0 0 0 0 0 0 0 0 0 0.057971 0.0434783 0.115942 0.101449 0.26087 0.217391 0.0869565 0.115942 0 0 0 0 0 0 

