2208 2204 1600 99 0 0.725953 0 0 0 0 0 0 0 0 0 0 0 0 0 0 0 0 0 0 0 0.0147059 0 0.102941 0.191176 0.308824 0.235294 0.0735294 0.0588235 0.0147059 0 0 0 0 0 

2240 2220 1602 88 0 0.720721 0 0 0 0 0 0 0 0 0 0 0 0 0 0 0 0 0 0 0.0434783 0.0289855 0.0289855 0.0724638 0.188406 0.173913 0.202899 0.188406 0.0724638 0 0 0 0 0 0 

2240 2213 1602 98 0 0.723 0 0 0 0 0 0 0 0 0 0 0 0 0 0 0 0 0 0 0 0.0289855 0.057971 0.0869565 0.15942 0.246377 0.173913 0.15942 0.0724638 0.0144928 0 0 0 0 0 

2208 2195 1602 92 0 0.728929 0 0 0 0 0 0 0 0 0 0 0 0 0 0 0 0 0 0 0 0 0.0147059 0.132353 0.176471 0.235294 0.205882 0.147059 0.0882353 0 0 0 0 0 0 

2208 2186 1602 92 0 0.73193 0 0 0 0 0 0 0 0 0 0 0 0 0 0 0 0 0 0 0.0147059 0 0.0294118 0.0735294 0.117647 0.220588 0.308824 0.176471 0.0588235 0 0 0 0 0 0 

2208 2195 1603 101 0 0.728929 0 0 0 0 0 0 0 0 0 0 0 0 0 0 0 0 0 0 0.0147059 0 0.0294118 0.102941 0.205882 0.102941 0.294118 0.191176 0.0441176 0.0147059 0 0 0 0 0 

2208 2203 1601 99 0 0.726282 0 0 0 0 0 0 0 0 0 0 0 0 0 0 0 0 0 0 0.0294118 0.0147059 0.0294118 0.117647 0.132353 0.235294 0.205882 0.132353 0.0588235 0.0294118 0.0147059 0 0 0 0 

2208 2195 1602 96 0 0.728929 0 0 0 0 0 0 0 0 0 0 0 0 0 0 0 0 0 0 0.0147059 0.0147059 0.0147059 0.102941 0.117647 0.220588 0.323529 0.117647 0.0735294 0 0 0 0 0 0 

2240 2216 1603 101 0 0.722022 0 0 0 0 0 0 0 0 0 0 0 0 0 0 0 0 0 0.0144928 0.0144928 0.0289855 0.057971 0.057971 0.144928 0.202899 0.231884 0.144928 0.101449 0 0 0 0 0 0 

2272 2245 1603 102 0 0.712695 0 0 0 0 0 0 0 0 0 0 0 0 0 0 0 0 0 0 0.0285714 0 0.0857143 0.0714286 0.242857 0.157143 0.242857 0.142857 0.0285714 0 0 0 0 0 0 

