2240 2212 1603 101 0 0.723327 0 0 0 0 0 0 0 0 0 0 0 0 0 0 0 0 0 0 0 0.0289855 0.0289855 0.188406 0.101449 0.173913 0.231884 0.144928 0.0724638 0.0289855 0 0 0 0 0 

2208 2181 1602 96 0 0.733608 0 0 0 0 0 0 0 0 0 0 0 0 0 0 0 0 0 0 0 0.0147059 0.0294118 0.0588235 0.191176 0.191176 0.220588 0.191176 0.0735294 0.0294118 0 0 0 0 0 

2176 2167 1602 89 0 0.738348 0 0 0 0 0 0 0 0 0 0 0 0 0 0 0 0 0 0 0.0149254 0.0149254 0.0149254 0.0447761 0.119403 0.268657 0.238806 0.179104 0.0746269 0.0149254 0.0149254 0 0 0 0 

2208 2201 1600 85 0 0.726942 0 0 0 0 0 0 0 0 0 0 0 0 0 0 0 0 0 0 0.0147059 0.0147059 0 0.102941 0.147059 0.308824 0.235294 0.0882353 0.0882353 0 0 0 0 0 0 

2240 2217 1603 100 0 0.721696 0 0 0 0 0 0 0 0 0 0 0 0 0 0 0 0 0 0 0.0289855 0.0144928 0.057971 0.0724638 0.144928 0.188406 0.304348 0.130435 0.0289855 0.0289855 0 0 0 0 0 

2208 2200 1601 90 0 0.727273 0 0 0 0 0 0 0 0 0 0 0 0 0 0 0 0 0 0 0 0.0147059 0.0735294 0.147059 0.147059 0.117647 0.176471 0.220588 0.102941 0 0 0 0 0 0 

2240 2227 1602 95 0 0.718455 0 0 0 0 0 0 0 0 0 0 0 0 0 0 0 0 0 0 0.0144928 0.0144928 0.0434783 0.130435 0.188406 0.231884 0.173913 0.144928 0.0434783 0.0144928 0 0 0 0 0 

2240 2227 1602 92 0 0.718455 0 0 0 0 0 0 0 0 0 0 0 0 0 0 0 0 0 0.0144928 0 0.0144928 0.057971 0.130435 0.144928 0.26087 0.15942 0.144928 0.0724638 0 0 0 0 0 0 

2208 2191 1603 104 0 0.73026 0 0 0 0 0 0 0 0 0 0 0 0 0 0 0 0 0 0 0.0147059 0 0.0441176 0.117647 0.147059 0.117647 0.264706 0.205882 0.0882353 0 0 0 0 0 0 

2240 2216 1602 95 0 0.722022 0 0 0 0 0 0 0 0 0 0 0 0 0 0 0 0 0 0 0 0.0434783 0.0144928 0.130435 0.130435 0.246377 0.217391 0.15942 0.057971 0 0 0 0 0 0 

