2240 2212 1603 102 0 0.723327 0 0 0 0 0 0 0 0 0 0 0 0 0 0 0 0 0 0 0.0144928 0.0289855 0.0434783 0.115942 0.101449 0.202899 0.275362 0.130435 0.057971 0.0289855 0 0 0 0 0 

2240 2231 1600 94 0 0.717167 0 0 0 0 0 0 0 0 0 0 0 0 0 0 0 0 0 0 0 0.0144928 0.057971 0.101449 0.246377 0.217391 0.188406 0.144928 0.0289855 0 0 0 0 0 0 

2240 2226 1603 100 0 0.718778 0 0 0 0 0 0 0 0 0 0 0 0 0 0 0 0 0 0 0 0.0434783 0.0434783 0.0869565 0.188406 0.217391 0.26087 0.115942 0.0289855 0.0144928 0 0 0 0 0 

2176 2170 1600 95 0 0.737327 0 0 0 0 0 0 0 0 0 0 0 0 0 0 0 0 0 0 0 0 0 0.0746269 0.208955 0.268657 0.134328 0.238806 0.0298507 0.0447761 0 0 0 0 0 

2240 2225 1602 93 0 0.719101 0 0 0 0 0 0 0 0 0 0 0 0 0 0 0 0 0 0 0.0144928 0.0289855 0.057971 0.057971 0.15942 0.289855 0.217391 0.144928 0.0144928 0.0144928 0 0 0 0 0 

2240 2220 1602 92 0 0.720721 0 0 0 0 0 0 0 0 0 0 0 0 0 0 0 0 0 0 0.0144928 0.0434783 0.0434783 0.0724638 0.173913 0.188406 0.275362 0.101449 0.0869565 0 0 0 0 0 0 

2176 2169 1600 91 0 0.737667 0 0 0 0 0 0 0 0 0 0 0 0 0 0 0 0 0 0 0.0149254 0 0.0298507 0.0597015 0.119403 0.223881 0.223881 0.268657 0.0597015 0 0 0 0 0 0 

2176 2162 1602 93 0 0.740056 0 0 0 0 0 0 0 0 0 0 0 0 0 0 0 0 0 0 0 0 0.0298507 0.0746269 0.119403 0.253731 0.19403 0.19403 0.119403 0.0149254 0 0 0 0 0 

2240 2222 1603 101 0 0.720072 0 0 0 0 0 0 0 0 0 0 0 0 0 0 0 0 0 0 0.0144928 0.0144928 0.0434783 0.115942 0.231884 0.144928 0.202899 0.15942 0.057971 0.0144928 0 0 0 0 0 

2208 2193 1603 99 0 0.729594 0 0 0 0 0 0 0 0 0 0 0 0 0 0 0 0 0 0.0147059 0 0.0147059 0.0294118 0.0441176 0.161765 0.220588 0.308824 0.117647 0.0882353 0 0 0 0 0 0 

