2176 2158 1602 91 0 0.741427 0 0 0 0 0 0 0 0 0 0 0 0 0 0 0 0 0 0 0 0.0149254 0.0597015 0.0447761 0.0746269 0.19403 0.283582 0.179104 0.134328 0.0149254 0 0 0 0 0 

2208 2197 1602 88 0 0.728266 0 0 0 0 0 0 0 0 0 0 0 0 0 0 0 0 0 0 0 0.0294118 0.0441176 0.0294118 0.161765 0.338235 0.220588 0.0882353 0.0294118 0.0588235 0 0 0 0 0 

2208 2201 1601 87 0 0.726942 0 0 0 0 0 0 0 0 0 0 0 0 0 0 0 0 0 0 0 0.0441176 0.0294118 0.0882353 0.147059 0.264706 0.191176 0.117647 0.117647 0 0 0 0 0 0 

2208 2199 1602 94 0 0.727603 0 0 0 0 0 0 0 0 0 0 0 0 0 0 0 0 0 0 0.0147059 0.0441176 0.0147059 0.0588235 0.161765 0.191176 0.338235 0.0882353 0.0735294 0.0147059 0 0 0 0 0 

2240 2231 1602 86 0 0.717167 0 0 0 0 0 0 0 0 0 0 0 0 0 0 0 0 0 0 0 0.0144928 0.057971 0.101449 0.231884 0.246377 0.188406 0.115942 0.0434783 0 0 0 0 0 0 

2176 2162 1602 85 0 0.740056 0 0 0 0 0 0 0 0 0 0 0 0 0 0 0 0 0 0 0 0 0.0298507 0.0298507 0.0895522 0.328358 0.208955 0.268657 0.0447761 0 0 0 0 0 0 

2240 2214 1602 98 0 0.722674 0 0 0 0 0 0 0 0 0 0 0 0 0 0 0 0 0 0 0 0 0.0869565 0.115942 0.144928 0.217391 0.202899 0.144928 0.0724638 0.0144928 0 0 0 0 0 

2208 2191 1602 89 0 0.73026 0 0 0 0 0 0 0 0 0 0 0 0 0 0 0 0 0 0 0 0.0147059 0.0441176 0.0735294 0.117647 0.279412 0.235294 0.161765 0.0588235 0.0147059 0 0 0 0 0 

2208 2190 1603 103 0 0.730594 0 0 0 0 0 0 0 0 0 0 0 0 0 0 0 0 0 0 0 0 0.0441176 0.0588235 0.176471 0.264706 0.191176 0.205882 0.0441176 0.0147059 0 0 0 0 0 

2208 2199 1601 93 0 0.727603 0 0 0 0 0 0 0 0 0 0 0 0 0 0 0 0 0 0 0 0.0147059 0.0294118 0.0441176 0.294118 0.161765 0.191176 0.235294 0.0294118 0 0 0 0 0 0 

