2144 2136 1600 88 0 0.749064 0 0 0 0 0 0 0 0 0 0 0 0 0 0 0 0 0 0 0.0151515 0 0 0.0151515 0.166667 0.19697 0.257576 0.166667 0.136364 0.0454545 0 0 0 0 0 

2208 2192 1602 92 0 0.729927 0 0 0 0 0 0 0 0 0 0 0 0 0 0 0 0 0 0 0 0.0147059 0.0441176 0.0735294 0.176471 0.25 0.147059 0.205882 0.0735294 0.0147059 0 0 0 0 0 

2208 2182 1603 100 0 0.733272 0 0 0 0 0 0 0 0 0 0 0 0 0 0 0 0 0 0 0 0 0.0588235 0.0441176 0.191176 0.161765 0.264706 0.176471 0.0882353 0.0147059 0 0 0 0 0 

2208 2202 1600 83 0 0.726612 0 0 0 0 0 0 0 0 0 0 0 0 0 0 0 0 0 0 0 0.0294118 0.0294118 0.0882353 0.191176 0.279412 0.161765 0.102941 0.0882353 0.0294118 0 0 0 0 0 

2240 2222 1602 90 0 0.720072 0 0 0 0 0 0 0 0 0 0 0 0 0 0 0 0 0 0 0.0144928 0.057971 0.0289855 0.057971 0.173913 0.231884 0.246377 0.130435 0.0434783 0.0144928 0 0 0 0 0 

2208 2197 1602 82 0 0.728266 0 0 0 0 0 0 0 0 0 0 0 0 0 0 0 0 0 0 0.0294118 0 0.0294118 0.102941 0.176471 0.235294 0.161765 0.161765 0.0441176 0.0441176 0.0147059 0 0 0 0 

2208 2197 1602 93 0 0.728266 0 0 0 0 0 0 0 0 0 0 0 0 0 0 0 0 0 0 0 0.0294118 0.0441176 0.0882353 0.132353 0.191176 0.294118 0.161765 0.0441176 0.0147059 0 0 0 0 0 

2208 2202 1602 96 0 0.726612 0 0 0 0 0 0 0 0 0 0 0 0 0 0 0 0 0 0 0 0.0147059 0.0588235 0.0588235 0.205882 0.235294 0.191176 0.161765 0.0735294 0 0 0 0 0 0 

2240 2227 1602 96 0 0.718455 0 0 0 0 0 0 0 0 0 0 0 0 0 0 0 0 0 0 0.0144928 0.0289855 0.0724638 0.0724638 0.217391 0.188406 0.173913 0.188406 0.0289855 0 0.0144928 0 0 0 0 

2240 2226 1603 102 0 0.718778 0 0 0 0 0 0 0 0 0 0 0 0 0 0 0 0 0 0 0 0.0434783 0.0724638 0.115942 0.173913 0.130435 0.246377 0.144928 0.057971 0.0144928 0 0 0 0 0 

