2240 2216 1603 103 0 0.722022 0 0 0 0 0 0 0 0 0 0 0 0 0 0 0 0 0.0144928 0 0 0.0289855 0.0434783 0.0724638 0.144928 0.289855 0.15942 0.173913 0.0434783 0.0289855 0 0 0 0 0 

2208 2194 1603 100 0 0.729262 0 0 0 0 0 0 0 0 0 0 0 0 0 0 0 0 0 0 0 0.0441176 0.0147059 0.0882353 0.176471 0.220588 0.161765 0.176471 0.102941 0.0147059 0 0 0 0 0 

2240 2232 1603 102 0 0.716846 0 0 0 0 0 0 0 0 0 0 0 0 0 0 0 0 0 0 0.0144928 0.057971 0.0434783 0.101449 0.173913 0.130435 0.289855 0.15942 0.0289855 0 0 0 0 0 0 

2208 2189 1602 94 0 0.730927 0 0 0 0 0 0 0 0 0 0 0 0 0 0 0 0 0 0 0 0.0294118 0.0441176 0.0882353 0.102941 0.205882 0.235294 0.220588 0.0735294 0 0 0 0 0 0 

2240 2228 1602 90 0 0.718133 0 0 0 0 0 0 0 0 0 0 0 0 0 0 0 0 0 0 0 0.0144928 0.0869565 0.101449 0.173913 0.231884 0.246377 0.0869565 0.0289855 0.0289855 0 0 0 0 0 

2208 2193 1603 101 0 0.729594 0 0 0 0 0 0 0 0 0 0 0 0 0 0 0 0 0 0.0294118 0.0147059 0.0294118 0.0294118 0.0294118 0.161765 0.161765 0.220588 0.235294 0.0441176 0.0441176 0 0 0 0 0 

2208 2202 1601 100 0 0.726612 0 0 0 0 0 0 0 0 0 0 0 0 0 0 0 0 0 0 0.0294118 0.0294118 0.0735294 0.0735294 0.117647 0.147059 0.264706 0.147059 0.0882353 0.0294118 0 0 0 0 0 

2240 2211 1602 97 0 0.723654 0 0 0 0 0 0 0 0 0 0 0 0 0 0 0 0 0 0 0 0 0.057971 0.0724638 0.231884 0.26087 0.15942 0.130435 0.057971 0.0144928 0.0144928 0 0 0 0 

2208 2197 1602 95 0 0.728266 0 0 0 0 0 0 0 0 0 0 0 0 0 0 0 0 0.0147059 0 0 0.0147059 0.0294118 0.0588235 0.235294 0.161765 0.220588 0.176471 0.0735294 0.0147059 0 0 0 0 0 

2176 2168 1602 93 0 0.738007 0 0 0 0 0 0 0 0 0 0 0 0 0 0 0 0 0 0 0 0.0298507 0.0149254 0.0597015 0.134328 0.164179 0.313433 0.19403 0.0895522 0 0 0 0 0 0 

