2208 2183 1602 95 0 0.732936 0 0 0 0 0 0 0 0 0 0 0 0 0 0 0 0 0 0 0 0.0294118 0.0147059 0.117647 0.147059 0.235294 0.161765 0.0882353 0.161765 0.0441176 0 0 0 0 0 

2240 2212 1602 97 0 0.723327 0 0 0 0 0 0 0 0 0 0 0 0 0 0 0 0 0 0 0 0.0434783 0.057971 0.101449 0.144928 0.188406 0.188406 0.188406 0.057971 0.0289855 0 0 0 0 0 

2240 2212 1603 99 0 0.723327 0 0 0 0 0 0 0 0 0 0 0 0 0 0 0 0 0 0.0144928 0 0.0289855 0.0289855 0.0869565 0.15942 0.246377 0.188406 0.144928 0.0869565 0.0144928 0 0 0 0 0 

2208 2179 1602 90 0 0.734282 0 0 0 0 0 0 0 0 0 0 0 0 0 0 0 0 0 0 0 0 0.0441176 0.0441176 0.0882353 0.323529 0.264706 0.161765 0.0588235 0.0147059 0 0 0 0 0 

2240 2215 1602 93 0 0.722348 0 0 0 0 0 0 0 0 0 0 0 0 0 0 0 0 0 0 0.0144928 0 0.0434783 0.0724638 0.202899 0.202899 0.318841 0.101449 0.0289855 0.0144928 0 0 0 0 0 

2240 2219 1603 101 0 0.721045 0 0 0 0 0 0 0 0 0 0 0 0 0 0 0 0 0 0 0 0.057971 0.0289855 0.144928 0.115942 0.188406 0.246377 0.115942 0.0869565 0.0144928 0 0 0 0 0 

2208 2181 1602 84 0 0.733608 0 0 0 0 0 0 0 0 0 0 0 0 0 0 0 0 0 0 0.0294118 0 0.0294118 0.0735294 0.147059 0.132353 0.308824 0.147059 0.117647 0.0147059 0 0 0 0 0 

2240 2222 1602 96 0 0.720072 0 0 0 0 0 0 0 0 0 0 0 0 0 0 0 0 0 0 0.0144928 0.057971 0 0.130435 0.130435 0.188406 0.289855 0.15942 0.0144928 0.0144928 0 0 0 0 0 

2240 2221 1602 98 0 0.720396 0 0 0 0 0 0 0 0 0 0 0 0 0 0 0 0 0 0 0.0289855 0.0144928 0.0434783 0.101449 0.173913 0.217391 0.202899 0.130435 0.0724638 0.0144928 0 0 0 0 0 

2240 2217 1602 96 0 0.721696 0 0 0 0 0 0 0 0 0 0 0 0 0 0 0 0 0 0 0.0144928 0 0.0434783 0.130435 0.15942 0.231884 0.202899 0.15942 0.0434783 0.0144928 0 0 0 0 0 

