2176 2170 1601 100 0 0.737327 0 0 0 0 0 0 0 0 0 0 0 0 0 0 0 0 0 0 0 0.0149254 0.0597015 0.0597015 0.179104 0.164179 0.208955 0.134328 0.119403 0.0597015 0 0 0 0 0 

2176 2153 1602 89 0 0.743149 0 0 0 0 0 0 0 0 0 0 0 0 0 0 0 0 0 0 0 0 0.0447761 0.104478 0.104478 0.134328 0.223881 0.19403 0.164179 0.0298507 0 0 0 0 0 

2208 2201 1602 93 0 0.726942 0 0 0 0 0 0 0 0 0 0 0 0 0 0 0 0 0 0.0147059 0.0147059 0 0 0.0882353 0.220588 0.264706 0.147059 0.176471 0.0441176 0.0294118 0 0 0 0 0 

2240 2212 1602 88 0 0.723327 0 0 0 0 0 0 0 0 0 0 0 0 0 0 0 0 0 0 0 0.0434783 0 0.101449 0.202899 0.173913 0.246377 0.202899 0.0289855 0 0 0 0 0 0 

2208 2185 1602 89 0 0.732265 0 0 0 0 0 0 0 0 0 0 0 0 0 0 0 0 0 0.0147059 0.0147059 0 0.0147059 0.0735294 0.147059 0.176471 0.279412 0.205882 0.0588235 0.0147059 0 0 0 0 0 

2208 2191 1602 95 0 0.73026 0 0 0 0 0 0 0 0 0 0 0 0 0 0 0 0 0 0 0 0 0.0294118 0.0735294 0.161765 0.323529 0.161765 0.191176 0.0441176 0.0147059 0 0 0 0 0 

2240 2213 1602 87 0 0.723 0 0 0 0 0 0 0 0 0 0 0 0 0 0 0 0 0 0 0 0.0289855 0.0434783 0.115942 0.15942 0.217391 0.188406 0.15942 0.0724638 0.0144928 0 0 0 0 0 

2208 2192 1603 108 0 0.729927 0 0 0 0 0 0 0 0 0 0 0 0 0 0 0 0 0 0 0 0.0147059 0.0147059 0.102941 0.191176 0.205882 0.220588 0.132353 0.117647 0 0 0 0 0 0 

2208 2199 1602 87 0 0.727603 0 0 0 0 0 0 0 0 0 0 0 0 0 0 0 0 0 0.0147059 0 0.0147059 0.0882353 0.0882353 0.0882353 0.25 0.117647 0.235294 0.102941 0 0 0 0 0 0 

2240 2231 1602 94 0 0.717167 0 0 0 0 0 0 0 0 0 0 0 0 0 0 0 0 0 0 0 0 0.0724638 0.101449 0.26087 0.202899 0.188406 0.144928 0.0289855 0 0 0 0 0 0 

