2208 2197 1602 91 0 0.728266 0 0 0 0 0 0 0 0 0 0 0 0 0 0 0 0 0 0 0.0147059 0 0.0294118 0.0735294 0.220588 0.205882 0.235294 0.132353 0.0735294 0.0147059 0 0 0 0 0 

2240 2229 1602 91 0 0.717811 0 0 0 0 0 0 0 0 0 0 0 0 0 0 0 0 0 0 0 0 0.0869565 0.130435 0.173913 0.202899 0.246377 0.115942 0.0434783 0 0 0 0 0 0 

2176 2163 1602 88 0 0.739713 0 0 0 0 0 0 0 0 0 0 0 0 0 0 0 0 0 0 0 0 0.0298507 0.0895522 0.134328 0.149254 0.298507 0.179104 0.104478 0.0149254 0 0 0 0 0 

2240 2222 1602 90 0 0.720072 0 0 0 0 0 0 0 0 0 0 0 0 0 0 0 0 0 0 0 0.0144928 0.0724638 0.0289855 0.26087 0.26087 0.173913 0.144928 0.0289855 0.0144928 0 0 0 0 0 

2240 2222 1602 94 0 0.720072 0 0 0 0 0 0 0 0 0 0 0 0 0 0 0 0 0 0 0 0 0.057971 0.246377 0.0724638 0.173913 0.202899 0.188406 0.057971 0 0 0 0 0 0 

2208 2184 1602 92 0 0.732601 0 0 0 0 0 0 0 0 0 0 0 0 0 0 0 0 0 0 0 0 0.0441176 0.0735294 0.205882 0.132353 0.279412 0.176471 0.0588235 0.0294118 0 0 0 0 0 

2240 2224 1603 100 0 0.719424 0 0 0 0 0 0 0 0 0 0 0 0 0 0 0 0 0 0.0144928 0.0144928 0.0289855 0.0724638 0.057971 0.101449 0.275362 0.246377 0.115942 0.057971 0.0144928 0 0 0 0 0 

2240 2213 1603 103 0 0.723 0 0 0 0 0 0 0 0 0 0 0 0 0 0 0 0 0 0 0 0.0144928 0.057971 0.0724638 0.144928 0.275362 0.231884 0.173913 0.0144928 0.0144928 0 0 0 0 0 

2208 2193 1602 93 0 0.729594 0 0 0 0 0 0 0 0 0 0 0 0 0 0 0 0 0 0 0 0.0294118 0.0147059 0.0882353 0.191176 0.191176 0.205882 0.220588 0.0441176 0.0147059 0 0 0 0 0 

2208 2189 1602 97 0 0.730927 0 0 0 0 0 0 0 0 0 0 0 0 0 0 0 0 0 0 0.0294118 0 0.0588235 0.0735294 0.102941 0.205882 0.235294 0.176471 0.117647 0 0 0 0 0 0 

