2208 2198 1602 92 0 0.727934 0 0 0 0 0 0 0 0 0 0 0 0 0 0 0 0 0 0 0.0147059 0.0147059 0.0441176 0.102941 0.117647 0.25 0.235294 0.147059 0.0147059 0.0441176 0.0147059 0 0 0 0 

2240 2218 1603 100 0 0.721371 0 0 0 0 0 0 0 0 0 0 0 0 0 0 0 0 0 0.0144928 0 0.0144928 0.0434783 0.0724638 0.202899 0.188406 0.304348 0.0724638 0.0869565 0 0 0 0 0 0 

2240 2213 1602 93 0 0.723 0 0 0 0 0 0 0 0 0 0 0 0 0 0 0 0 0 0 0.0144928 0 0.0434783 0.0724638 0.202899 0.26087 0.217391 0.115942 0.0434783 0.0289855 0 0 0 0 0 

2208 2186 1602 94 0 0.73193 0 0 0 0 0 0 0 0 0 0 0 0 0 0 0 0 0 0 0.0147059 0.0147059 0 0.117647 0.117647 0.235294 0.25 0.132353 0.0882353 0.0294118 0 0 0 0 0 

2240 2225 1602 98 0 0.719101 0 0 0 0 0 0 0 0 0 0 0 0 0 0 0 0 0 0.0144928 0 0.0434783 0.0724638 0.144928 0.0724638 0.202899 0.231884 0.115942 0.0724638 0.0144928 0.0144928 0 0 0 0 

2208 2186 1602 87 0 0.73193 0 0 0 0 0 0 0 0 0 0 0 0 0 0 0 0 0 0 0 0 0.0441176 0.102941 0.117647 0.235294 0.220588 0.191176 0.0882353 0 0 0 0 0 0 

2240 2214 1602 96 0 0.722674 0 0 0 0 0 0 0 0 0 0 0 0 0 0 0 0 0 0 0 0.0144928 0.115942 0.0724638 0.188406 0.144928 0.202899 0.173913 0.0289855 0.057971 0 0 0 0 0 

2272 2244 1602 97 0 0.713012 0 0 0 0 0 0 0 0 0 0 0 0 0 0 0 0 0 0 0 0.0285714 0.142857 0.0857143 0.2 0.142857 0.157143 0.157143 0.0714286 0.0142857 0 0 0 0 0 

2240 2220 1602 92 0 0.720721 0 0 0 0 0 0 0 0 0 0 0 0 0 0 0 0 0 0 0 0.0144928 0.0869565 0.130435 0.101449 0.26087 0.202899 0.115942 0.057971 0.0289855 0 0 0 0 0 

2208 2180 1603 98 0 0.733945 0 0 0 0 0 0 0 0 0 0 0 0 0 0 0 0 0 0 0 0.0147059 0.0147059 0.0882353 0.132353 0.25 0.220588 0.132353 0.147059 0 0 0 0 0 0 

