2208 2200 1602 96 0 0.727273 0 0 0 0 0 0 0 0 0 0 0 0 0 0 0 0 0 0 0 0.0147059 0.0441176 0.0882353 0.220588 0.191176 0.205882 0.147059 0.0588235 0.0294118 0 0 0 0 0 

2176 2168 1600 90 0 0.738007 0 0 0 0 0 0 0 0 0 0 0 0 0 0 0 0 0 0 0 0.0149254 0.0597015 0.0447761 0.179104 0.119403 0.223881 0.253731 0.0895522 0.0149254 0 0 0 0 0 

2240 2218 1603 108 0 0.721371 0 0 0 0 0 0 0 0 0 0 0 0 0 0 0 0 0 0 0.0144928 0.0289855 0.057971 0.0724638 0.130435 0.275362 0.173913 0.188406 0.057971 0 0 0 0 0 0 

2240 2214 1602 89 0 0.722674 0 0 0 0 0 0 0 0 0 0 0 0 0 0 0 0 0 0 0.0144928 0.0144928 0.057971 0.15942 0.0724638 0.231884 0.173913 0.173913 0.101449 0 0 0 0 0 0 

2208 2192 1602 90 0 0.729927 0 0 0 0 0 0 0 0 0 0 0 0 0 0 0 0 0 0 0.0147059 0 0.0588235 0.0588235 0.191176 0.176471 0.220588 0.205882 0.0441176 0.0294118 0 0 0 0 0 

2208 2180 1602 83 0 0.733945 0 0 0 0 0 0 0 0 0 0 0 0 0 0 0 0 0 0 0 0.0441176 0.0147059 0.0441176 0.161765 0.176471 0.279412 0.161765 0.102941 0.0147059 0 0 0 0 0 

2240 2213 1602 94 0 0.723 0 0 0 0 0 0 0 0 0 0 0 0 0 0 0 0 0 0.0144928 0.0144928 0.0144928 0.057971 0.0434783 0.144928 0.246377 0.246377 0.15942 0.0289855 0.0289855 0 0 0 0 0 

2208 2198 1602 85 0 0.727934 0 0 0 0 0 0 0 0 0 0 0 0 0 0 0 0 0 0 0 0.0294118 0.0441176 0.0882353 0.102941 0.264706 0.25 0.176471 0.0294118 0 0.0147059 0 0 0 0 

2240 2213 1603 101 0 0.723 0 0 0 0 0 0 0 0 0 0 0 0 0 0 0 0 0 0 0.0144928 0.0289855 0.0724638 0.115942 0.15942 0.101449 0.231884 0.144928 0.0869565 0.0434783 0 0 0 0 0 

2176 2161 1602 93 0 0.740398 0 0 0 0 0 0 0 0 0 0 0 0 0 0 0 0 0 0 0.0149254 0 0.0149254 0.0597015 0.134328 0.238806 0.208955 0.179104 0.134328 0.0149254 0 0 0 0 0 

