2176 2166 1602 87 0 0.738689 0 0 0 0 0 0 0 0 0 0 0 0 0 0 0 0 0 0 0 0.0149254 0.0447761 0.0298507 0.164179 0.164179 0.268657 0.238806 0.0447761 0.0298507 0 0 0 0 0 

2240 2220 1603 100 0 0.720721 0 0 0 0 0 0 0 0 0 0 0 0 0 0 0 0 0 0 0 0.0289855 0.0724638 0.115942 0.15942 0.231884 0.173913 0.0869565 0.0869565 0.0434783 0 0 0 0 0 

2240 2233 1601 95 0 0.716525 0 0 0 0 0 0 0 0 0 0 0 0 0 0 0 0 0 0 0.0144928 0.0289855 0.0289855 0.130435 0.246377 0.188406 0.144928 0.15942 0.057971 0 0 0 0 0 0 

2240 2220 1602 96 0 0.720721 0 0 0 0 0 0 0 0 0 0 0 0 0 0 0 0 0 0 0.0289855 0.057971 0.0144928 0.115942 0.101449 0.275362 0.144928 0.173913 0.0434783 0.0434783 0 0 0 0 0 

2272 2244 1602 98 0 0.713012 0 0 0 0 0 0 0 0 0 0 0 0 0 0 0 0 0.0142857 0 0.0285714 0.0142857 0.0428571 0.0857143 0.214286 0.2 0.228571 0.128571 0.0142857 0.0285714 0 0 0 0 0 

2208 2201 1601 89 0 0.726942 0 0 0 0 0 0 0 0 0 0 0 0 0 0 0 0 0 0 0 0.0147059 0.0294118 0.102941 0.147059 0.308824 0.205882 0.0882353 0.102941 0 0 0 0 0 0 

2208 2192 1602 95 0 0.729927 0 0 0 0 0 0 0 0 0 0 0 0 0 0 0 0 0 0 0 0.0294118 0.0294118 0.0441176 0.191176 0.220588 0.264706 0.117647 0.102941 0 0 0 0 0 0 

2208 2200 1602 87 0 0.727273 0 0 0 0 0 0 0 0 0 0 0 0 0 0 0 0 0 0 0.0147059 0 0.0735294 0.0882353 0.176471 0.176471 0.220588 0.176471 0.0147059 0.0588235 0 0 0 0 0 

2240 2217 1602 95 0 0.721696 0 0 0 0 0 0 0 0 0 0 0 0 0 0 0 0 0 0 0.0144928 0 0.0724638 0.15942 0.0869565 0.188406 0.26087 0.130435 0.0869565 0 0 0 0 0 0 

2176 2167 1602 84 0 0.738348 0 0 0 0 0 0 0 0 0 0 0 0 0 0 0 0 0 0 0 0 0.0298507 0.0597015 0.119403 0.298507 0.223881 0.149254 0.104478 0.0149254 0 0 0 0 0 

