2208 2202 1600 92 0 0.726612 0 0 0 0 0 0 0 0 0 0 0 0 0 0 0 0 0 0 0 0.0294118 0.0588235 0.0735294 0.176471 0.176471 0.25 0.191176 0.0147059 0.0294118 0 0 0 0 0 

2208 2194 1602 85 0 0.729262 0 0 0 0 0 0 0 0 0 0 0 0 0 0 0 0 0 0 0.0147059 0 0.0735294 0.0588235 0.117647 0.205882 0.308824 0.147059 0.0735294 0 0 0 0 0 0 

2208 2203 1600 89 0 0.726282 0 0 0 0 0 0 0 0 0 0 0 0 0 0 0 0 0 0 0.0147059 0.0294118 0.0735294 0.0588235 0.176471 0.147059 0.279412 0.102941 0.0882353 0.0294118 0 0 0 0 0 

2272 2244 1602 93 0 0.713012 0 0 0 0 0 0 0 0 0 0 0 0 0 0 0 0 0 0 0.0285714 0.0285714 0.0571429 0.0857143 0.185714 0.242857 0.185714 0.128571 0.0571429 0 0 0 0 0 0 

2208 2194 1602 94 0 0.729262 0 0 0 0 0 0 0 0 0 0 0 0 0 0 0 0 0 0 0 0.0294118 0.0441176 0.0441176 0.117647 0.279412 0.279412 0.147059 0.0588235 0 0 0 0 0 0 

2208 2179 1602 97 0 0.734282 0 0 0 0 0 0 0 0 0 0 0 0 0 0 0 0 0 0 0 0.0441176 0.0147059 0.0735294 0.117647 0.235294 0.205882 0.132353 0.176471 0 0 0 0 0 0 

2240 2223 1603 104 0 0.719748 0 0 0 0 0 0 0 0 0 0 0 0 0 0 0 0 0 0 0 0 0.115942 0.130435 0.115942 0.188406 0.246377 0.130435 0.057971 0.0144928 0 0 0 0 0 

2208 2195 1602 90 0 0.728929 0 0 0 0 0 0 0 0 0 0 0 0 0 0 0 0 0 0.0147059 0 0.0147059 0.0441176 0.0588235 0.191176 0.235294 0.117647 0.235294 0.0735294 0.0147059 0 0 0 0 0 

2208 2193 1602 90 0 0.729594 0 0 0 0 0 0 0 0 0 0 0 0 0 0 0 0 0 0 0 0 0.0294118 0.0882353 0.176471 0.191176 0.323529 0.161765 0.0147059 0.0147059 0 0 0 0 0 

2208 2200 1600 94 0 0.727273 0 0 0 0 0 0 0 0 0 0 0 0 0 0 0 0 0 0 0 0.0147059 0.0735294 0.0294118 0.161765 0.176471 0.411765 0.102941 0.0294118 0 0 0 0 0 0 

