2208 2184 1602 97 0 0.732601 0 0 0 0 0 0 0 0 0 0 0 0 0 0 0 0 0 0.0147059 0 0.0441176 0.0294118 0.0588235 0.161765 0.102941 0.25 0.205882 0.117647 0.0147059 0 0 0 0 0 

2272 2245 1602 97 0 0.712695 0 0 0 0 0 0 0 0 0 0 0 0 0 0 0 0 0 0 0.0142857 0 0.0571429 0.142857 0.142857 0.314286 0.185714 0.128571 0.0142857 0 0 0 0 0 0 

2240 2212 1602 88 0 0.723327 0 0 0 0 0 0 0 0 0 0 0 0 0 0 0 0 0 0 0 0 0.0724638 0.0869565 0.15942 0.275362 0.188406 0.15942 0.0289855 0.0289855 0 0 0 0 0 

2208 2193 1603 101 0 0.729594 0 0 0 0 0 0 0 0 0 0 0 0 0 0 0 0 0 0 0.0147059 0 0.0735294 0.102941 0.117647 0.220588 0.176471 0.132353 0.147059 0.0147059 0 0 0 0 0 

2208 2196 1602 93 0 0.728597 0 0 0 0 0 0 0 0 0 0 0 0 0 0 0 0 0 0 0.0147059 0.0147059 0.0294118 0.0441176 0.176471 0.279412 0.220588 0.132353 0.0882353 0 0 0 0 0 0 

2208 2199 1602 88 0 0.727603 0 0 0 0 0 0 0 0 0 0 0 0 0 0 0 0 0 0 0 0.0294118 0.0588235 0.102941 0.132353 0.235294 0.205882 0.102941 0.0882353 0.0441176 0 0 0 0 0 

2208 2192 1602 91 0 0.729927 0 0 0 0 0 0 0 0 0 0 0 0 0 0 0 0 0 0 0 0 0 0.0441176 0.220588 0.279412 0.323529 0.0882353 0.0441176 0 0 0 0 0 0 

2240 2223 1602 89 0 0.719748 0 0 0 0 0 0 0 0 0 0 0 0 0 0 0 0 0 0 0 0.0289855 0.0289855 0.115942 0.15942 0.275362 0.231884 0.115942 0.0434783 0 0 0 0 0 0 

2240 2212 1603 103 0 0.723327 0 0 0 0 0 0 0 0 0 0 0 0 0 0 0 0 0 0 0.0144928 0.0289855 0.0434783 0.057971 0.231884 0.188406 0.173913 0.173913 0.0434783 0.0289855 0.0144928 0 0 0 0 

2176 2163 1602 86 0 0.739713 0 0 0 0 0 0 0 0 0 0 0 0 0 0 0 0 0 0 0 0 0 0.0447761 0.179104 0.268657 0.208955 0.208955 0.0895522 0 0 0 0 0 0 

