2208 2199 1603 100 0 0.727603 0 0 0 0 0 0 0 0 0 0 0 0 0 0 0 0 0 0 0.0147059 0.0294118 0.0147059 0.0735294 0.161765 0.294118 0.176471 0.147059 0.0588235 0.0147059 0.0147059 0 0 0 0 

2208 2185 1603 101 0 0.732265 0 0 0 0 0 0 0 0 0 0 0 0 0 0 0 0 0 0.0147059 0 0.0294118 0.0294118 0.0588235 0.102941 0.264706 0.191176 0.205882 0.0735294 0.0147059 0.0147059 0 0 0 0 

2208 2185 1602 90 0 0.732265 0 0 0 0 0 0 0 0 0 0 0 0 0 0 0 0 0 0 0 0.0147059 0.0147059 0.102941 0.147059 0.205882 0.294118 0.132353 0.0294118 0.0588235 0 0 0 0 0 

2272 2259 1602 93 0 0.708278 0 0 0 0 0 0 0 0 0 0 0 0 0 0 0 0 0 0 0.0428571 0.0285714 0.142857 0.0714286 0.142857 0.171429 0.2 0.142857 0.0571429 0 0 0 0 0 0 

2208 2187 1602 95 0 0.731596 0 0 0 0 0 0 0 0 0 0 0 0 0 0 0 0 0 0 0 0 0.0441176 0.117647 0.117647 0.235294 0.191176 0.205882 0.0735294 0.0147059 0 0 0 0 0 

2176 2163 1601 80 0 0.739713 0 0 0 0 0 0 0 0 0 0 0 0 0 0 0 0 0 0 0 0 0.0149254 0.0746269 0.164179 0.179104 0.238806 0.268657 0.0447761 0.0149254 0 0 0 0 0 

2240 2213 1602 89 0 0.723 0 0 0 0 0 0 0 0 0 0 0 0 0 0 0 0 0 0 0 0.0289855 0.0724638 0.057971 0.144928 0.275362 0.173913 0.188406 0.0434783 0.0144928 0 0 0 0 0 

2240 2218 1602 87 0 0.721371 0 0 0 0 0 0 0 0 0 0 0 0 0 0 0 0 0 0.0144928 0 0.0434783 0.057971 0.0869565 0.101449 0.217391 0.246377 0.15942 0.0724638 0 0 0 0 0 0 

2240 2216 1603 100 0 0.722022 0 0 0 0 0 0 0 0 0 0 0 0 0 0 0 0 0 0 0 0.0289855 0.0434783 0.101449 0.202899 0.173913 0.217391 0.173913 0.0289855 0.0289855 0 0 0 0 0 

2272 2245 1602 92 0 0.712695 0 0 0 0 0 0 0 0 0 0 0 0 0 0 0 0 0 0 0.0142857 0 0.0428571 0.2 0.157143 0.214286 0.2 0.142857 0.0285714 0 0 0 0 0 0 

