2208 2179 1602 94 0 0.734282 0 0 0 0 0 0 0 0 0 0 0 0 0 0 0 0 0 0 0 0 0.0147059 0.0441176 0.220588 0.279412 0.147059 0.205882 0.0441176 0.0441176 0 0 0 0 0 

2208 2199 1602 92 0 0.727603 0 0 0 0 0 0 0 0 0 0 0 0 0 0 0 0 0 0.0147059 0 0.0147059 0.0588235 0.0882353 0.132353 0.220588 0.191176 0.191176 0.0735294 0.0147059 0 0 0 0 0 

2208 2185 1602 90 0 0.732265 0 0 0 0 0 0 0 0 0 0 0 0 0 0 0 0 0 0 0 0.0294118 0.0147059 0.0441176 0.205882 0.220588 0.220588 0.161765 0.0735294 0.0294118 0 0 0 0 0 

2240 2227 1602 95 0 0.718455 0 0 0 0 0 0 0 0 0 0 0 0 0 0 0 0 0 0 0.0144928 0.0434783 0.057971 0.0289855 0.144928 0.333333 0.231884 0.101449 0.0434783 0 0 0 0 0 0 

2240 2220 1602 96 0 0.720721 0 0 0 0 0 0 0 0 0 0 0 0 0 0 0 0 0 0 0 0.0144928 0.0869565 0.101449 0.231884 0.15942 0.188406 0.0724638 0.115942 0.0289855 0 0 0 0 0 

2208 2188 1603 101 0 0.731261 0 0 0 0 0 0 0 0 0 0 0 0 0 0 0 0 0 0 0 0 0.0735294 0.147059 0.0735294 0.176471 0.205882 0.205882 0.102941 0.0147059 0 0 0 0 0 

2240 2225 1602 94 0 0.719101 0 0 0 0 0 0 0 0 0 0 0 0 0 0 0 0 0 0 0 0.057971 0.057971 0.101449 0.130435 0.231884 0.202899 0.15942 0.0434783 0.0144928 0 0 0 0 0 

2240 2225 1602 95 0 0.719101 0 0 0 0 0 0 0 0 0 0 0 0 0 0 0 0 0 0.0144928 0 0.0144928 0.0724638 0.057971 0.15942 0.246377 0.275362 0.144928 0.0144928 0 0 0 0 0 0 

2208 2194 1602 92 0 0.729262 0 0 0 0 0 0 0 0 0 0 0 0 0 0 0 0 0 0 0.0147059 0.0147059 0.0441176 0.0735294 0.0882353 0.352941 0.132353 0.205882 0.0441176 0.0294118 0 0 0 0 0 

2208 2188 1602 89 0 0.731261 0 0 0 0 0 0 0 0 0 0 0 0 0 0 0 0 0 0 0 0 0.0735294 0.0588235 0.161765 0.205882 0.205882 0.235294 0.0441176 0 0.0147059 0 0 0 0 

