2208 2200 1602 94 0 0.727273 0 0 0 0 0 0 0 0 0 0 0 0 0 0 0 0 0.0147059 0 0 0 0.0441176 0.0735294 0.132353 0.264706 0.264706 0.161765 0.0441176 0 0 0 0 0 0 

2240 2226 1603 101 0 0.718778 0 0 0 0 0 0 0 0 0 0 0 0 0 0 0 0 0 0 0.0144928 0.0289855 0.0289855 0.188406 0.144928 0.144928 0.217391 0.15942 0.057971 0.0144928 0 0 0 0 0 

2176 2153 1602 89 0 0.743149 0 0 0 0 0 0 0 0 0 0 0 0 0 0 0 0 0 0 0 0 0.0149254 0.0149254 0.208955 0.223881 0.19403 0.19403 0.119403 0.0298507 0 0 0 0 0 

2208 2189 1602 93 0 0.730927 0 0 0 0 0 0 0 0 0 0 0 0 0 0 0 0 0 0 0.0147059 0.0294118 0.0588235 0.0588235 0.117647 0.264706 0.147059 0.147059 0.117647 0.0441176 0 0 0 0 0 

2208 2197 1602 89 0 0.728266 0 0 0 0 0 0 0 0 0 0 0 0 0 0 0 0 0 0 0 0.0147059 0.0294118 0.0735294 0.205882 0.235294 0.191176 0.205882 0.0294118 0.0147059 0 0 0 0 0 

2240 2221 1603 99 0 0.720396 0 0 0 0 0 0 0 0 0 0 0 0 0 0 0 0 0 0 0 0 0.057971 0.115942 0.188406 0.231884 0.217391 0.144928 0.0434783 0 0 0 0 0 0 

2208 2196 1602 94 0 0.728597 0 0 0 0 0 0 0 0 0 0 0 0 0 0 0 0 0 0 0 0 0.0588235 0.102941 0.147059 0.235294 0.235294 0.132353 0.0588235 0.0294118 0 0 0 0 0 

2208 2192 1602 89 0 0.729927 0 0 0 0 0 0 0 0 0 0 0 0 0 0 0 0 0 0 0.0294118 0.0294118 0.0147059 0.0588235 0.117647 0.25 0.25 0.147059 0.0882353 0.0147059 0 0 0 0 0 

2208 2196 1602 87 0 0.728597 0 0 0 0 0 0 0 0 0 0 0 0 0 0 0 0 0 0 0 0.0147059 0.0147059 0.117647 0.191176 0.235294 0.191176 0.147059 0.0588235 0.0147059 0.0147059 0 0 0 0 

2240 2212 1603 104 0 0.723327 0 0 0 0 0 0 0 0 0 0 0 0 0 0 0 0 0 0 0 0 0.057971 0.101449 0.231884 0.202899 0.202899 0.0869565 0.0869565 0 0.0289855 0 0 0 0 

