2208 2196 1602 83 0 0.728597 0 0 0 0 0 0 0 0 0 0 0 0 0 0 0 0 0 0 0 0 0.0441176 0.0882353 0.147059 0.308824 0.220588 0.117647 0.0441176 0.0147059 0.0147059 0 0 0 0 

2240 2213 1602 96 0 0.723 0 0 0 0 0 0 0 0 0 0 0 0 0 0 0 0 0 0 0.0144928 0.0289855 0.0724638 0.057971 0.15942 0.217391 0.202899 0.130435 0.101449 0.0144928 0 0 0 0 0 

2240 2218 1603 99 0 0.721371 0 0 0 0 0 0 0 0 0 0 0 0 0 0 0 0 0 0 0 0.0144928 0.0289855 0.173913 0.173913 0.15942 0.188406 0.217391 0.0434783 0 0 0 0 0 0 

2240 2216 1603 106 0 0.722022 0 0 0 0 0 0 0 0 0 0 0 0 0 0 0 0 0 0.0144928 0 0.0144928 0.057971 0.115942 0.173913 0.188406 0.15942 0.173913 0.0869565 0 0.0144928 0 0 0 0 

2176 2162 1602 86 0 0.740056 0 0 0 0 0 0 0 0 0 0 0 0 0 0 0 0 0 0 0 0.0149254 0 0.0597015 0.164179 0.223881 0.223881 0.179104 0.134328 0 0 0 0 0 0 

2176 2159 1602 83 0 0.741084 0 0 0 0 0 0 0 0 0 0 0 0 0 0 0 0 0 0 0 0.0149254 0.0149254 0.119403 0.0746269 0.19403 0.253731 0.19403 0.0746269 0.0597015 0 0 0 0 0 

2208 2190 1602 85 0 0.730594 0 0 0 0 0 0 0 0 0 0 0 0 0 0 0 0 0 0 0.0294118 0 0.0294118 0.0294118 0.176471 0.264706 0.220588 0.161765 0.0735294 0.0147059 0 0 0 0 0 

2208 2190 1603 103 0 0.730594 0 0 0 0 0 0 0 0 0 0 0 0 0 0 0 0 0 0 0 0.0147059 0.0441176 0.0882353 0.147059 0.205882 0.205882 0.220588 0.0588235 0.0147059 0 0 0 0 0 

2208 2188 1603 103 0 0.731261 0 0 0 0 0 0 0 0 0 0 0 0 0 0 0 0 0 0 0.0147059 0.0147059 0 0.0882353 0.220588 0.191176 0.117647 0.264706 0.0735294 0.0147059 0 0 0 0 0 

2240 2211 1602 88 0 0.723654 0 0 0 0 0 0 0 0 0 0 0 0 0 0 0 0 0 0 0 0.0144928 0.0724638 0.057971 0.173913 0.188406 0.289855 0.15942 0.0434783 0 0 0 0 0 0 

