2240 2217 1602 89 0 0.721696 0 0 0 0 0 0 0 0 0 0 0 0 0 0 0 0 0 0.0144928 0.0144928 0.0144928 0.0144928 0.130435 0.173913 0.188406 0.188406 0.202899 0.0434783 0.0144928 0 0 0 0 0 

2208 2191 1603 100 0 0.73026 0 0 0 0 0 0 0 0 0 0 0 0 0 0 0 0.0147059 0 0 0.0147059 0.0147059 0.0294118 0.0441176 0.132353 0.235294 0.264706 0.117647 0.117647 0.0147059 0 0 0 0 0 

2208 2198 1602 94 0 0.727934 0 0 0 0 0 0 0 0 0 0 0 0 0 0 0 0 0 0 0 0.0147059 0.0441176 0.0588235 0.191176 0.264706 0.191176 0.176471 0.0441176 0.0147059 0 0 0 0 0 

2208 2199 1601 98 0 0.727603 0 0 0 0 0 0 0 0 0 0 0 0 0 0 0 0 0 0 0 0.0147059 0.0441176 0.102941 0.191176 0.161765 0.235294 0.176471 0.0735294 0 0 0 0 0 0 

2208 2191 1602 96 0 0.73026 0 0 0 0 0 0 0 0 0 0 0 0 0 0 0 0 0 0 0 0.0294118 0.0294118 0.102941 0.132353 0.220588 0.205882 0.176471 0.0882353 0.0147059 0 0 0 0 0 

2208 2189 1602 94 0 0.730927 0 0 0 0 0 0 0 0 0 0 0 0 0 0 0 0 0.0147059 0.0147059 0 0.0147059 0.0147059 0.0147059 0.147059 0.264706 0.25 0.205882 0.0588235 0 0 0 0 0 0 

2208 2190 1602 98 0 0.730594 0 0 0 0 0 0 0 0 0 0 0 0 0 0 0 0 0.0147059 0 0 0.0147059 0.0588235 0.102941 0.102941 0.205882 0.161765 0.220588 0.0735294 0.0441176 0 0 0 0 0 

2240 2212 1602 94 0 0.723327 0 0 0 0 0 0 0 0 0 0 0 0 0 0 0 0 0 0 0.0144928 0.0144928 0.0289855 0.0724638 0.188406 0.202899 0.304348 0.115942 0.057971 0 0 0 0 0 0 

2208 2201 1600 93 0 0.726942 0 0 0 0 0 0 0 0 0 0 0 0 0 0 0 0 0 0 0 0.0147059 0.0294118 0.0882353 0.235294 0.220588 0.176471 0.176471 0.0294118 0.0147059 0.0147059 0 0 0 0 

2272 2250 1602 95 0 0.711111 0 0 0 0 0 0 0 0 0 0 0 0 0 0 0 0 0 0 0.0142857 0.0142857 0.0714286 0.128571 0.2 0.257143 0.171429 0.0857143 0.0285714 0.0285714 0 0 0 0 0 

