2208 2194 1602 93 0 0.729262 0 0 0 0 0 0 0 0 0 0 0 0 0 0 0 0 0 0 0 0.0147059 0.0441176 0.0735294 0.102941 0.235294 0.367647 0.117647 0.0441176 0 0 0 0 0 0 

2176 2163 1602 95 0 0.739713 0 0 0 0 0 0 0 0 0 0 0 0 0 0 0 0 0 0.0149254 0 0 0.0149254 0.0298507 0.164179 0.253731 0.19403 0.19403 0.134328 0 0 0 0 0 0 

2208 2188 1603 99 0 0.731261 0 0 0 0 0 0 0 0 0 0 0 0 0 0 0 0 0 0 0 0.0147059 0.0441176 0.0441176 0.220588 0.220588 0.147059 0.191176 0.102941 0.0147059 0 0 0 0 0 

2208 2191 1602 92 0 0.73026 0 0 0 0 0 0 0 0 0 0 0 0 0 0 0 0 0 0 0 0.0147059 0.0294118 0.102941 0.102941 0.338235 0.176471 0.117647 0.0882353 0.0294118 0 0 0 0 0 

2208 2187 1603 99 0 0.731596 0 0 0 0 0 0 0 0 0 0 0 0 0 0 0 0 0 0 0.0147059 0.0294118 0.0294118 0 0.191176 0.25 0.220588 0.147059 0.102941 0.0147059 0 0 0 0 0 

2240 2221 1603 99 0 0.720396 0 0 0 0 0 0 0 0 0 0 0 0 0 0 0 0 0 0 0.0144928 0.0144928 0.0434783 0.101449 0.173913 0.217391 0.231884 0.15942 0.0434783 0 0 0 0 0 0 

2208 2191 1602 92 0 0.73026 0 0 0 0 0 0 0 0 0 0 0 0 0 0 0 0 0 0 0 0.0147059 0.0147059 0.117647 0.102941 0.279412 0.264706 0.102941 0.102941 0 0 0 0 0 0 

2208 2201 1602 98 0 0.726942 0 0 0 0 0 0 0 0 0 0 0 0 0 0 0 0 0 0.0147059 0 0 0.0294118 0.132353 0.161765 0.176471 0.25 0.161765 0.0735294 0 0 0 0 0 0 

2240 2215 1602 98 0 0.722348 0 0 0 0 0 0 0 0 0 0 0 0 0 0 0 0 0 0 0 0.0144928 0.0289855 0.130435 0.130435 0.26087 0.246377 0.15942 0.0289855 0 0 0 0 0 0 

2240 2216 1602 96 0 0.722022 0 0 0 0 0 0 0 0 0 0 0 0 0 0 0 0 0 0 0.0144928 0.0289855 0.0289855 0.115942 0.173913 0.144928 0.26087 0.188406 0.0289855 0.0144928 0 0 0 0 0 

