2208 2186 1602 95 0 0.73193 0 0 0 0 0 0 0 0 0 0 0 0 0 0 0 0 0 0 0 0.0294118 0.0294118 0.117647 0.147059 0.0882353 0.279412 0.205882 0.102941 0 0 0 0 0 0 

2240 2211 1602 86 0 0.723654 0 0 0 0 0 0 0 0 0 0 0 0 0 0 0 0 0 0 0 0.0289855 0.057971 0.0289855 0.15942 0.275362 0.289855 0.0869565 0.0724638 0 0 0 0 0 0 

2208 2180 1602 93 0 0.733945 0 0 0 0 0 0 0 0 0 0 0 0 0 0 0 0 0 0 0 0.0147059 0.0147059 0.0588235 0.0882353 0.294118 0.352941 0.0882353 0.0735294 0.0147059 0 0 0 0 0 

2208 2192 1602 97 0 0.729927 0 0 0 0 0 0 0 0 0 0 0 0 0 0 0 0 0 0 0 0.0147059 0.0441176 0.0735294 0.176471 0.191176 0.279412 0.132353 0.0588235 0.0294118 0 0 0 0 0 

2240 2220 1602 96 0 0.720721 0 0 0 0 0 0 0 0 0 0 0 0 0 0 0 0 0 0 0 0.0144928 0.0724638 0.0869565 0.15942 0.26087 0.231884 0.115942 0.0434783 0.0144928 0 0 0 0 0 

2208 2200 1602 89 0 0.727273 0 0 0 0 0 0 0 0 0 0 0 0 0 0 0 0 0 0 0 0.0147059 0.0147059 0.102941 0.191176 0.235294 0.25 0.117647 0.0735294 0 0 0 0 0 0 

2240 2211 1602 94 0 0.723654 0 0 0 0 0 0 0 0 0 0 0 0 0 0 0 0 0 0 0 0.0434783 0.0289855 0.0869565 0.130435 0.231884 0.275362 0.144928 0.057971 0 0 0 0 0 0 

2208 2201 1601 96 0 0.726942 0 0 0 0 0 0 0 0 0 0 0 0 0 0 0 0 0.0147059 0 0 0.0147059 0.0588235 0.132353 0.102941 0.176471 0.235294 0.176471 0.0441176 0.0441176 0 0 0 0 0 

2208 2190 1602 94 0 0.730594 0 0 0 0 0 0 0 0 0 0 0 0 0 0 0 0 0 0 0.0147059 0.0147059 0.0441176 0.0441176 0.191176 0.191176 0.264706 0.117647 0.0882353 0.0147059 0.0147059 0 0 0 0 

2208 2193 1603 103 0 0.729594 0 0 0 0 0 0 0 0 0 0 0 0 0 0 0 0 0 0 0 0.0147059 0.0882353 0.0441176 0.176471 0.176471 0.176471 0.235294 0.0882353 0 0 0 0 0 0 

