2272 2245 1602 95 0 0.712695 0 0 0 0 0 0 0 0 0 0 0 0 0 0 0 0 0 0 0.0142857 0.0571429 0.0285714 0.0571429 0.214286 0.3 0.171429 0.114286 0.0428571 0 0 0 0 0 0 

2272 2251 1602 95 0 0.710795 0 0 0 0 0 0 0 0 0 0 0 0 0 0 0 0 0 0 0.0142857 0.0428571 0.0571429 0.0428571 0.3 0.214286 0.157143 0.142857 0.0285714 0 0 0 0 0 0 

2208 2194 1602 95 0 0.729262 0 0 0 0 0 0 0 0 0 0 0 0 0 0 0 0 0 0 0 0 0.0147059 0.0882353 0.235294 0.205882 0.235294 0.161765 0.0441176 0.0147059 0 0 0 0 0 

2176 2166 1602 92 0 0.738689 0 0 0 0 0 0 0 0 0 0 0 0 0 0 0 0 0 0 0.0149254 0 0.0298507 0.0597015 0.164179 0.19403 0.253731 0.164179 0.0597015 0.0298507 0.0298507 0 0 0 0 

2208 2196 1602 87 0 0.728597 0 0 0 0 0 0 0 0 0 0 0 0 0 0 0 0 0 0 0 0 0.0147059 0.102941 0.235294 0.191176 0.279412 0.0735294 0.0882353 0.0147059 0 0 0 0 0 

2240 2219 1602 95 0 0.721045 0 0 0 0 0 0 0 0 0 0 0 0 0 0 0 0 0 0 0 0.0144928 0.0434783 0.115942 0.202899 0.202899 0.231884 0.115942 0.0724638 0 0 0 0 0 0 

2240 2215 1602 98 0 0.722348 0 0 0 0 0 0 0 0 0 0 0 0 0 0 0 0 0 0 0 0.0144928 0.0724638 0.101449 0.188406 0.188406 0.202899 0.15942 0.0289855 0.0434783 0 0 0 0 0 

2240 2222 1603 103 0 0.720072 0 0 0 0 0 0 0 0 0 0 0 0 0 0 0 0 0 0 0 0.0289855 0.0144928 0.144928 0.173913 0.202899 0.289855 0.0724638 0.0724638 0 0 0 0 0 0 

2176 2170 1600 94 0 0.737327 0 0 0 0 0 0 0 0 0 0 0 0 0 0 0 0 0 0 0.0149254 0.0149254 0 0.0895522 0.19403 0.149254 0.253731 0.149254 0.0746269 0.0447761 0.0149254 0 0 0 0 

2240 2227 1603 99 0 0.718455 0 0 0 0 0 0 0 0 0 0 0 0 0 0 0 0 0 0.0144928 0 0.0144928 0.057971 0.130435 0.101449 0.26087 0.26087 0.115942 0.0289855 0.0144928 0 0 0 0 0 

