2208 2201 1600 93 0 0.726942 0 0 0 0 0 0 0 0 0 0 0 0 0 0 0 0 0 0 0 0.0147059 0.0441176 0.0735294 0.161765 0.294118 0.235294 0.102941 0.0441176 0.0294118 0 0 0 0 0 

2208 2201 1602 88 0 0.726942 0 0 0 0 0 0 0 0 0 0 0 0 0 0 0 0 0 0 0 0.0147059 0.0294118 0.102941 0.191176 0.220588 0.264706 0.0882353 0.0588235 0.0294118 0 0 0 0 0 

2208 2179 1602 89 0 0.734282 0 0 0 0 0 0 0 0 0 0 0 0 0 0 0 0 0 0 0 0 0.0441176 0.0588235 0.147059 0.235294 0.25 0.176471 0.0441176 0.0441176 0 0 0 0 0 

2240 2216 1603 103 0 0.722022 0 0 0 0 0 0 0 0 0 0 0 0 0 0 0 0 0 0 0 0 0.0869565 0.0724638 0.231884 0.144928 0.26087 0.130435 0.057971 0.0144928 0 0 0 0 0 

2240 2222 1603 100 0 0.720072 0 0 0 0 0 0 0 0 0 0 0 0 0 0 0 0 0 0 0.0289855 0.0289855 0.0144928 0.130435 0.144928 0.246377 0.202899 0.0869565 0.101449 0.0144928 0 0 0 0 0 

2208 2197 1602 92 0 0.728266 0 0 0 0 0 0 0 0 0 0 0 0 0 0 0 0 0 0 0 0.0147059 0.0588235 0.117647 0.0735294 0.264706 0.235294 0.176471 0.0294118 0.0294118 0 0 0 0 0 

2240 2224 1602 98 0 0.719424 0 0 0 0 0 0 0 0 0 0 0 0 0 0 0 0 0 0 0.0144928 0.0144928 0.0724638 0.101449 0.15942 0.246377 0.15942 0.15942 0.0724638 0 0 0 0 0 0 

2240 2219 1602 95 0 0.721045 0 0 0 0 0 0 0 0 0 0 0 0 0 0 0 0 0 0.0144928 0 0.0434783 0.0434783 0.0289855 0.231884 0.26087 0.101449 0.188406 0.0869565 0 0 0 0 0 0 

2240 2219 1603 99 0 0.721045 0 0 0 0 0 0 0 0 0 0 0 0 0 0 0 0 0 0 0 0 0.0434783 0.130435 0.130435 0.246377 0.333333 0.0869565 0.0289855 0 0 0 0 0 0 

2208 2200 1601 87 0 0.727273 0 0 0 0 0 0 0 0 0 0 0 0 0 0 0 0 0 0 0.0147059 0.0294118 0.0294118 0.102941 0.176471 0.161765 0.220588 0.176471 0.0735294 0 0.0147059 0 0 0 0 

