2176 2168 1601 101 0 0.738007 0 0 0 0 0 0 0 0 0 0 0 0 0 0 0 0 0 0 0.0298507 0.0149254 0 0.0447761 0.134328 0.253731 0.223881 0.179104 0.0746269 0.0298507 0.0149254 0 0 0 0 

2208 2184 1602 88 0 0.732601 0 0 0 0 0 0 0 0 0 0 0 0 0 0 0 0 0 0 0 0.0147059 0.0294118 0.0588235 0.161765 0.176471 0.352941 0.147059 0.0294118 0.0147059 0.0147059 0 0 0 0 

2208 2179 1602 96 0 0.734282 0 0 0 0 0 0 0 0 0 0 0 0 0 0 0 0 0 0 0 0 0.0441176 0.0294118 0.161765 0.294118 0.191176 0.161765 0.117647 0 0 0 0 0 0 

2240 2234 1601 96 0 0.716204 0 0 0 0 0 0 0 0 0 0 0 0 0 0 0 0 0 0 0 0.0289855 0.0144928 0.15942 0.202899 0.289855 0.188406 0.0434783 0.0434783 0.0289855 0 0 0 0 0 

2240 2215 1602 88 0 0.722348 0 0 0 0 0 0 0 0 0 0 0 0 0 0 0 0 0 0 0 0 0.057971 0.101449 0.15942 0.26087 0.231884 0.15942 0.0144928 0.0144928 0 0 0 0 0 

2176 2168 1602 96 0 0.738007 0 0 0 0 0 0 0 0 0 0 0 0 0 0 0 0 0 0 0 0 0.0149254 0.0746269 0.164179 0.19403 0.298507 0.179104 0.0597015 0 0.0149254 0 0 0 0 

2208 2199 1603 102 0 0.727603 0 0 0 0 0 0 0 0 0 0 0 0 0 0 0 0 0 0 0.0147059 0.0147059 0.0588235 0.0735294 0.147059 0.191176 0.25 0.161765 0.0882353 0 0 0 0 0 0 

2240 2214 1603 105 0 0.722674 0 0 0 0 0 0 0 0 0 0 0 0 0 0 0 0 0 0 0 0.0289855 0.0434783 0.144928 0.188406 0.144928 0.202899 0.130435 0.0724638 0.0289855 0.0144928 0 0 0 0 

2272 2248 1602 89 0 0.711744 0 0 0 0 0 0 0 0 0 0 0 0 0 0 0 0 0 0.0142857 0.0142857 0.0428571 0.0142857 0.0714286 0.242857 0.271429 0.142857 0.171429 0.0142857 0 0 0 0 0 0 

2208 2185 1603 100 0 0.732265 0 0 0 0 0 0 0 0 0 0 0 0 0 0 0 0 0 0 0.0147059 0 0.0588235 0.102941 0.117647 0.191176 0.205882 0.161765 0.117647 0.0147059 0.0147059 0 0 0 0 

