2208 2190 1602 98 0 0.730594 0 0 0 0 0 0 0 0 0 0 0 0 0 0 0 0 0.0147059 0 0 0.0147059 0.0147059 0.0882353 0.147059 0.220588 0.220588 0.205882 0.0588235 0 0.0147059 0 0 0 0 

2240 2234 1600 103 0 0.716204 0 0 0 0 0 0 0 0 0 0 0 0 0 0 0 0 0 0.0144928 0.0289855 0 0.057971 0.057971 0.246377 0.15942 0.289855 0.101449 0.0434783 0 0 0 0 0 0 

2240 2224 1603 110 0 0.719424 0 0 0 0 0 0 0 0 0 0 0 0 0 0 0 0.0144928 0 0 0.0289855 0 0.101449 0.101449 0.144928 0.173913 0.144928 0.15942 0.0869565 0.0289855 0.0144928 0 0 0 0 

2208 2181 1602 91 0 0.733608 0 0 0 0 0 0 0 0 0 0 0 0 0 0 0 0 0 0.0147059 0 0.0147059 0.0147059 0.0588235 0.147059 0.235294 0.235294 0.161765 0.0882353 0.0294118 0 0 0 0 0 

2208 2195 1602 90 0 0.728929 0 0 0 0 0 0 0 0 0 0 0 0 0 0 0 0 0 0 0 0.0294118 0.0294118 0.132353 0.132353 0.176471 0.279412 0.0882353 0.102941 0.0294118 0 0 0 0 0 

2208 2192 1602 93 0 0.729927 0 0 0 0 0 0 0 0 0 0 0 0 0 0 0 0 0 0 0 0.0147059 0.0147059 0.161765 0.132353 0.205882 0.176471 0.205882 0.0588235 0.0294118 0 0 0 0 0 

2240 2214 1602 92 0 0.722674 0 0 0 0 0 0 0 0 0 0 0 0 0 0 0 0 0 0 0 0.0289855 0.0289855 0.130435 0.130435 0.231884 0.246377 0.130435 0.0724638 0 0 0 0 0 0 

2208 2181 1602 87 0 0.733608 0 0 0 0 0 0 0 0 0 0 0 0 0 0 0 0 0 0 0 0 0.0294118 0.132353 0.117647 0.132353 0.338235 0.147059 0.0882353 0.0147059 0 0 0 0 0 

2208 2204 1602 103 0 0.725953 0 0 0 0 0 0 0 0 0 0 0 0 0 0 0 0 0 0 0.0147059 0.0441176 0.0147059 0.117647 0.117647 0.279412 0.102941 0.235294 0.0588235 0.0147059 0 0 0 0 0 

2240 2220 1602 88 0 0.720721 0 0 0 0 0 0 0 0 0 0 0 0 0 0 0 0 0 0.0144928 0 0.0434783 0.0144928 0.115942 0.144928 0.231884 0.217391 0.15942 0.0434783 0.0144928 0 0 0 0 0 

