2208 2203 1600 99 0 0.726282 0 0 0 0 0 0 0 0 0 0 0 0 0 0 0 0 0 0 0 0.0147059 0.0588235 0.0882353 0.176471 0.220588 0.235294 0.117647 0.0588235 0.0294118 0 0 0 0 0 

2208 2199 1601 92 0 0.727603 0 0 0 0 0 0 0 0 0 0 0 0 0 0 0 0 0 0 0.0147059 0.0147059 0.0147059 0.0882353 0.161765 0.235294 0.279412 0.132353 0.0441176 0.0147059 0 0 0 0 0 

2240 2216 1602 97 0 0.722022 0 0 0 0 0 0 0 0 0 0 0 0 0 0 0 0 0 0 0.0144928 0.0289855 0.0144928 0.0434783 0.173913 0.275362 0.318841 0.115942 0.0144928 0 0 0 0 0 0 

2208 2189 1603 102 0 0.730927 0 0 0 0 0 0 0 0 0 0 0 0 0 0 0 0 0 0 0 0.0147059 0.0441176 0.102941 0.117647 0.205882 0.25 0.161765 0.0882353 0.0147059 0 0 0 0 0 

2240 2227 1602 92 0 0.718455 0 0 0 0 0 0 0 0 0 0 0 0 0 0 0 0 0 0 0 0.0434783 0.0434783 0.115942 0.173913 0.144928 0.333333 0.115942 0.0289855 0 0 0 0 0 0 

2208 2193 1602 95 0 0.729594 0 0 0 0 0 0 0 0 0 0 0 0 0 0 0 0 0 0 0 0.0147059 0.0441176 0.0882353 0.205882 0.205882 0.147059 0.176471 0.0882353 0.0294118 0 0 0 0 0 

2208 2197 1602 95 0 0.728266 0 0 0 0 0 0 0 0 0 0 0 0 0 0 0 0 0 0 0 0.0147059 0.0147059 0.117647 0.0735294 0.382353 0.220588 0.102941 0.0588235 0.0147059 0 0 0 0 0 

2240 2224 1602 93 0 0.719424 0 0 0 0 0 0 0 0 0 0 0 0 0 0 0 0 0 0 0.0144928 0.0144928 0.0724638 0.101449 0.130435 0.246377 0.246377 0.101449 0.0724638 0 0 0 0 0 0 

2240 2217 1602 92 0 0.721696 0 0 0 0 0 0 0 0 0 0 0 0 0 0 0 0 0.0144928 0 0 0.0144928 0.057971 0.101449 0.217391 0.173913 0.144928 0.173913 0.0724638 0.0144928 0.0144928 0 0 0 0 

2240 2231 1602 100 0 0.717167 0 0 0 0 0 0 0 0 0 0 0 0 0 0 0 0 0 0 0 0.0289855 0.0724638 0.101449 0.275362 0.15942 0.15942 0.101449 0.0724638 0.0144928 0.0144928 0 0 0 0 

