2272 2243 1602 97 0 0.71333 0 0 0 0 0 0 0 0 0 0 0 0 0 0 0 0 0 0 0 0.0285714 0.0285714 0.114286 0.257143 0.257143 0.185714 0.0857143 0.0142857 0.0142857 0.0142857 0 0 0 0 

2240 2218 1602 97 0 0.721371 0 0 0 0 0 0 0 0 0 0 0 0 0 0 0 0 0 0 0 0.0434783 0.0144928 0.15942 0.115942 0.217391 0.246377 0.130435 0.0724638 0 0 0 0 0 0 

2272 2252 1602 95 0 0.71048 0 0 0 0 0 0 0 0 0 0 0 0 0 0 0 0 0 0 0 0 0.128571 0.142857 0.171429 0.228571 0.171429 0.1 0.0428571 0.0142857 0 0 0 0 0 

2176 2160 1602 84 0 0.740741 0 0 0 0 0 0 0 0 0 0 0 0 0 0 0 0 0 0 0 0 0.0149254 0.0447761 0.0746269 0.283582 0.313433 0.238806 0.0298507 0 0 0 0 0 0 

2208 2196 1602 97 0 0.728597 0 0 0 0 0 0 0 0 0 0 0 0 0 0 0 0 0 0 0 0.0147059 0.0735294 0.0882353 0.147059 0.191176 0.235294 0.132353 0.102941 0.0147059 0 0 0 0 0 

2176 2162 1602 89 0 0.740056 0 0 0 0 0 0 0 0 0 0 0 0 0 0 0 0 0 0 0 0.0149254 0.0149254 0.0298507 0.0746269 0.298507 0.328358 0.179104 0.0447761 0.0149254 0 0 0 0 0 

2240 2221 1602 94 0 0.720396 0 0 0 0 0 0 0 0 0 0 0 0 0 0 0 0 0 0 0 0.0144928 0.0869565 0.130435 0.130435 0.15942 0.289855 0.130435 0.0434783 0.0144928 0 0 0 0 0 

2208 2200 1602 91 0 0.727273 0 0 0 0 0 0 0 0 0 0 0 0 0 0 0 0 0 0 0.0294118 0.0147059 0 0.102941 0.176471 0.235294 0.147059 0.25 0.0294118 0.0147059 0 0 0 0 0 

2240 2217 1603 100 0 0.721696 0 0 0 0 0 0 0 0 0 0 0 0 0 0 0 0 0 0 0.0144928 0.0289855 0 0.101449 0.217391 0.246377 0.15942 0.15942 0.057971 0.0144928 0 0 0 0 0 

2208 2194 1602 97 0 0.729262 0 0 0 0 0 0 0 0 0 0 0 0 0 0 0 0 0 0 0.0147059 0.0147059 0.0588235 0.0441176 0.132353 0.264706 0.220588 0.161765 0.0735294 0.0147059 0 0 0 0 0 

