2208 2198 1602 88 0 0.727934 0 0 0 0 0 0 0 0 0 0 0 0 0 0 0 0 0 0 0 0 0.0441176 0.117647 0.132353 0.235294 0.25 0.191176 0.0147059 0.0147059 0 0 0 0 0 

2176 2147 1602 84 0 0.745226 0 0 0 0 0 0 0 0 0 0 0 0 0 0 0 0 0 0 0 0.0298507 0.0298507 0.0149254 0.119403 0.223881 0.19403 0.223881 0.0895522 0.0597015 0.0149254 0 0 0 0 

2208 2195 1602 96 0 0.728929 0 0 0 0 0 0 0 0 0 0 0 0 0 0 0 0 0 0 0 0.0147059 0.0588235 0.0588235 0.176471 0.25 0.191176 0.176471 0.0294118 0.0441176 0 0 0 0 0 

2240 2211 1602 97 0 0.723654 0 0 0 0 0 0 0 0 0 0 0 0 0 0 0 0 0 0 0.0144928 0 0.0434783 0.115942 0.188406 0.130435 0.289855 0.144928 0.0724638 0 0 0 0 0 0 

2208 2196 1602 93 0 0.728597 0 0 0 0 0 0 0 0 0 0 0 0 0 0 0 0 0 0.0147059 0 0 0.0294118 0.117647 0.132353 0.25 0.191176 0.176471 0.0882353 0 0 0 0 0 0 

2208 2191 1602 94 0 0.73026 0 0 0 0 0 0 0 0 0 0 0 0 0 0 0 0 0 0.0294118 0 0 0.0294118 0.0735294 0.191176 0.191176 0.205882 0.147059 0.0882353 0.0441176 0 0 0 0 0 

2208 2195 1602 90 0 0.728929 0 0 0 0 0 0 0 0 0 0 0 0 0 0 0 0 0 0 0 0.0294118 0.0441176 0.0735294 0.147059 0.205882 0.294118 0.117647 0.0588235 0.0294118 0 0 0 0 0 

2208 2186 1602 95 0 0.73193 0 0 0 0 0 0 0 0 0 0 0 0 0 0 0 0 0 0 0 0 0.0735294 0.102941 0.161765 0.102941 0.264706 0.176471 0.0882353 0.0294118 0 0 0 0 0 

2176 2156 1602 85 0 0.742115 0 0 0 0 0 0 0 0 0 0 0 0 0 0 0 0 0 0 0 0 0.0447761 0.0298507 0.149254 0.238806 0.164179 0.238806 0.119403 0 0.0149254 0 0 0 0 

2208 2199 1602 96 0 0.727603 0 0 0 0 0 0 0 0 0 0 0 0 0 0 0 0 0 0 0 0.0294118 0.102941 0.0588235 0.117647 0.25 0.191176 0.0882353 0.132353 0.0294118 0 0 0 0 0 

