2240 2215 1602 95 0 0.722348 0 0 0 0 0 0 0 0 0 0 0 0 0 0 0 0 0 0 0 0 0.0724638 0.144928 0.130435 0.188406 0.217391 0.202899 0.0434783 0 0 0 0 0 0 

2272 2252 1603 99 0 0.71048 0 0 0 0 0 0 0 0 0 0 0 0 0 0 0 0 0 0 0.0142857 0.0428571 0.0428571 0.0857143 0.271429 0.2 0.2 0.1 0.0285714 0.0142857 0 0 0 0 0 

2240 2231 1603 107 0 0.717167 0 0 0 0 0 0 0 0 0 0 0 0 0 0 0 0 0 0 0 0.0434783 0.0724638 0.115942 0.15942 0.202899 0.144928 0.246377 0.0144928 0 0 0 0 0 0 

2176 2162 1602 89 0 0.740056 0 0 0 0 0 0 0 0 0 0 0 0 0 0 0 0 0 0 0.0149254 0 0 0.0447761 0.149254 0.268657 0.223881 0.164179 0.134328 0 0 0 0 0 0 

2240 2220 1603 100 0 0.720721 0 0 0 0 0 0 0 0 0 0 0 0 0 0 0 0 0 0 0 0.0434783 0.101449 0.0869565 0.101449 0.217391 0.217391 0.115942 0.101449 0.0144928 0 0 0 0 0 

2208 2188 1602 95 0 0.731261 0 0 0 0 0 0 0 0 0 0 0 0 0 0 0 0 0 0.0147059 0 0 0.0441176 0.0441176 0.117647 0.25 0.308824 0.161765 0.0588235 0 0 0 0 0 0 

2208 2190 1602 92 0 0.730594 0 0 0 0 0 0 0 0 0 0 0 0 0 0 0 0 0 0 0 0.0147059 0.0294118 0.117647 0.117647 0.25 0.191176 0.205882 0.0441176 0.0294118 0 0 0 0 0 

2208 2186 1602 96 0 0.73193 0 0 0 0 0 0 0 0 0 0 0 0 0 0 0 0 0 0 0 0 0.102941 0.0735294 0.147059 0.147059 0.279412 0.117647 0.0735294 0.0294118 0.0147059 0.0147059 0 0 0 

2208 2190 1603 99 0 0.730594 0 0 0 0 0 0 0 0 0 0 0 0 0 0 0 0 0 0 0.0147059 0.0147059 0.0294118 0.0882353 0.147059 0.191176 0.235294 0.176471 0.0882353 0.0147059 0 0 0 0 0 

2240 2215 1602 95 0 0.722348 0 0 0 0 0 0 0 0 0 0 0 0 0 0 0 0 0 0 0.0144928 0.0144928 0.0724638 0.0724638 0.115942 0.26087 0.246377 0.130435 0.0724638 0 0 0 0 0 0 

