2208 2192 1602 97 0 0.729927 0 0 0 0 0 0 0 0 0 0 0 0 0 0 0 0 0 0 0 0 0.0441176 0.132353 0.132353 0.25 0.176471 0.161765 0.0735294 0.0147059 0.0147059 0 0 0 0 

2240 2226 1602 98 0 0.718778 0 0 0 0 0 0 0 0 0 0 0 0 0 0 0 0 0 0 0.0144928 0.0434783 0.0289855 0.0434783 0.246377 0.246377 0.188406 0.15942 0 0.0289855 0 0 0 0 0 

2208 2193 1602 90 0 0.729594 0 0 0 0 0 0 0 0 0 0 0 0 0 0 0 0 0 0 0 0.0147059 0.0735294 0.0882353 0.0882353 0.191176 0.294118 0.205882 0.0294118 0.0147059 0 0 0 0 0 

2272 2248 1603 102 0 0.711744 0 0 0 0 0 0 0 0 0 0 0 0 0 0 0 0 0 0 0.0142857 0.0285714 0.0714286 0.128571 0.157143 0.214286 0.228571 0.1 0.0571429 0 0 0 0 0 0 

2176 2162 1602 88 0 0.740056 0 0 0 0 0 0 0 0 0 0 0 0 0 0 0 0 0 0 0.0149254 0 0.0149254 0.0895522 0.104478 0.253731 0.149254 0.238806 0.119403 0.0149254 0 0 0 0 0 

2208 2202 1601 92 0 0.726612 0 0 0 0 0 0 0 0 0 0 0 0 0 0 0 0 0 0 0.0147059 0.0147059 0.0441176 0.0735294 0.176471 0.176471 0.294118 0.147059 0.0588235 0 0 0 0 0 0 

2208 2197 1602 91 0 0.728266 0 0 0 0 0 0 0 0 0 0 0 0 0 0 0 0 0 0 0.0147059 0 0.0294118 0.0882353 0.161765 0.235294 0.264706 0.147059 0.0441176 0.0147059 0 0 0 0 0 

2176 2159 1602 89 0 0.741084 0 0 0 0 0 0 0 0 0 0 0 0 0 0 0 0 0 0.0149254 0 0 0 0.0597015 0.119403 0.223881 0.283582 0.19403 0.0746269 0.0298507 0 0 0 0 0 

2208 2201 1601 94 0 0.726942 0 0 0 0 0 0 0 0 0 0 0 0 0 0 0 0 0 0 0 0.0147059 0.0147059 0.117647 0.161765 0.264706 0.220588 0.147059 0.0588235 0 0 0 0 0 0 

2240 2230 1602 90 0 0.717489 0 0 0 0 0 0 0 0 0 0 0 0 0 0 0 0 0 0 0.0144928 0.0144928 0.0434783 0.115942 0.231884 0.202899 0.246377 0.0289855 0.0869565 0.0144928 0 0 0 0 0 

