2240 2215 1603 105 0 0.722348 0 0 0 0 0 0 0 0 0 0 0 0 0 0 0 0 0 0 0.0144928 0.0144928 0.0869565 0.115942 0.144928 0.144928 0.188406 0.15942 0.130435 0 0 0 0 0 0 

2240 2213 1602 95 0 0.723 0 0 0 0 0 0 0 0 0 0 0 0 0 0 0 0 0 0.0144928 0.0144928 0.0144928 0.0434783 0.101449 0.101449 0.275362 0.173913 0.188406 0.0434783 0.0289855 0 0 0 0 0 

2208 2196 1602 88 0 0.728597 0 0 0 0 0 0 0 0 0 0 0 0 0 0 0 0 0 0 0 0.0147059 0.0441176 0.0294118 0.205882 0.308824 0.191176 0.117647 0.0588235 0.0294118 0 0 0 0 0 

2240 2231 1600 90 0 0.717167 0 0 0 0 0 0 0 0 0 0 0 0 0 0 0 0 0 0 0 0.0434783 0.0289855 0.130435 0.130435 0.275362 0.246377 0.144928 0 0 0 0 0 0 0 

2176 2171 1600 96 0 0.736988 0 0 0 0 0 0 0 0 0 0 0 0 0 0 0 0 0 0 0.0298507 0 0.0298507 0.0149254 0.19403 0.238806 0.179104 0.179104 0.104478 0.0298507 0 0 0 0 0 

2272 2249 1602 98 0 0.711427 0 0 0 0 0 0 0 0 0 0 0 0 0 0 0 0 0 0 0.0142857 0 0.0857143 0.128571 0.185714 0.228571 0.228571 0.0857143 0.0428571 0 0 0 0 0 0 

2240 2225 1603 107 0 0.719101 0 0 0 0 0 0 0 0 0 0 0 0 0 0 0 0 0 0 0 0.0289855 0.0724638 0.0724638 0.15942 0.26087 0.246377 0.115942 0.0289855 0.0144928 0 0 0 0 0 

2208 2181 1603 100 0 0.733608 0 0 0 0 0 0 0 0 0 0 0 0 0 0 0 0 0 0 0 0.0147059 0.0294118 0.0735294 0.132353 0.205882 0.308824 0.117647 0.0882353 0.0294118 0 0 0 0 0 

2240 2219 1603 105 0 0.721045 0 0 0 0 0 0 0 0 0 0 0 0 0 0 0 0 0 0 0 0.0434783 0.0434783 0.115942 0.173913 0.173913 0.217391 0.144928 0.0724638 0.0144928 0 0 0 0 0 

2176 2171 1601 102 0 0.736988 0 0 0 0 0 0 0 0 0 0 0 0 0 0 0 0 0 0 0 0 0.0298507 0.0447761 0.134328 0.298507 0.238806 0.164179 0.0895522 0 0 0 0 0 0 

