2240 2215 1603 100 0 0.722348 0 0 0 0 0 0 0 0 0 0 0 0 0 0 0 0 0 0 0.0289855 0 0.0724638 0.0724638 0.15942 0.173913 0.246377 0.202899 0.0289855 0.0144928 0 0 0 0 0 

2240 2211 1602 88 0 0.723654 0 0 0 0 0 0 0 0 0 0 0 0 0 0 0 0 0 0.0144928 0 0.0144928 0.0144928 0.115942 0.144928 0.246377 0.231884 0.15942 0.0434783 0.0144928 0 0 0 0 0 

2240 2220 1602 96 0 0.720721 0 0 0 0 0 0 0 0 0 0 0 0 0 0 0 0 0 0.0144928 0 0.0144928 0.0144928 0.0869565 0.202899 0.26087 0.26087 0.115942 0 0.0289855 0 0 0 0 0 

2240 2218 1603 101 0 0.721371 0 0 0 0 0 0 0 0 0 0 0 0 0 0 0 0 0 0 0 0 0.057971 0.144928 0.188406 0.188406 0.173913 0.173913 0.0724638 0 0 0 0 0 0 

2240 2211 1602 89 0 0.723654 0 0 0 0 0 0 0 0 0 0 0 0 0 0 0 0 0 0 0.0144928 0.0144928 0.0289855 0.0869565 0.144928 0.231884 0.289855 0.15942 0.0144928 0.0144928 0 0 0 0 0 

2176 2164 1602 92 0 0.739372 0 0 0 0 0 0 0 0 0 0 0 0 0 0 0 0 0 0 0 0.0149254 0.0149254 0.0597015 0.134328 0.268657 0.208955 0.179104 0.0746269 0.0447761 0 0 0 0 0 

2240 2222 1602 98 0 0.720072 0 0 0 0 0 0 0 0 0 0 0 0 0 0 0 0 0 0 0.0144928 0 0.0724638 0.144928 0.144928 0.188406 0.217391 0.15942 0.0289855 0.0289855 0 0 0 0 0 

2208 2192 1602 92 0 0.729927 0 0 0 0 0 0 0 0 0 0 0 0 0 0 0 0 0 0 0 0.0294118 0 0.117647 0.102941 0.308824 0.205882 0.161765 0.0441176 0.0294118 0 0 0 0 0 

2240 2216 1602 94 0 0.722022 0 0 0 0 0 0 0 0 0 0 0 0 0 0 0 0 0 0 0 0 0.0289855 0.115942 0.246377 0.202899 0.217391 0.115942 0.0724638 0 0 0 0 0 0 

2240 2226 1603 99 0 0.718778 0 0 0 0 0 0 0 0 0 0 0 0 0 0 0 0 0 0 0.0144928 0.0289855 0.057971 0.0869565 0.173913 0.289855 0.130435 0.101449 0.115942 0 0 0 0 0 0 

