2240 2211 1602 94 0 0.723654 0 0 0 0 0 0 0 0 0 0 0 0 0 0 0 0 0 0 0.0144928 0.0289855 0.0434783 0.101449 0.101449 0.231884 0.26087 0.144928 0.057971 0 0.0144928 0 0 0 0 

2240 2213 1602 95 0 0.723 0 0 0 0 0 0 0 0 0 0 0 0 0 0 0 0 0 0.0144928 0 0.0144928 0.0289855 0.0724638 0.202899 0.26087 0.202899 0.101449 0.0869565 0.0144928 0 0 0 0 0 

2240 2214 1602 93 0 0.722674 0 0 0 0 0 0 0 0 0 0 0 0 0 0 0 0 0 0 0.0144928 0.0144928 0.0434783 0.115942 0.15942 0.217391 0.26087 0.0434783 0.0869565 0.0434783 0 0 0 0 0 

2240 2215 1602 98 0 0.722348 0 0 0 0 0 0 0 0 0 0 0 0 0 0 0 0 0 0 0 0.0144928 0.0724638 0.101449 0.15942 0.202899 0.217391 0.173913 0.0434783 0.0144928 0 0 0 0 0 

2240 2235 1600 103 0 0.715884 0 0 0 0 0 0 0 0 0 0 0 0 0 0 0 0 0 0 0 0.0289855 0.0724638 0.0869565 0.202899 0.246377 0.188406 0.15942 0.0144928 0 0 0 0 0 0 

2208 2180 1602 84 0 0.733945 0 0 0 0 0 0 0 0 0 0 0 0 0 0 0 0 0 0.0147059 0 0.0294118 0.0441176 0.0441176 0.117647 0.191176 0.25 0.176471 0.0882353 0.0441176 0 0 0 0 0 

2208 2186 1602 92 0 0.73193 0 0 0 0 0 0 0 0 0 0 0 0 0 0 0 0 0 0 0 0.0441176 0.0294118 0.0735294 0.161765 0.191176 0.205882 0.161765 0.102941 0 0.0294118 0 0 0 0 

2208 2196 1601 87 0 0.728597 0 0 0 0 0 0 0 0 0 0 0 0 0 0 0 0 0 0 0.0147059 0.0147059 0.0147059 0.0735294 0.191176 0.220588 0.235294 0.161765 0.0735294 0 0 0 0 0 0 

2272 2245 1603 102 0 0.712695 0 0 0 0 0 0 0 0 0 0 0 0 0 0 0 0 0 0 0.0285714 0.0571429 0.0428571 0.0714286 0.228571 0.185714 0.171429 0.114286 0.1 0 0 0 0 0 0 

2240 2217 1602 98 0 0.721696 0 0 0 0 0 0 0 0 0 0 0 0 0 0 0 0 0 0 0 0.0144928 0.0434783 0.115942 0.173913 0.26087 0.202899 0.115942 0.0434783 0.0289855 0 0 0 0 0 

