2240 2217 1602 96 0 0.721696 0 0 0 0 0 0 0 0 0 0 0 0 0 0 0 0 0 0 0.0289855 0.0144928 0.0434783 0.115942 0.15942 0.188406 0.217391 0.130435 0.0724638 0.0289855 0 0 0 0 0 

2272 2249 1602 94 0 0.711427 0 0 0 0 0 0 0 0 0 0 0 0 0 0 0 0 0 0 0.0285714 0.0428571 0.0571429 0.0714286 0.171429 0.257143 0.214286 0.142857 0 0.0142857 0 0 0 0 0 

2176 2165 1601 88 0 0.73903 0 0 0 0 0 0 0 0 0 0 0 0 0 0 0 0 0 0 0 0.0149254 0.0298507 0.104478 0.0895522 0.208955 0.208955 0.208955 0.119403 0.0149254 0 0 0 0 0 

2176 2163 1602 89 0 0.739713 0 0 0 0 0 0 0 0 0 0 0 0 0 0 0 0 0 0 0 0.0149254 0.0149254 0.0298507 0.164179 0.19403 0.328358 0.149254 0.0895522 0.0149254 0 0 0 0 0 

2272 2246 1602 97 0 0.712378 0 0 0 0 0 0 0 0 0 0 0 0 0 0 0 0 0 0 0 0.0428571 0.0714286 0.0857143 0.214286 0.257143 0.171429 0.0857143 0.0571429 0.0142857 0 0 0 0 0 

2208 2202 1601 94 0 0.726612 0 0 0 0 0 0 0 0 0 0 0 0 0 0 0 0 0 0 0 0 0.0735294 0.132353 0.132353 0.191176 0.220588 0.176471 0.0735294 0 0 0 0 0 0 

2176 2153 1601 74 0 0.743149 0 0 0 0 0 0 0 0 0 0 0 0 0 0 0 0 0 0 0 0.0149254 0.0298507 0 0.179104 0.164179 0.283582 0.208955 0.0895522 0.0298507 0 0 0 0 0 

2208 2196 1602 97 0 0.728597 0 0 0 0 0 0 0 0 0 0 0 0 0 0 0 0 0 0 0 0.0294118 0.0147059 0.102941 0.147059 0.294118 0.147059 0.176471 0.0735294 0.0147059 0 0 0 0 0 

2240 2214 1601 81 0 0.722674 0 0 0 0 0 0 0 0 0 0 0 0 0 0 0 0 0 0 0 0.0289855 0.057971 0.0869565 0.144928 0.217391 0.289855 0.115942 0.0289855 0.0289855 0 0 0 0 0 

2208 2189 1602 88 0 0.730927 0 0 0 0 0 0 0 0 0 0 0 0 0 0 0 0 0 0 0.0294118 0 0.0294118 0.0588235 0.161765 0.25 0.205882 0.147059 0.0882353 0.0294118 0 0 0 0 0 

