2240 2232 1602 91 0 0.716846 0 0 0 0 0 0 0 0 0 0 0 0 0 0 0 0 0 0.0144928 0 0.0144928 0.0289855 0.130435 0.188406 0.304348 0.144928 0.115942 0.057971 0 0 0 0 0 0 

2208 2188 1603 100 0 0.731261 0 0 0 0 0 0 0 0 0 0 0 0 0 0 0 0 0 0 0 0.0147059 0 0.147059 0.0882353 0.294118 0.191176 0.161765 0.0882353 0.0147059 0 0 0 0 0 

2240 2220 1603 101 0 0.720721 0 0 0 0 0 0 0 0 0 0 0 0 0 0 0 0 0 0 0.0144928 0.0144928 0.0289855 0.101449 0.246377 0.217391 0.144928 0.144928 0.057971 0.0289855 0 0 0 0 0 

2240 2223 1603 100 0 0.719748 0 0 0 0 0 0 0 0 0 0 0 0 0 0 0 0 0 0 0.0144928 0 0.057971 0.101449 0.173913 0.289855 0.144928 0.15942 0.057971 0 0 0 0 0 0 

2176 2159 1602 84 0 0.741084 0 0 0 0 0 0 0 0 0 0 0 0 0 0 0 0 0 0 0 0 0.0298507 0.0597015 0.208955 0.149254 0.208955 0.179104 0.134328 0.0149254 0.0149254 0 0 0 0 

2208 2192 1602 95 0 0.729927 0 0 0 0 0 0 0 0 0 0 0 0 0 0 0 0 0 0 0 0 0.0735294 0.117647 0.117647 0.191176 0.220588 0.161765 0.117647 0 0 0 0 0 0 

2176 2155 1602 91 0 0.742459 0 0 0 0 0 0 0 0 0 0 0 0 0 0 0 0 0 0 0 0 0 0.0895522 0.164179 0.164179 0.268657 0.164179 0.104478 0.0447761 0 0 0 0 0 

2208 2181 1602 91 0 0.733608 0 0 0 0 0 0 0 0 0 0 0 0 0 0 0 0 0 0 0 0.0294118 0.0294118 0.0294118 0.161765 0.235294 0.191176 0.25 0.0735294 0 0 0 0 0 0 

2208 2204 1600 99 0 0.725953 0 0 0 0 0 0 0 0 0 0 0 0 0 0 0 0 0.0147059 0 0 0 0.0588235 0.102941 0.161765 0.161765 0.308824 0.102941 0.0735294 0 0.0147059 0 0 0 0 

2208 2183 1602 84 0 0.732936 0 0 0 0 0 0 0 0 0 0 0 0 0 0 0 0 0 0 0.0147059 0 0.0441176 0.0735294 0.132353 0.191176 0.235294 0.235294 0.0588235 0.0147059 0 0 0 0 0 

