2208 2201 1602 96 0 0.726942 0 0 0 0 0 0 0 0 0 0 0 0 0 0 0 0 0 0 0 0.0294118 0.0294118 0.102941 0.102941 0.308824 0.220588 0.147059 0.0441176 0.0147059 0 0 0 0 0 

2240 2214 1602 91 0 0.722674 0 0 0 0 0 0 0 0 0 0 0 0 0 0 0 0 0 0 0 0 0.057971 0.0724638 0.217391 0.231884 0.246377 0.130435 0.0289855 0 0.0144928 0 0 0 0 

2272 2248 1602 93 0 0.711744 0 0 0 0 0 0 0 0 0 0 0 0 0 0 0 0 0 0 0.0285714 0.0285714 0.0142857 0.1 0.157143 0.342857 0.257143 0.0428571 0.0285714 0 0 0 0 0 0 

2176 2162 1602 85 0 0.740056 0 0 0 0 0 0 0 0 0 0 0 0 0 0 0 0 0 0 0 0 0 0.0895522 0.223881 0.164179 0.208955 0.149254 0.119403 0.0447761 0 0 0 0 0 

2208 2185 1602 95 0 0.732265 0 0 0 0 0 0 0 0 0 0 0 0 0 0 0 0 0 0 0.0147059 0 0.0588235 0.0735294 0.0882353 0.279412 0.235294 0.132353 0.0735294 0.0294118 0.0147059 0 0 0 0 

2208 2193 1602 96 0 0.729594 0 0 0 0 0 0 0 0 0 0 0 0 0 0 0 0 0 0.0147059 0 0 0.0588235 0.0735294 0.176471 0.191176 0.205882 0.176471 0.0735294 0.0294118 0 0 0 0 0 

2272 2249 1603 100 0 0.711427 0 0 0 0 0 0 0 0 0 0 0 0 0 0 0 0 0 0 0.0142857 0 0.0857143 0.157143 0.185714 0.185714 0.185714 0.142857 0.0428571 0 0 0 0 0 0 

2240 2217 1602 98 0 0.721696 0 0 0 0 0 0 0 0 0 0 0 0 0 0 0 0 0 0.0144928 0 0 0.0289855 0.0869565 0.15942 0.304348 0.231884 0.15942 0.0144928 0 0 0 0 0 0 

2208 2201 1603 100 0 0.726942 0 0 0 0 0 0 0 0 0 0 0 0 0 0 0 0 0 0 0 0.0147059 0.0294118 0.147059 0.147059 0.25 0.191176 0.102941 0.0735294 0.0441176 0 0 0 0 0 

2240 2212 1603 102 0 0.723327 0 0 0 0 0 0 0 0 0 0 0 0 0 0 0 0 0 0 0 0 0.115942 0.0869565 0.0724638 0.246377 0.26087 0.15942 0.0434783 0.0144928 0 0 0 0 0 

