2208 2194 1603 100 0 0.729262 0 0 0 0 0 0 0 0 0 0 0 0 0 0 0 0 0 0 0 0 0.0735294 0.0588235 0.161765 0.205882 0.264706 0.176471 0.0441176 0.0147059 0 0 0 0 0 

2208 2183 1603 103 0 0.732936 0 0 0 0 0 0 0 0 0 0 0 0 0 0 0 0 0 0 0 0.0441176 0.0588235 0.0441176 0.117647 0.264706 0.132353 0.161765 0.147059 0.0147059 0.0147059 0 0 0 0 

2240 2216 1603 99 0 0.722022 0 0 0 0 0 0 0 0 0 0 0 0 0 0 0 0 0 0 0 0 0.0724638 0.0724638 0.188406 0.202899 0.275362 0.173913 0.0144928 0 0 0 0 0 0 

2208 2199 1601 92 0 0.727603 0 0 0 0 0 0 0 0 0 0 0 0 0 0 0 0 0 0 0 0.0147059 0.0441176 0.0735294 0.117647 0.338235 0.235294 0.117647 0.0294118 0.0294118 0 0 0 0 0 

2240 2222 1602 91 0 0.720072 0 0 0 0 0 0 0 0 0 0 0 0 0 0 0 0 0 0 0 0.0289855 0.057971 0.101449 0.173913 0.217391 0.246377 0.0869565 0.0869565 0 0 0 0 0 0 

2240 2221 1602 92 0 0.720396 0 0 0 0 0 0 0 0 0 0 0 0 0 0 0 0 0 0 0 0.0144928 0.057971 0.0724638 0.202899 0.231884 0.275362 0.115942 0.0144928 0.0144928 0 0 0 0 0 

2240 2221 1603 100 0 0.720396 0 0 0 0 0 0 0 0 0 0 0 0 0 0 0 0 0 0.0144928 0.0289855 0.0144928 0.0144928 0.144928 0.144928 0.173913 0.188406 0.202899 0.0724638 0 0 0 0 0 0 

2272 2258 1603 100 0 0.708592 0 0 0 0 0 0 0 0 0 0 0 0 0 0 0 0 0 0.0142857 0 0.0285714 0.0714286 0.114286 0.242857 0.185714 0.228571 0.0428571 0.0714286 0 0 0 0 0 0 

2240 2223 1602 97 0 0.719748 0 0 0 0 0 0 0 0 0 0 0 0 0 0 0 0 0 0.0144928 0.0144928 0.0289855 0.0289855 0.0724638 0.15942 0.304348 0.15942 0.144928 0.0724638 0 0 0 0 0 0 

2208 2191 1602 94 0 0.73026 0 0 0 0 0 0 0 0 0 0 0 0 0 0 0 0 0 0 0 0.0147059 0.0441176 0.0441176 0.161765 0.220588 0.294118 0.176471 0.0441176 0 0 0 0 0 0 

