2208 2201 1600 93 0 0.726942 0 0 0 0 0 0 0 0 0 0 0 0 0 0 0 0 0 0 0 0 0.0735294 0.0441176 0.161765 0.264706 0.25 0.205882 0 0 0 0 0 0 0 

2208 2201 1602 91 0 0.726942 0 0 0 0 0 0 0 0 0 0 0 0 0 0 0 0 0 0 0.0147059 0.0147059 0.0294118 0.0735294 0.161765 0.205882 0.308824 0.161765 0.0294118 0 0 0 0 0 0 

2240 2225 1603 100 0 0.719101 0 0 0 0 0 0 0 0 0 0 0 0 0 0 0 0 0 0 0.0144928 0.0289855 0.057971 0.130435 0.101449 0.275362 0.202899 0.0724638 0.101449 0.0144928 0 0 0 0 0 

2208 2200 1600 92 0 0.727273 0 0 0 0 0 0 0 0 0 0 0 0 0 0 0 0 0 0 0 0.0147059 0.0441176 0.102941 0.235294 0.191176 0.132353 0.176471 0.0588235 0.0441176 0 0 0 0 0 

2176 2163 1602 87 0 0.739713 0 0 0 0 0 0 0 0 0 0 0 0 0 0 0 0 0 0 0 0 0 0.0746269 0.119403 0.253731 0.283582 0.208955 0.0447761 0.0149254 0 0 0 0 0 

2240 2223 1603 101 0 0.719748 0 0 0 0 0 0 0 0 0 0 0 0 0 0 0 0 0 0 0 0 0.057971 0.15942 0.130435 0.304348 0.173913 0.0869565 0.057971 0.0289855 0 0 0 0 0 

2208 2196 1602 96 0 0.728597 0 0 0 0 0 0 0 0 0 0 0 0 0 0 0 0 0 0.0147059 0 0.0147059 0.0294118 0.0588235 0.147059 0.235294 0.264706 0.205882 0.0294118 0 0 0 0 0 0 

2208 2192 1602 95 0 0.729927 0 0 0 0 0 0 0 0 0 0 0 0 0 0 0 0 0 0 0 0.0147059 0.0588235 0.117647 0.117647 0.191176 0.235294 0.161765 0.0735294 0.0147059 0.0147059 0 0 0 0 

2208 2187 1603 103 0 0.731596 0 0 0 0 0 0 0 0 0 0 0 0 0 0 0 0 0 0 0 0.0294118 0.0735294 0.0882353 0.117647 0.191176 0.147059 0.191176 0.132353 0.0294118 0 0 0 0 0 

2240 2215 1602 94 0 0.722348 0 0 0 0 0 0 0 0 0 0 0 0 0 0 0 0 0 0 0 0.057971 0.0289855 0.0724638 0.144928 0.246377 0.26087 0.101449 0.0869565 0 0 0 0 0 0 

