2240 2224 1603 103 0 0.719424 0 0 0 0 0 0 0 0 0 0 0 0 0 0 0 0 0 0.0144928 0.0144928 0.0289855 0.0434783 0.0869565 0.173913 0.231884 0.202899 0.0869565 0.0869565 0.0289855 0 0 0 0 0 

2240 2213 1602 86 0 0.723 0 0 0 0 0 0 0 0 0 0 0 0 0 0 0 0 0 0 0 0.0144928 0.057971 0.0434783 0.202899 0.289855 0.188406 0.130435 0.0724638 0 0 0 0 0 0 

2176 2162 1602 95 0 0.740056 0 0 0 0 0 0 0 0 0 0 0 0 0 0 0 0 0 0 0 0.0149254 0.0298507 0.0746269 0.0895522 0.208955 0.268657 0.19403 0.104478 0.0149254 0 0 0 0 0 

2208 2195 1602 95 0 0.728929 0 0 0 0 0 0 0 0 0 0 0 0 0 0 0 0 0 0 0 0.0147059 0.0441176 0.0735294 0.220588 0.191176 0.191176 0.161765 0.0882353 0.0147059 0 0 0 0 0 

2240 2224 1603 99 0 0.719424 0 0 0 0 0 0 0 0 0 0 0 0 0 0 0 0 0 0 0 0.0144928 0 0.115942 0.318841 0.173913 0.202899 0.115942 0.057971 0 0 0 0 0 0 

2240 2214 1602 98 0 0.722674 0 0 0 0 0 0 0 0 0 0 0 0 0 0 0 0 0 0.0144928 0.0144928 0.0144928 0.0434783 0.0724638 0.173913 0.246377 0.173913 0.144928 0.0724638 0.0289855 0 0 0 0 0 

2208 2187 1602 95 0 0.731596 0 0 0 0 0 0 0 0 0 0 0 0 0 0 0 0 0 0 0 0.0441176 0 0.0441176 0.191176 0.161765 0.338235 0.161765 0.0441176 0.0147059 0 0 0 0 0 

2208 2182 1602 90 0 0.733272 0 0 0 0 0 0 0 0 0 0 0 0 0 0 0 0 0 0 0 0 0.0147059 0.0735294 0.161765 0.279412 0.220588 0.147059 0.102941 0 0 0 0 0 0 

2176 2164 1602 84 0 0.739372 0 0 0 0 0 0 0 0 0 0 0 0 0 0 0 0 0 0 0.0149254 0 0.0149254 0.0597015 0.119403 0.179104 0.343284 0.179104 0.0895522 0 0 0 0 0 0 

2208 2184 1602 96 0 0.732601 0 0 0 0 0 0 0 0 0 0 0 0 0 0 0 0 0 0 0 0.0147059 0.0441176 0.0441176 0.132353 0.235294 0.279412 0.176471 0.0735294 0 0 0 0 0 0 

