2240 2216 1603 104 0 0.722022 0 0 0 0 0 0 0 0 0 0 0 0 0 0 0 0 0 0 0 0 0.0434783 0.101449 0.15942 0.304348 0.26087 0.0434783 0.0869565 0 0 0 0 0 0 

2240 2218 1603 99 0 0.721371 0 0 0 0 0 0 0 0 0 0 0 0 0 0 0 0 0 0 0 0.0289855 0.0289855 0.130435 0.173913 0.217391 0.231884 0.101449 0.057971 0.0289855 0 0 0 0 0 

2176 2167 1601 90 0 0.738348 0 0 0 0 0 0 0 0 0 0 0 0 0 0 0 0 0 0 0 0.0149254 0.0298507 0.0447761 0.134328 0.238806 0.283582 0.134328 0.104478 0 0.0149254 0 0 0 0 

2272 2252 1602 98 0 0.71048 0 0 0 0 0 0 0 0 0 0 0 0 0 0 0 0 0 0.0142857 0 0.0142857 0.0857143 0.114286 0.2 0.271429 0.1 0.157143 0.0428571 0 0 0 0 0 0 

2208 2199 1601 87 0 0.727603 0 0 0 0 0 0 0 0 0 0 0 0 0 0 0 0 0 0 0.0147059 0.0294118 0.0147059 0.117647 0.0882353 0.25 0.279412 0.132353 0.0588235 0.0147059 0 0 0 0 0 

2208 2191 1602 90 0 0.73026 0 0 0 0 0 0 0 0 0 0 0 0 0 0 0 0 0 0 0 0 0.0588235 0.0441176 0.132353 0.308824 0.235294 0.176471 0.0294118 0.0147059 0 0 0 0 0 

2176 2162 1602 87 0 0.740056 0 0 0 0 0 0 0 0 0 0 0 0 0 0 0 0 0 0 0 0 0.0597015 0.0298507 0.0746269 0.268657 0.313433 0.149254 0.0746269 0.0298507 0 0 0 0 0 

2240 2233 1600 96 0 0.716525 0 0 0 0 0 0 0 0 0 0 0 0 0 0 0 0 0 0.0144928 0 0.057971 0.0434783 0.115942 0.173913 0.130435 0.275362 0.130435 0.057971 0 0 0 0 0 0 

2176 2165 1602 92 0 0.73903 0 0 0 0 0 0 0 0 0 0 0 0 0 0 0 0 0 0 0 0 0 0.164179 0.134328 0.134328 0.253731 0.164179 0.119403 0.0298507 0 0 0 0 0 

2240 2223 1602 97 0 0.719748 0 0 0 0 0 0 0 0 0 0 0 0 0 0 0 0 0 0 0 0.0144928 0.0724638 0.115942 0.15942 0.246377 0.144928 0.217391 0.0289855 0 0 0 0 0 0 

