2240 2219 1602 82 0 0.721045 0 0 0 0 0 0 0 0 0 0 0 0 0 0 0 0 0 0 0 0.0144928 0.0434783 0.144928 0.173913 0.217391 0.202899 0.115942 0.0724638 0.0144928 0 0 0 0 0 

2240 2234 1603 105 0 0.716204 0 0 0 0 0 0 0 0 0 0 0 0 0 0 0 0 0 0 0.0289855 0.0434783 0.0144928 0.0724638 0.26087 0.188406 0.202899 0.144928 0.0434783 0 0 0 0 0 0 

2208 2196 1602 88 0 0.728597 0 0 0 0 0 0 0 0 0 0 0 0 0 0 0 0 0 0 0.0147059 0.0147059 0.0588235 0.0588235 0.117647 0.264706 0.279412 0.0882353 0.0735294 0.0147059 0.0147059 0 0 0 0 

2240 2220 1602 98 0 0.720721 0 0 0 0 0 0 0 0 0 0 0 0 0 0 0 0 0 0 0 0.0144928 0.101449 0.0289855 0.15942 0.275362 0.246377 0.144928 0.0289855 0 0 0 0 0 0 

2208 2180 1602 86 0 0.733945 0 0 0 0 0 0 0 0 0 0 0 0 0 0 0 0 0 0 0 0.0147059 0.0294118 0.0441176 0.191176 0.220588 0.191176 0.205882 0.0882353 0.0147059 0 0 0 0 0 

2240 2226 1603 105 0 0.718778 0 0 0 0 0 0 0 0 0 0 0 0 0 0 0 0 0 0.0144928 0.0289855 0.0144928 0.0144928 0.101449 0.115942 0.318841 0.231884 0.101449 0.0434783 0.0144928 0 0 0 0 0 

2176 2170 1601 92 0 0.737327 0 0 0 0 0 0 0 0 0 0 0 0 0 0 0 0 0 0 0.0149254 0 0.0149254 0.0447761 0.208955 0.223881 0.179104 0.179104 0.134328 0 0 0 0 0 0 

2240 2234 1600 96 0 0.716204 0 0 0 0 0 0 0 0 0 0 0 0 0 0 0 0 0 0 0 0.0144928 0.130435 0.0869565 0.15942 0.217391 0.202899 0.144928 0.0434783 0 0 0 0 0 0 

2208 2201 1600 99 0 0.726942 0 0 0 0 0 0 0 0 0 0 0 0 0 0 0 0 0 0 0 0.0147059 0.0588235 0.102941 0.161765 0.220588 0.191176 0.176471 0.0294118 0.0441176 0 0 0 0 0 

2240 2230 1603 101 0 0.717489 0 0 0 0 0 0 0 0 0 0 0 0 0 0 0 0 0 0 0.0289855 0.0289855 0.0869565 0.130435 0.101449 0.188406 0.15942 0.202899 0.057971 0.0144928 0 0 0 0 0 

