2240 2219 1602 88 0 0.721045 0 0 0 0 0 0 0 0 0 0 0 0 0 0 0 0 0 0 0.0289855 0.0289855 0.0434783 0.0869565 0.188406 0.15942 0.173913 0.231884 0.057971 0 0 0 0 0 0 

2272 2245 1603 99 0 0.712695 0 0 0 0 0 0 0 0 0 0 0 0 0 0 0 0 0 0 0.0285714 0.0142857 0.0142857 0.142857 0.285714 0.128571 0.2 0.114286 0.0714286 0 0 0 0 0 0 

2208 2192 1602 93 0 0.729927 0 0 0 0 0 0 0 0 0 0 0 0 0 0 0 0 0 0 0 0 0.0735294 0.0147059 0.147059 0.294118 0.279412 0.132353 0.0588235 0 0 0 0 0 0 

2240 2227 1603 107 0 0.718455 0 0 0 0 0 0 0 0 0 0 0 0 0 0 0 0 0 0 0.0144928 0.0289855 0.0289855 0.144928 0.217391 0.144928 0.231884 0.0869565 0.0724638 0.0289855 0 0 0 0 0 

2208 2193 1602 94 0 0.729594 0 0 0 0 0 0 0 0 0 0 0 0 0 0 0 0 0 0 0 0.0441176 0.0294118 0.0588235 0.102941 0.323529 0.220588 0.0882353 0.132353 0 0 0 0 0 0 

2208 2179 1602 91 0 0.734282 0 0 0 0 0 0 0 0 0 0 0 0 0 0 0 0 0 0 0 0.0147059 0.0588235 0.0441176 0.147059 0.176471 0.235294 0.235294 0.0735294 0.0147059 0 0 0 0 0 

2176 2165 1602 90 0 0.73903 0 0 0 0 0 0 0 0 0 0 0 0 0 0 0 0 0 0 0.0149254 0.0149254 0.0149254 0.0746269 0.149254 0.149254 0.253731 0.179104 0.134328 0.0149254 0 0 0 0 0 

2272 2255 1602 98 0 0.709534 0 0 0 0 0 0 0 0 0 0 0 0 0 0 0 0 0 0 0 0 0.0714286 0.114286 0.385714 0.128571 0.128571 0.142857 0.0285714 0 0 0 0 0 0 

2208 2185 1602 92 0 0.732265 0 0 0 0 0 0 0 0 0 0 0 0 0 0 0 0 0 0 0 0.0147059 0.0588235 0.0735294 0.117647 0.191176 0.279412 0.161765 0.0882353 0.0147059 0 0 0 0 0 

2240 2218 1602 92 0 0.721371 0 0 0 0 0 0 0 0 0 0 0 0 0 0 0 0 0 0 0.0144928 0.0144928 0.0289855 0.144928 0.130435 0.217391 0.26087 0.144928 0.0289855 0 0.0144928 0 0 0 0 

