2208 2181 1602 91 0 0.733608 0 0 0 0 0 0 0 0 0 0 0 0 0 0 0 0 0 0 0 0.0441176 0.0441176 0.0588235 0.102941 0.220588 0.220588 0.176471 0.0882353 0.0441176 0 0 0 0 0 

2208 2187 1602 93 0 0.731596 0 0 0 0 0 0 0 0 0 0 0 0 0 0 0 0 0 0 0.0147059 0.0147059 0.0294118 0.0441176 0.176471 0.264706 0.147059 0.205882 0.0882353 0.0147059 0 0 0 0 0 

2240 2218 1602 93 0 0.721371 0 0 0 0 0 0 0 0 0 0 0 0 0 0 0 0 0 0 0.0144928 0 0.0434783 0.101449 0.173913 0.275362 0.202899 0.130435 0.0434783 0.0144928 0 0 0 0 0 

2240 2223 1602 98 0 0.719748 0 0 0 0 0 0 0 0 0 0 0 0 0 0 0 0 0 0.0144928 0 0.0289855 0.057971 0.115942 0.144928 0.231884 0.173913 0.15942 0.057971 0 0 0.0144928 0 0 0 

2208 2182 1602 94 0 0.733272 0 0 0 0 0 0 0 0 0 0 0 0 0 0 0 0 0 0 0 0.0294118 0.0294118 0.0588235 0.191176 0.161765 0.191176 0.235294 0.0882353 0.0147059 0 0 0 0 0 

2208 2193 1602 95 0 0.729594 0 0 0 0 0 0 0 0 0 0 0 0 0 0 0 0 0 0 0 0.0294118 0.0294118 0.102941 0.0882353 0.25 0.220588 0.25 0.0294118 0 0 0 0 0 0 

2240 2228 1600 96 0 0.718133 0 0 0 0 0 0 0 0 0 0 0 0 0 0 0 0 0 0.0144928 0.0144928 0 0.0724638 0.101449 0.188406 0.15942 0.289855 0.0869565 0.057971 0.0144928 0 0 0 0 0 

2208 2189 1602 93 0 0.730927 0 0 0 0 0 0 0 0 0 0 0 0 0 0 0 0 0 0 0 0.0147059 0.0441176 0.0441176 0.161765 0.264706 0.235294 0.132353 0.102941 0 0 0 0 0 0 

2176 2167 1602 99 0 0.738348 0 0 0 0 0 0 0 0 0 0 0 0 0 0 0 0 0 0 0.0149254 0.0149254 0 0.0597015 0.179104 0.238806 0.164179 0.179104 0.104478 0.0447761 0 0 0 0 0 

2208 2187 1602 96 0 0.731596 0 0 0 0 0 0 0 0 0 0 0 0 0 0 0 0 0 0 0 0.0294118 0.0147059 0.0441176 0.147059 0.264706 0.264706 0.176471 0.0588235 0 0 0 0 0 0 

