2240 2225 1602 94 0 0.719101 0 0 0 0 0 0 0 0 0 0 0 0 0 0 0 0 0 0 0.0144928 0.0289855 0.0434783 0.130435 0.188406 0.217391 0.130435 0.130435 0.115942 0 0 0 0 0 0 

2208 2183 1603 101 0 0.732936 0 0 0 0 0 0 0 0 0 0 0 0 0 0 0 0 0 0 0 0.0294118 0.0441176 0.0588235 0.102941 0.25 0.176471 0.264706 0.0588235 0.0147059 0 0 0 0 0 

2208 2192 1602 96 0 0.729927 0 0 0 0 0 0 0 0 0 0 0 0 0 0 0 0 0 0 0.0294118 0.0147059 0.0147059 0.0882353 0.147059 0.176471 0.264706 0.191176 0.0441176 0.0294118 0 0 0 0 0 

2176 2153 1601 79 0 0.743149 0 0 0 0 0 0 0 0 0 0 0 0 0 0 0 0 0 0 0 0 0.0149254 0.0746269 0.0597015 0.268657 0.268657 0.223881 0.0597015 0.0298507 0 0 0 0 0 

2208 2194 1602 93 0 0.729262 0 0 0 0 0 0 0 0 0 0 0 0 0 0 0 0 0 0 0 0.0147059 0.0294118 0.132353 0.132353 0.220588 0.235294 0.147059 0.0441176 0.0441176 0 0 0 0 0 

2208 2189 1602 86 0 0.730927 0 0 0 0 0 0 0 0 0 0 0 0 0 0 0 0 0 0 0 0.0588235 0 0.102941 0.117647 0.191176 0.279412 0.161765 0.0294118 0.0588235 0 0 0 0 0 

2240 2232 1600 98 0 0.716846 0 0 0 0 0 0 0 0 0 0 0 0 0 0 0 0 0 0 0.0144928 0.0144928 0.057971 0.101449 0.173913 0.318841 0.173913 0.0724638 0.057971 0.0144928 0 0 0 0 0 

2240 2211 1602 94 0 0.723654 0 0 0 0 0 0 0 0 0 0 0 0 0 0 0 0 0 0 0.0144928 0 0.0434783 0.130435 0.130435 0.202899 0.304348 0.0869565 0.057971 0.0289855 0 0 0 0 0 

2208 2186 1603 102 0 0.73193 0 0 0 0 0 0 0 0 0 0 0 0 0 0 0 0 0 0 0 0 0.102941 0.0588235 0.0882353 0.220588 0.220588 0.220588 0.0735294 0.0147059 0 0 0 0 0 

2240 2219 1603 105 0 0.721045 0 0 0 0 0 0 0 0 0 0 0 0 0 0 0 0 0 0 0 0.0144928 0.0724638 0.0434783 0.130435 0.362319 0.217391 0.144928 0 0.0144928 0 0 0 0 0 

