2208 2187 1602 91 0 0.731596 0 0 0 0 0 0 0 0 0 0 0 0 0 0 0 0 0 0 0.0147059 0.0147059 0.0147059 0.0882353 0.132353 0.25 0.264706 0.102941 0.0735294 0.0294118 0.0147059 0 0 0 0 

2208 2185 1602 94 0 0.732265 0 0 0 0 0 0 0 0 0 0 0 0 0 0 0 0 0 0 0.0147059 0 0.0147059 0.0882353 0.132353 0.191176 0.323529 0.176471 0.0588235 0 0 0 0 0 0 

2176 2166 1601 95 0 0.738689 0 0 0 0 0 0 0 0 0 0 0 0 0 0 0 0 0 0 0 0 0.0597015 0.0746269 0.119403 0.208955 0.253731 0.149254 0.0597015 0.0746269 0 0 0 0 0 

2208 2185 1602 88 0 0.732265 0 0 0 0 0 0 0 0 0 0 0 0 0 0 0 0 0 0 0 0 0.0735294 0.0882353 0.117647 0.205882 0.264706 0.132353 0.0735294 0.0294118 0.0147059 0 0 0 0 

2208 2195 1602 92 0 0.728929 0 0 0 0 0 0 0 0 0 0 0 0 0 0 0 0 0 0 0 0.0147059 0.0294118 0.0441176 0.191176 0.323529 0.176471 0.147059 0.0588235 0.0147059 0 0 0 0 0 

2240 2211 1602 89 0 0.723654 0 0 0 0 0 0 0 0 0 0 0 0 0 0 0 0 0 0.0144928 0.0289855 0.0144928 0 0.0724638 0.217391 0.188406 0.188406 0.217391 0.0434783 0 0.0144928 0 0 0 0 

2208 2199 1602 90 0 0.727603 0 0 0 0 0 0 0 0 0 0 0 0 0 0 0 0 0 0 0 0.0147059 0.0735294 0.0147059 0.264706 0.147059 0.264706 0.161765 0.0294118 0.0294118 0 0 0 0 0 

2240 2221 1602 91 0 0.720396 0 0 0 0 0 0 0 0 0 0 0 0 0 0 0 0 0 0 0 0.0289855 0.057971 0.101449 0.217391 0.188406 0.188406 0.130435 0.0724638 0 0.0144928 0 0 0 0 

2208 2200 1602 91 0 0.727273 0 0 0 0 0 0 0 0 0 0 0 0 0 0 0 0 0 0 0 0.0147059 0.0441176 0.0735294 0.191176 0.191176 0.308824 0.132353 0.0147059 0.0294118 0 0 0 0 0 

2208 2197 1601 90 0 0.728266 0 0 0 0 0 0 0 0 0 0 0 0 0 0 0 0 0 0 0 0.0294118 0.102941 0.0735294 0.102941 0.161765 0.264706 0.147059 0.102941 0.0147059 0 0 0 0 0 

