2208 2196 1602 90 0 0.728597 0 0 0 0 0 0 0 0 0 0 0 0 0 0 0 0 0 0 0.0147059 0.0294118 0.0294118 0.102941 0.132353 0.235294 0.161765 0.191176 0.0735294 0.0294118 0 0 0 0 0 

2208 2202 1601 86 0 0.726612 0 0 0 0 0 0 0 0 0 0 0 0 0 0 0 0 0 0 0 0 0.0294118 0.0882353 0.147059 0.382353 0.147059 0.191176 0 0.0147059 0 0 0 0 0 

2208 2192 1602 94 0 0.729927 0 0 0 0 0 0 0 0 0 0 0 0 0 0 0 0 0 0 0.0147059 0 0.0441176 0.0441176 0.176471 0.25 0.220588 0.176471 0.0735294 0 0 0 0 0 0 

2208 2186 1602 98 0 0.73193 0 0 0 0 0 0 0 0 0 0 0 0 0 0 0 0 0.0147059 0 0 0.0294118 0.0294118 0.0441176 0.191176 0.176471 0.176471 0.235294 0.0735294 0.0147059 0.0147059 0 0 0 0 

2240 2230 1602 87 0 0.717489 0 0 0 0 0 0 0 0 0 0 0 0 0 0 0 0 0 0 0 0.0724638 0.057971 0.057971 0.173913 0.275362 0.130435 0.173913 0.057971 0 0 0 0 0 0 

2208 2190 1602 92 0 0.730594 0 0 0 0 0 0 0 0 0 0 0 0 0 0 0 0 0 0 0 0.0294118 0.0294118 0.0588235 0.176471 0.235294 0.205882 0.147059 0.117647 0 0 0 0 0 0 

2208 2189 1602 97 0 0.730927 0 0 0 0 0 0 0 0 0 0 0 0 0 0 0 0 0 0 0 0.0147059 0.0294118 0.0294118 0.25 0.176471 0.25 0.176471 0.0735294 0 0 0 0 0 0 

2208 2185 1602 88 0 0.732265 0 0 0 0 0 0 0 0 0 0 0 0 0 0 0 0 0 0 0 0 0.0294118 0.0588235 0.147059 0.279412 0.205882 0.264706 0.0147059 0 0 0 0 0 0 

2240 2236 1600 97 0 0.715564 0 0 0 0 0 0 0 0 0 0 0 0 0 0 0 0 0 0.0144928 0.0144928 0.0434783 0.0724638 0.115942 0.115942 0.246377 0.188406 0.101449 0.0434783 0.0289855 0.0144928 0 0 0 0 

2208 2191 1602 92 0 0.73026 0 0 0 0 0 0 0 0 0 0 0 0 0 0 0 0 0 0 0 0 0.0882353 0.0588235 0.191176 0.176471 0.220588 0.132353 0.102941 0.0294118 0 0 0 0 0 

