2240 2225 1602 92 0 0.719101 0 0 0 0 0 0 0 0 0 0 0 0 0 0 0 0 0 0 0.0144928 0.0289855 0.0289855 0.115942 0.217391 0.202899 0.15942 0.15942 0.0724638 0 0 0 0 0 0 

2208 2190 1602 91 0 0.730594 0 0 0 0 0 0 0 0 0 0 0 0 0 0 0 0 0 0 0.0147059 0 0.0294118 0.102941 0.176471 0.176471 0.25 0.161765 0.0441176 0.0294118 0.0147059 0 0 0 0 

2240 2229 1602 98 0 0.717811 0 0 0 0 0 0 0 0 0 0 0 0 0 0 0 0 0 0 0.0144928 0.0289855 0.057971 0.115942 0.144928 0.246377 0.202899 0.115942 0.0724638 0 0 0 0 0 0 

2208 2195 1602 97 0 0.728929 0 0 0 0 0 0 0 0 0 0 0 0 0 0 0 0 0 0.0147059 0 0.0147059 0.0441176 0.0882353 0.147059 0.176471 0.235294 0.205882 0.0588235 0.0147059 0 0 0 0 0 

2208 2198 1602 105 0 0.727934 0 0 0 0 0 0 0 0 0 0 0 0 0 0 0 0 0 0 0 0.0147059 0.0735294 0.0735294 0.102941 0.264706 0.264706 0.117647 0.0735294 0.0147059 0 0 0 0 0 

2240 2213 1602 92 0 0.723 0 0 0 0 0 0 0 0 0 0 0 0 0 0 0 0 0 0 0 0 0.057971 0.144928 0.130435 0.26087 0.130435 0.217391 0.057971 0 0 0 0 0 0 

2208 2199 1602 93 0 0.727603 0 0 0 0 0 0 0 0 0 0 0 0 0 0 0 0 0 0 0 0 0.0147059 0.117647 0.161765 0.338235 0.176471 0.102941 0.0735294 0.0147059 0 0 0 0 0 

2208 2198 1602 91 0 0.727934 0 0 0 0 0 0 0 0 0 0 0 0 0 0 0 0 0 0 0 0.0588235 0.0588235 0.0147059 0.176471 0.176471 0.294118 0.132353 0.0588235 0.0294118 0 0 0 0 0 

2208 2182 1602 96 0 0.733272 0 0 0 0 0 0 0 0 0 0 0 0 0 0 0 0 0.0147059 0 0.0147059 0 0.0294118 0.0735294 0.117647 0.176471 0.294118 0.132353 0.147059 0 0 0 0 0 0 

2208 2188 1602 96 0 0.731261 0 0 0 0 0 0 0 0 0 0 0 0 0 0 0 0 0 0.0147059 0 0 0.0441176 0.0588235 0.147059 0.25 0.205882 0.176471 0.102941 0 0 0 0 0 0 

