2208 2187 1602 98 0 0.731596 0 0 0 0 0 0 0 0 0 0 0 0 0 0 0 0 0 0 0 0.0441176 0.0294118 0.102941 0.132353 0.117647 0.25 0.235294 0.0735294 0.0147059 0 0 0 0 0 

2208 2199 1603 104 0 0.727603 0 0 0 0 0 0 0 0 0 0 0 0 0 0 0 0 0 0.0147059 0 0.0147059 0.0441176 0.0588235 0.191176 0.191176 0.235294 0.176471 0.0588235 0.0147059 0 0 0 0 0 

2240 2224 1602 97 0 0.719424 0 0 0 0 0 0 0 0 0 0 0 0 0 0 0 0 0 0 0 0.0434783 0.0724638 0.0724638 0.173913 0.202899 0.231884 0.15942 0.0289855 0.0144928 0 0 0 0 0 

2208 2193 1602 94 0 0.729594 0 0 0 0 0 0 0 0 0 0 0 0 0 0 0 0 0 0 0 0.0147059 0 0.117647 0.176471 0.279412 0.191176 0.132353 0.0441176 0.0294118 0.0147059 0 0 0 0 

2208 2191 1602 88 0 0.73026 0 0 0 0 0 0 0 0 0 0 0 0 0 0 0 0 0 0 0 0.0147059 0.0588235 0.102941 0.102941 0.176471 0.308824 0.161765 0.0441176 0.0294118 0 0 0 0 0 

2208 2189 1602 97 0 0.730927 0 0 0 0 0 0 0 0 0 0 0 0 0 0 0 0 0 0 0 0.0147059 0.0294118 0.0294118 0.235294 0.235294 0.191176 0.176471 0.0882353 0 0 0 0 0 0 

2240 2230 1602 100 0 0.717489 0 0 0 0 0 0 0 0 0 0 0 0 0 0 0 0 0 0 0.0289855 0.0434783 0.0434783 0.101449 0.202899 0.188406 0.15942 0.130435 0.057971 0.0434783 0 0 0 0 0 

2208 2192 1602 91 0 0.729927 0 0 0 0 0 0 0 0 0 0 0 0 0 0 0 0 0 0 0 0.0294118 0.0735294 0.0294118 0.147059 0.220588 0.220588 0.220588 0.0294118 0.0294118 0 0 0 0 0 

2240 2231 1601 94 0 0.717167 0 0 0 0 0 0 0 0 0 0 0 0 0 0 0 0 0 0 0.0144928 0.0289855 0.057971 0.101449 0.173913 0.188406 0.304348 0.0869565 0.0289855 0.0144928 0 0 0 0 0 

2208 2188 1602 94 0 0.731261 0 0 0 0 0 0 0 0 0 0 0 0 0 0 0 0 0 0 0 0 0.0588235 0.0588235 0.176471 0.205882 0.264706 0.147059 0.0588235 0.0294118 0 0 0 0 0 

