2240 2229 1603 100 0 0.717811 0 0 0 0 0 0 0 0 0 0 0 0 0 0 0 0 0 0 0.0144928 0.0144928 0.0434783 0.101449 0.231884 0.246377 0.15942 0.130435 0.0289855 0.0289855 0 0 0 0 0 

2240 2219 1602 92 0 0.721045 0 0 0 0 0 0 0 0 0 0 0 0 0 0 0 0 0 0 0.0144928 0.0144928 0.0434783 0.101449 0.246377 0.144928 0.246377 0.0869565 0.0724638 0.0144928 0.0144928 0 0 0 0 

2240 2213 1602 95 0 0.723 0 0 0 0 0 0 0 0 0 0 0 0 0 0 0 0 0 0 0.0144928 0.0289855 0.0144928 0.0724638 0.202899 0.246377 0.188406 0.173913 0.0434783 0.0144928 0 0 0 0 0 

2240 2226 1603 101 0 0.718778 0 0 0 0 0 0 0 0 0 0 0 0 0 0 0 0 0 0 0 0 0.0724638 0.173913 0.15942 0.202899 0.15942 0.173913 0.0434783 0.0144928 0 0 0 0 0 

2208 2197 1601 97 0 0.728266 0 0 0 0 0 0 0 0 0 0 0 0 0 0 0 0 0.0147059 0 0 0.0441176 0.0147059 0.0735294 0.117647 0.205882 0.264706 0.220588 0.0441176 0 0 0 0 0 0 

2208 2195 1602 89 0 0.728929 0 0 0 0 0 0 0 0 0 0 0 0 0 0 0 0 0 0.0147059 0.0147059 0 0 0.0882353 0.176471 0.25 0.161765 0.25 0.0441176 0 0 0 0 0 0 

2208 2196 1602 95 0 0.728597 0 0 0 0 0 0 0 0 0 0 0 0 0 0 0 0 0 0 0.0147059 0 0.102941 0.0735294 0.132353 0.176471 0.220588 0.161765 0.0882353 0.0294118 0 0 0 0 0 

2208 2187 1602 97 0 0.731596 0 0 0 0 0 0 0 0 0 0 0 0 0 0 0 0 0 0 0 0.0294118 0.0294118 0.0735294 0.147059 0.25 0.205882 0.132353 0.102941 0.0294118 0 0 0 0 0 

2240 2229 1602 96 0 0.717811 0 0 0 0 0 0 0 0 0 0 0 0 0 0 0 0 0 0.0144928 0.0144928 0.0724638 0.0724638 0.057971 0.144928 0.144928 0.217391 0.173913 0.0724638 0.0144928 0 0 0 0 0 

2240 2211 1602 88 0 0.723654 0 0 0 0 0 0 0 0 0 0 0 0 0 0 0 0 0 0 0 0.0144928 0.0289855 0.130435 0.15942 0.217391 0.202899 0.202899 0.0434783 0 0 0 0 0 0 

