2240 2220 1602 98 0 0.720721 0 0 0 0 0 0 0 0 0 0 0 0 0 0 0 0 0 0 0 0.0434783 0.0869565 0.0724638 0.101449 0.217391 0.275362 0.15942 0.0434783 0 0 0 0 0 0 

2208 2181 1602 96 0 0.733608 0 0 0 0 0 0 0 0 0 0 0 0 0 0 0 0 0 0 0 0 0.0294118 0.0735294 0.191176 0.176471 0.25 0.176471 0.102941 0 0 0 0 0 0 

2144 2137 1600 93 0 0.748713 0 0 0 0 0 0 0 0 0 0 0 0 0 0 0 0 0 0 0 0 0.0454545 0.0606061 0.0909091 0.227273 0.151515 0.257576 0.0909091 0.0757576 0 0 0 0 0 

2208 2181 1602 92 0 0.733608 0 0 0 0 0 0 0 0 0 0 0 0 0 0 0 0 0 0.0147059 0 0.0147059 0.0147059 0.0441176 0.191176 0.220588 0.205882 0.176471 0.0882353 0.0147059 0.0147059 0 0 0 0 

2240 2216 1602 95 0 0.722022 0 0 0 0 0 0 0 0 0 0 0 0 0 0 0 0 0 0 0.0144928 0 0.0434783 0.0869565 0.231884 0.275362 0.144928 0.115942 0.0289855 0.0434783 0.0144928 0 0 0 0 

2240 2230 1602 97 0 0.717489 0 0 0 0 0 0 0 0 0 0 0 0 0 0 0 0 0 0 0 0.0724638 0.0869565 0.115942 0.115942 0.173913 0.173913 0.15942 0.101449 0 0 0 0 0 0 

2240 2224 1602 87 0 0.719424 0 0 0 0 0 0 0 0 0 0 0 0 0 0 0 0 0 0.0144928 0 0.0434783 0.0434783 0.115942 0.057971 0.318841 0.217391 0.144928 0.0289855 0 0.0144928 0 0 0 0 

2240 2212 1602 95 0 0.723327 0 0 0 0 0 0 0 0 0 0 0 0 0 0 0 0 0 0 0 0.0144928 0.057971 0.057971 0.15942 0.304348 0.231884 0.0869565 0.0869565 0 0 0 0 0 0 

2240 2213 1603 103 0 0.723 0 0 0 0 0 0 0 0 0 0 0 0 0 0 0 0.0144928 0 0 0 0.0144928 0.0289855 0.130435 0.15942 0.144928 0.231884 0.217391 0.057971 0 0 0 0 0 0 

2240 2216 1603 99 0 0.722022 0 0 0 0 0 0 0 0 0 0 0 0 0 0 0 0 0 0 0 0.0289855 0.0869565 0.057971 0.173913 0.217391 0.188406 0.15942 0.0724638 0.0144928 0 0 0 0 0 

