2208 2184 1602 93 0 0.732601 0 0 0 0 0 0 0 0 0 0 0 0 0 0 0 0 0 0 0 0.0294118 0.0294118 0.102941 0.117647 0.147059 0.294118 0.191176 0.0735294 0 0.0147059 0 0 0 0 

2240 2215 1602 94 0 0.722348 0 0 0 0 0 0 0 0 0 0 0 0 0 0 0 0 0 0 0.0144928 0.0144928 0.057971 0.057971 0.130435 0.26087 0.333333 0.0724638 0.0434783 0.0144928 0 0 0 0 0 

2208 2188 1602 95 0 0.731261 0 0 0 0 0 0 0 0 0 0 0 0 0 0 0 0 0 0 0 0.0147059 0.0441176 0.102941 0.176471 0.147059 0.220588 0.176471 0.102941 0 0.0147059 0 0 0 0 

2176 2165 1602 98 0 0.73903 0 0 0 0 0 0 0 0 0 0 0 0 0 0 0 0 0 0 0 0.0149254 0 0.0597015 0.19403 0.238806 0.179104 0.19403 0.0746269 0.0447761 0 0 0 0 0 

2240 2219 1602 95 0 0.721045 0 0 0 0 0 0 0 0 0 0 0 0 0 0 0 0 0 0 0.0144928 0 0.0289855 0.130435 0.246377 0.188406 0.188406 0.0869565 0.101449 0.0144928 0 0 0 0 0 

2176 2157 1601 79 0 0.741771 0 0 0 0 0 0 0 0 0 0 0 0 0 0 0 0 0 0 0 0 0.0149254 0.0895522 0.104478 0.238806 0.179104 0.268657 0.104478 0 0 0 0 0 0 

2208 2186 1602 92 0 0.73193 0 0 0 0 0 0 0 0 0 0 0 0 0 0 0 0 0 0 0 0 0.0441176 0.102941 0.176471 0.176471 0.235294 0.161765 0.0441176 0.0588235 0 0 0 0 0 

2240 2214 1603 100 0 0.722674 0 0 0 0 0 0 0 0 0 0 0 0 0 0 0 0 0 0 0 0.0144928 0.0434783 0.144928 0.130435 0.231884 0.217391 0.144928 0.0434783 0.0289855 0 0 0 0 0 

2208 2194 1602 95 0 0.729262 0 0 0 0 0 0 0 0 0 0 0 0 0 0 0 0 0 0 0 0.0147059 0.0147059 0.132353 0.147059 0.235294 0.191176 0.176471 0.0882353 0 0 0 0 0 0 

2240 2214 1603 102 0 0.722674 0 0 0 0 0 0 0 0 0 0 0 0 0 0 0 0 0 0 0 0 0.0724638 0.115942 0.217391 0.144928 0.15942 0.217391 0.0724638 0 0 0 0 0 0 

