2272 2243 1602 96 0 0.71333 0 0 0 0 0 0 0 0 0 0 0 0 0 0 0 0 0 0 0.0142857 0.0142857 0.0857143 0.114286 0.2 0.185714 0.157143 0.185714 0.0428571 0 0 0 0 0 0 

2240 2218 1602 93 0 0.721371 0 0 0 0 0 0 0 0 0 0 0 0 0 0 0 0 0 0 0.0144928 0.0144928 0.0869565 0.15942 0.0724638 0.217391 0.173913 0.144928 0.0724638 0.0434783 0 0 0 0 0 

2208 2195 1602 96 0 0.728929 0 0 0 0 0 0 0 0 0 0 0 0 0 0 0 0 0 0 0 0.0294118 0.0441176 0.117647 0.117647 0.117647 0.397059 0.0735294 0.0882353 0 0.0147059 0 0 0 0 

2208 2193 1603 99 0 0.729594 0 0 0 0 0 0 0 0 0 0 0 0 0 0 0 0 0 0 0.0294118 0.0147059 0.0147059 0.0588235 0.205882 0.176471 0.205882 0.205882 0.0735294 0.0147059 0 0 0 0 0 

2208 2197 1602 94 0 0.728266 0 0 0 0 0 0 0 0 0 0 0 0 0 0 0 0 0 0 0.0147059 0.0147059 0.0294118 0.0735294 0.147059 0.264706 0.205882 0.191176 0.0588235 0 0 0 0 0 0 

2240 2217 1603 99 0 0.721696 0 0 0 0 0 0 0 0 0 0 0 0 0 0 0 0 0 0.0289855 0 0.0289855 0.0289855 0.057971 0.217391 0.188406 0.173913 0.188406 0.0869565 0 0 0 0 0 0 

2208 2195 1602 93 0 0.728929 0 0 0 0 0 0 0 0 0 0 0 0 0 0 0 0 0 0 0 0.0294118 0.0147059 0.102941 0.161765 0.264706 0.191176 0.147059 0.0294118 0.0588235 0 0 0 0 0 

2208 2185 1602 87 0 0.732265 0 0 0 0 0 0 0 0 0 0 0 0 0 0 0 0 0 0 0 0 0.0294118 0.117647 0.132353 0.220588 0.205882 0.220588 0.0588235 0.0147059 0 0 0 0 0 

2208 2194 1602 88 0 0.729262 0 0 0 0 0 0 0 0 0 0 0 0 0 0 0 0 0 0 0 0.0441176 0.0588235 0.0588235 0.147059 0.176471 0.264706 0.117647 0.117647 0.0147059 0 0 0 0 0 

2208 2203 1600 93 0 0.726282 0 0 0 0 0 0 0 0 0 0 0 0 0 0 0 0 0 0 0.0147059 0.0147059 0.0294118 0.117647 0.117647 0.308824 0.147059 0.161765 0.0882353 0 0 0 0 0 0 

