2176 2167 1603 99 0 0.738348 0 0 0 0 0 0 0 0 0 0 0 0 0 0 0 0 0 0 0 0.0149254 0.0298507 0.0895522 0.0895522 0.19403 0.283582 0.208955 0.0597015 0.0298507 0 0 0 0 0 

2208 2191 1602 90 0 0.73026 0 0 0 0 0 0 0 0 0 0 0 0 0 0 0 0 0 0 0 0.0294118 0.0441176 0.0882353 0.0588235 0.235294 0.294118 0.220588 0.0294118 0 0 0 0 0 0 

2240 2211 1602 98 0 0.723654 0 0 0 0 0 0 0 0 0 0 0 0 0 0 0 0 0 0 0 0.0144928 0.0724638 0.115942 0.101449 0.26087 0.173913 0.188406 0.057971 0.0144928 0 0 0 0 0 

2240 2215 1602 88 0 0.722348 0 0 0 0 0 0 0 0 0 0 0 0 0 0 0 0 0 0 0.0144928 0.0289855 0.0289855 0.0869565 0.173913 0.202899 0.275362 0.101449 0.0869565 0 0 0 0 0 0 

2176 2172 1600 94 0 0.736648 0 0 0 0 0 0 0 0 0 0 0 0 0 0 0 0 0 0 0 0 0 0.149254 0.164179 0.19403 0.208955 0.149254 0.104478 0.0149254 0.0149254 0 0 0 0 

2240 2216 1602 97 0 0.722022 0 0 0 0 0 0 0 0 0 0 0 0 0 0 0 0 0 0 0.0144928 0.0144928 0.0724638 0.0724638 0.130435 0.246377 0.246377 0.15942 0.0289855 0 0.0144928 0 0 0 0 

2208 2201 1602 98 0 0.726942 0 0 0 0 0 0 0 0 0 0 0 0 0 0 0 0 0 0 0 0 0.0441176 0.102941 0.191176 0.191176 0.264706 0.161765 0.0441176 0 0 0 0 0 0 

2208 2200 1602 90 0 0.727273 0 0 0 0 0 0 0 0 0 0 0 0 0 0 0 0 0 0 0.0147059 0.0294118 0.0735294 0.0882353 0.102941 0.191176 0.205882 0.191176 0.102941 0 0 0 0 0 0 

2208 2184 1602 97 0 0.732601 0 0 0 0 0 0 0 0 0 0 0 0 0 0 0 0 0 0 0 0.0147059 0.0441176 0.0735294 0.147059 0.191176 0.235294 0.205882 0.0735294 0.0147059 0 0 0 0 0 

2208 2196 1602 98 0 0.728597 0 0 0 0 0 0 0 0 0 0 0 0 0 0 0 0 0 0 0 0.0441176 0.0441176 0.0441176 0.117647 0.279412 0.25 0.132353 0.0882353 0 0 0 0 0 0 

