2208 2200 1602 90 0 0.727273 0 0 0 0 0 0 0 0 0 0 0 0 0 0 0 0 0 0 0.0147059 0.0294118 0.0294118 0.117647 0.102941 0.205882 0.220588 0.235294 0.0441176 0 0 0 0 0 0 

2208 2183 1602 92 0 0.732936 0 0 0 0 0 0 0 0 0 0 0 0 0 0 0 0 0 0 0.0147059 0 0.0294118 0.0882353 0.117647 0.235294 0.191176 0.25 0.0735294 0 0 0 0 0 0 

2208 2189 1602 92 0 0.730927 0 0 0 0 0 0 0 0 0 0 0 0 0 0 0 0 0 0 0 0 0.0294118 0.0735294 0.220588 0.235294 0.205882 0.117647 0.102941 0 0.0147059 0 0 0 0 

2208 2190 1602 82 0 0.730594 0 0 0 0 0 0 0 0 0 0 0 0 0 0 0 0 0 0 0 0.0294118 0 0.102941 0.191176 0.25 0.191176 0.102941 0.0735294 0.0441176 0.0147059 0 0 0 0 

2208 2185 1602 96 0 0.732265 0 0 0 0 0 0 0 0 0 0 0 0 0 0 0 0 0 0 0 0 0.0147059 0.0588235 0.176471 0.235294 0.308824 0.161765 0.0441176 0 0 0 0 0 0 

2176 2168 1600 89 0 0.738007 0 0 0 0 0 0 0 0 0 0 0 0 0 0 0 0 0 0 0 0 0.0597015 0.104478 0.134328 0.19403 0.149254 0.164179 0.179104 0.0149254 0 0 0 0 0 

2208 2197 1602 98 0 0.728266 0 0 0 0 0 0 0 0 0 0 0 0 0 0 0 0 0 0 0.0147059 0.0147059 0.0588235 0.0441176 0.205882 0.235294 0.147059 0.161765 0.0882353 0.0294118 0 0 0 0 0 

2240 2215 1602 88 0 0.722348 0 0 0 0 0 0 0 0 0 0 0 0 0 0 0 0 0 0 0 0 0.0434783 0.130435 0.188406 0.231884 0.217391 0.101449 0.0724638 0.0144928 0 0 0 0 0 

2272 2245 1603 106 0 0.712695 0 0 0 0 0 0 0 0 0 0 0 0 0 0 0 0 0 0 0.0285714 0.0285714 0.0428571 0.128571 0.185714 0.2 0.242857 0.0714286 0.0285714 0.0285714 0.0142857 0 0 0 0 

2272 2247 1603 99 0 0.712061 0 0 0 0 0 0 0 0 0 0 0 0 0 0 0 0 0 0 0 0 0.0714286 0.2 0.142857 0.228571 0.2 0.114286 0.0428571 0 0 0 0 0 0 

