2240 2228 1602 94 0 0.718133 0 0 0 0 0 0 0 0 0 0 0 0 0 0 0 0 0 0 0 0.0289855 0.057971 0.115942 0.173913 0.188406 0.26087 0.15942 0.0144928 0 0 0 0 0 0 

2208 2196 1602 96 0 0.728597 0 0 0 0 0 0 0 0 0 0 0 0 0 0 0 0 0 0 0 0.0294118 0.0882353 0.0441176 0.117647 0.205882 0.264706 0.176471 0.0588235 0.0147059 0 0 0 0 0 

2240 2227 1602 98 0 0.718455 0 0 0 0 0 0 0 0 0 0 0 0 0 0 0 0 0 0.0144928 0 0 0.0724638 0.0724638 0.202899 0.26087 0.173913 0.188406 0.0144928 0 0 0 0 0 0 

2208 2202 1600 90 0 0.726612 0 0 0 0 0 0 0 0 0 0 0 0 0 0 0 0 0 0 0 0.0147059 0.0588235 0.0294118 0.191176 0.279412 0.220588 0.176471 0.0294118 0 0 0 0 0 0 

2208 2191 1602 91 0 0.73026 0 0 0 0 0 0 0 0 0 0 0 0 0 0 0 0 0 0 0 0 0.0735294 0.0441176 0.147059 0.25 0.264706 0.132353 0.0882353 0 0 0 0 0 0 

2208 2202 1600 92 0 0.726612 0 0 0 0 0 0 0 0 0 0 0 0 0 0 0 0 0 0 0 0.0294118 0.0588235 0.0588235 0.191176 0.176471 0.279412 0.132353 0.0588235 0.0147059 0 0 0 0 0 

2240 2216 1603 104 0 0.722022 0 0 0 0 0 0 0 0 0 0 0 0 0 0 0 0 0 0 0.0144928 0.0289855 0.0434783 0.0434783 0.217391 0.275362 0.144928 0.15942 0.0289855 0.0289855 0.0144928 0 0 0 0 

2208 2200 1602 93 0 0.727273 0 0 0 0 0 0 0 0 0 0 0 0 0 0 0 0 0 0 0.0147059 0 0.0147059 0.0735294 0.235294 0.25 0.161765 0.205882 0.0441176 0 0 0 0 0 0 

2240 2233 1602 99 0 0.716525 0 0 0 0 0 0 0 0 0 0 0 0 0 0 0 0 0 0.0144928 0.0144928 0.0434783 0.0289855 0.130435 0.202899 0.144928 0.188406 0.15942 0.0434783 0.0289855 0 0 0 0 0 

2176 2159 1602 90 0 0.741084 0 0 0 0 0 0 0 0 0 0 0 0 0 0 0 0 0 0 0.0149254 0.0149254 0.0149254 0.0447761 0.134328 0.208955 0.19403 0.253731 0.0895522 0.0298507 0 0 0 0 0 

