2240 2221 1603 106 0 0.720396 0 0 0 0 0 0 0 0 0 0 0 0 0 0 0 0 0 0.0289855 0.0144928 0.0144928 0.0434783 0.101449 0.188406 0.173913 0.15942 0.15942 0.0869565 0.0144928 0.0144928 0 0 0 0 

2208 2199 1602 91 0 0.727603 0 0 0 0 0 0 0 0 0 0 0 0 0 0 0 0 0 0 0.0147059 0 0.0294118 0.102941 0.191176 0.205882 0.191176 0.205882 0.0588235 0 0 0 0 0 0 

2240 2212 1603 105 0 0.723327 0 0 0 0 0 0 0 0 0 0 0 0 0 0 0 0 0 0 0 0.0434783 0.057971 0.0724638 0.144928 0.217391 0.231884 0.144928 0.057971 0.0289855 0 0 0 0 0 

2208 2182 1602 84 0 0.733272 0 0 0 0 0 0 0 0 0 0 0 0 0 0 0 0 0 0 0 0.0294118 0.0294118 0.0588235 0.132353 0.25 0.205882 0.191176 0.0735294 0.0294118 0 0 0 0 0 

2208 2179 1602 89 0 0.734282 0 0 0 0 0 0 0 0 0 0 0 0 0 0 0 0 0 0 0 0 0.0441176 0.0735294 0.0882353 0.191176 0.382353 0.161765 0.0588235 0 0 0 0 0 0 

2240 2214 1603 103 0 0.722674 0 0 0 0 0 0 0 0 0 0 0 0 0 0 0 0 0 0 0.0144928 0 0.0434783 0.101449 0.144928 0.275362 0.217391 0.15942 0.0289855 0 0.0144928 0 0 0 0 

2208 2203 1600 97 0 0.726282 0 0 0 0 0 0 0 0 0 0 0 0 0 0 0 0 0.0147059 0 0.0147059 0 0.0441176 0.117647 0.102941 0.279412 0.176471 0.161765 0.0441176 0.0441176 0 0 0 0 0 

2240 2213 1602 87 0 0.723 0 0 0 0 0 0 0 0 0 0 0 0 0 0 0 0 0 0 0.0144928 0 0.0289855 0.101449 0.173913 0.289855 0.15942 0.188406 0.0289855 0.0144928 0 0 0 0 0 

2240 2226 1603 99 0 0.718778 0 0 0 0 0 0 0 0 0 0 0 0 0 0 0 0 0 0 0.0289855 0 0.057971 0.0869565 0.173913 0.289855 0.144928 0.173913 0.0289855 0.0144928 0 0 0 0 0 

2176 2164 1602 90 0 0.739372 0 0 0 0 0 0 0 0 0 0 0 0 0 0 0 0 0 0 0 0.0149254 0.0149254 0.0447761 0.164179 0.223881 0.268657 0.134328 0.104478 0.0298507 0 0 0 0 0 

