2208 2186 1602 97 0 0.73193 0 0 0 0 0 0 0 0 0 0 0 0 0 0 0 0 0 0 0 0.0147059 0.0735294 0.0882353 0.0882353 0.220588 0.205882 0.191176 0.102941 0.0147059 0 0 0 0 0 

2208 2187 1602 92 0 0.731596 0 0 0 0 0 0 0 0 0 0 0 0 0 0 0 0 0 0 0 0.0147059 0.0147059 0.102941 0.161765 0.176471 0.279412 0.176471 0.0588235 0.0147059 0 0 0 0 0 

2208 2195 1602 90 0 0.728929 0 0 0 0 0 0 0 0 0 0 0 0 0 0 0 0 0 0 0 0.0147059 0.0441176 0.102941 0.132353 0.264706 0.191176 0.176471 0.0294118 0.0441176 0 0 0 0 0 

2240 2216 1602 93 0 0.722022 0 0 0 0 0 0 0 0 0 0 0 0 0 0 0 0 0 0 0.0289855 0.0434783 0 0.0434783 0.202899 0.217391 0.275362 0.130435 0.057971 0 0 0 0 0 0 

2208 2186 1602 89 0 0.73193 0 0 0 0 0 0 0 0 0 0 0 0 0 0 0 0 0 0.0147059 0 0.0147059 0.0147059 0.117647 0.132353 0.176471 0.25 0.161765 0.0735294 0.0441176 0 0 0 0 0 

2240 2215 1602 86 0 0.722348 0 0 0 0 0 0 0 0 0 0 0 0 0 0 0 0 0 0 0.0144928 0.0144928 0.0289855 0.101449 0.15942 0.231884 0.246377 0.173913 0.0144928 0.0144928 0 0 0 0 0 

2208 2188 1602 90 0 0.731261 0 0 0 0 0 0 0 0 0 0 0 0 0 0 0 0 0 0 0 0.0441176 0.0441176 0.0882353 0.102941 0.176471 0.25 0.191176 0.0735294 0.0294118 0 0 0 0 0 

2176 2164 1602 89 0 0.739372 0 0 0 0 0 0 0 0 0 0 0 0 0 0 0 0 0 0 0 0 0.0149254 0.0895522 0.119403 0.298507 0.134328 0.223881 0.104478 0.0149254 0 0 0 0 0 

2208 2195 1602 91 0 0.728929 0 0 0 0 0 0 0 0 0 0 0 0 0 0 0 0 0 0 0.0147059 0 0.0147059 0.102941 0.220588 0.220588 0.176471 0.132353 0.102941 0 0.0147059 0 0 0 0 

2208 2189 1602 94 0 0.730927 0 0 0 0 0 0 0 0 0 0 0 0 0 0 0 0 0 0 0 0 0.0588235 0 0.205882 0.279412 0.264706 0.102941 0.0735294 0.0147059 0 0 0 0 0 

