2240 2215 1602 87 0 0.722348 0 0 0 0 0 0 0 0 0 0 0 0 0 0 0 0 0.0144928 0 0.0289855 0 0.0289855 0.0724638 0.202899 0.217391 0.202899 0.130435 0.0724638 0.0289855 0 0 0 0 0 

2240 2216 1603 99 0 0.722022 0 0 0 0 0 0 0 0 0 0 0 0 0 0 0 0 0 0 0.0144928 0.0434783 0.0289855 0.101449 0.115942 0.15942 0.318841 0.202899 0.0144928 0 0 0 0 0 0 

2240 2222 1603 100 0 0.720072 0 0 0 0 0 0 0 0 0 0 0 0 0 0 0 0 0 0 0.0144928 0.0289855 0.0724638 0.0869565 0.115942 0.231884 0.26087 0.130435 0.0289855 0.0289855 0 0 0 0 0 

2240 2216 1602 98 0 0.722022 0 0 0 0 0 0 0 0 0 0 0 0 0 0 0 0 0 0 0 0.0144928 0.0724638 0.057971 0.144928 0.304348 0.246377 0.101449 0.0434783 0.0144928 0 0 0 0 0 

2208 2182 1602 87 0 0.733272 0 0 0 0 0 0 0 0 0 0 0 0 0 0 0 0 0 0 0 0.0441176 0.0147059 0.0588235 0.176471 0.147059 0.220588 0.25 0.0882353 0 0 0 0 0 0 

2208 2187 1602 98 0 0.731596 0 0 0 0 0 0 0 0 0 0 0 0 0 0 0 0 0 0 0 0.0147059 0 0.147059 0.117647 0.176471 0.279412 0.205882 0.0588235 0 0 0 0 0 0 

2208 2191 1602 96 0 0.73026 0 0 0 0 0 0 0 0 0 0 0 0 0 0 0 0 0 0 0 0.0147059 0.0294118 0.0735294 0.176471 0.176471 0.323529 0.132353 0.0735294 0 0 0 0 0 0 

2176 2171 1601 95 0 0.736988 0 0 0 0 0 0 0 0 0 0 0 0 0 0 0 0 0 0 0.0149254 0 0.0597015 0.0298507 0.164179 0.223881 0.19403 0.179104 0.104478 0.0298507 0 0 0 0 0 

2240 2226 1602 91 0 0.718778 0 0 0 0 0 0 0 0 0 0 0 0 0 0 0 0 0 0 0.0144928 0.0289855 0.0434783 0.173913 0.115942 0.188406 0.217391 0.130435 0.0869565 0 0 0 0 0 0 

2208 2190 1602 95 0 0.730594 0 0 0 0 0 0 0 0 0 0 0 0 0 0 0 0 0 0 0 0.0147059 0.0294118 0.102941 0.132353 0.235294 0.220588 0.176471 0.0882353 0 0 0 0 0 0 

