2240 2225 1602 98 0 0.719101 0 0 0 0 0 0 0 0 0 0 0 0 0 0 0 0 0 0 0 0.0434783 0.057971 0.101449 0.217391 0.15942 0.173913 0.173913 0.0724638 0 0 0 0 0 0 

2240 2216 1602 90 0 0.722022 0 0 0 0 0 0 0 0 0 0 0 0 0 0 0 0 0 0 0.0144928 0.0144928 0.0434783 0.0869565 0.130435 0.289855 0.26087 0.0869565 0.057971 0.0144928 0 0 0 0 0 

2176 2172 1600 99 0 0.736648 0 0 0 0 0 0 0 0 0 0 0 0 0 0 0 0 0 0 0 0.0149254 0.0149254 0.104478 0.179104 0.19403 0.179104 0.179104 0.0895522 0.0298507 0.0149254 0 0 0 0 

2240 2214 1602 91 0 0.722674 0 0 0 0 0 0 0 0 0 0 0 0 0 0 0 0 0 0 0.0144928 0.0144928 0.0434783 0.0869565 0.144928 0.246377 0.275362 0.101449 0.057971 0.0144928 0 0 0 0 0 

2144 2139 1600 86 0 0.748013 0 0 0 0 0 0 0 0 0 0 0 0 0 0 0 0 0 0 0 0 0 0.0151515 0.257576 0.19697 0.181818 0.166667 0.106061 0.0606061 0.0151515 0 0 0 0 

2208 2187 1602 96 0 0.731596 0 0 0 0 0 0 0 0 0 0 0 0 0 0 0 0 0 0 0 0.0147059 0.0294118 0.0294118 0.25 0.220588 0.205882 0.102941 0.147059 0 0 0 0 0 0 

2208 2189 1602 92 0 0.730927 0 0 0 0 0 0 0 0 0 0 0 0 0 0 0 0 0 0 0.0294118 0.0147059 0.0294118 0.102941 0.0735294 0.235294 0.205882 0.235294 0.0441176 0.0147059 0.0147059 0 0 0 0 

2240 2230 1602 90 0 0.717489 0 0 0 0 0 0 0 0 0 0 0 0 0 0 0 0 0 0 0.0144928 0 0.101449 0.0869565 0.202899 0.202899 0.202899 0.115942 0.0724638 0 0 0 0 0 0 

2208 2194 1602 88 0 0.729262 0 0 0 0 0 0 0 0 0 0 0 0 0 0 0 0 0 0 0 0 0.0294118 0.0588235 0.279412 0.25 0.147059 0.147059 0.0441176 0.0147059 0.0294118 0 0 0 0 

2240 2211 1602 98 0 0.723654 0 0 0 0 0 0 0 0 0 0 0 0 0 0 0 0 0 0 0.0144928 0.0289855 0.0289855 0.144928 0.144928 0.173913 0.231884 0.115942 0.057971 0.0434783 0.0144928 0 0 0 0 

