2240 2217 1603 101 0 0.721696 0 0 0 0 0 0 0 0 0 0 0 0 0 0 0 0 0 0.0144928 0.0144928 0.0144928 0.0289855 0.057971 0.15942 0.304348 0.202899 0.144928 0.0434783 0.0144928 0 0 0 0 0 

2240 2216 1602 95 0 0.722022 0 0 0 0 0 0 0 0 0 0 0 0 0 0 0 0 0 0 0 0.0289855 0.0144928 0.15942 0.130435 0.15942 0.333333 0.144928 0.0289855 0 0 0 0 0 0 

2208 2185 1603 99 0 0.732265 0 0 0 0 0 0 0 0 0 0 0 0 0 0 0 0 0 0 0 0 0.0441176 0.0735294 0.161765 0.191176 0.25 0.205882 0.0735294 0 0 0 0 0 0 

2208 2181 1602 87 0 0.733608 0 0 0 0 0 0 0 0 0 0 0 0 0 0 0 0 0 0 0.0294118 0 0.0147059 0.102941 0.117647 0.220588 0.191176 0.220588 0.0441176 0.0588235 0 0 0 0 0 

2240 2213 1602 91 0 0.723 0 0 0 0 0 0 0 0 0 0 0 0 0 0 0 0 0 0.0144928 0 0.0289855 0.057971 0.101449 0.115942 0.202899 0.231884 0.173913 0.0289855 0.0434783 0 0 0 0 0 

2240 2225 1602 89 0 0.719101 0 0 0 0 0 0 0 0 0 0 0 0 0 0 0 0.0144928 0 0.0144928 0 0.0289855 0.0289855 0.0724638 0.188406 0.173913 0.304348 0.130435 0.0289855 0.0144928 0 0 0 0 0 

2240 2232 1602 98 0 0.716846 0 0 0 0 0 0 0 0 0 0 0 0 0 0 0 0 0 0 0.0144928 0.057971 0.057971 0.0289855 0.202899 0.275362 0.188406 0.115942 0.0434783 0.0144928 0 0 0 0 0 

2240 2224 1602 89 0 0.719424 0 0 0 0 0 0 0 0 0 0 0 0 0 0 0 0 0 0 0 0.0144928 0.0724638 0.0869565 0.202899 0.202899 0.246377 0.130435 0.0434783 0 0 0 0 0 0 

2240 2220 1602 94 0 0.720721 0 0 0 0 0 0 0 0 0 0 0 0 0 0 0 0 0 0 0 0 0.0869565 0.101449 0.188406 0.188406 0.231884 0.15942 0.0289855 0.0144928 0 0 0 0 0 

2208 2184 1602 91 0 0.732601 0 0 0 0 0 0 0 0 0 0 0 0 0 0 0 0 0 0 0 0 0.0294118 0.132353 0.0735294 0.264706 0.25 0.147059 0.0882353 0.0147059 0 0 0 0 0 

