2208 2194 1602 94 0 0.729262 0 0 0 0 0 0 0 0 0 0 0 0 0 0 0 0 0 0 0.0147059 0.0147059 0.0588235 0.0294118 0.117647 0.308824 0.220588 0.176471 0.0441176 0 0.0147059 0 0 0 0 

2272 2251 1603 111 0 0.710795 0 0 0 0 0 0 0 0 0 0 0 0 0 0 0 0 0 0 0 0.0571429 0.0857143 0.0857143 0.242857 0.157143 0.171429 0.142857 0.0428571 0.0142857 0 0 0 0 0 

2208 2191 1603 100 0 0.73026 0 0 0 0 0 0 0 0 0 0 0 0 0 0 0 0 0 0 0 0.0147059 0.0441176 0.117647 0.132353 0.205882 0.264706 0.0882353 0.0588235 0.0735294 0 0 0 0 0 

2208 2197 1602 88 0 0.728266 0 0 0 0 0 0 0 0 0 0 0 0 0 0 0 0 0 0.0147059 0 0.0294118 0.0294118 0.0735294 0.117647 0.220588 0.308824 0.117647 0.0882353 0 0 0 0 0 0 

2208 2185 1602 86 0 0.732265 0 0 0 0 0 0 0 0 0 0 0 0 0 0 0 0 0 0 0 0.0147059 0.0147059 0.117647 0.102941 0.294118 0.205882 0.117647 0.102941 0.0294118 0 0 0 0 0 

2240 2222 1602 92 0 0.720072 0 0 0 0 0 0 0 0 0 0 0 0 0 0 0 0 0 0 0.0144928 0.0289855 0.057971 0.115942 0.0724638 0.217391 0.318841 0.15942 0.0144928 0 0 0 0 0 0 

2240 2219 1603 101 0 0.721045 0 0 0 0 0 0 0 0 0 0 0 0 0 0 0 0 0 0 0 0 0.057971 0.144928 0.217391 0.15942 0.173913 0.173913 0.057971 0.0144928 0 0 0 0 0 

2208 2186 1602 97 0 0.73193 0 0 0 0 0 0 0 0 0 0 0 0 0 0 0 0 0 0 0 0.0147059 0.0294118 0.0588235 0.176471 0.264706 0.205882 0.147059 0.0735294 0.0147059 0.0147059 0 0 0 0 

2240 2229 1602 91 0 0.717811 0 0 0 0 0 0 0 0 0 0 0 0 0 0 0 0 0.0144928 0 0 0 0.0869565 0.0869565 0.115942 0.318841 0.231884 0.101449 0.0434783 0 0 0 0 0 0 

2208 2187 1603 104 0 0.731596 0 0 0 0 0 0 0 0 0 0 0 0 0 0 0 0 0 0 0 0.0147059 0.0294118 0.0882353 0.147059 0.220588 0.235294 0.176471 0.0588235 0.0294118 0 0 0 0 0 

