2208 2190 1602 98 0 0.730594 0 0 0 0 0 0 0 0 0 0 0 0 0 0 0 0 0 0.0147059 0 0 0.0294118 0.117647 0.176471 0.132353 0.235294 0.205882 0.0735294 0 0.0147059 0 0 0 0 

2240 2230 1602 90 0 0.717489 0 0 0 0 0 0 0 0 0 0 0 0 0 0 0 0 0 0 0 0.0144928 0.057971 0.0724638 0.246377 0.26087 0.217391 0.0869565 0.0434783 0 0 0 0 0 0 

2240 2220 1602 85 0 0.720721 0 0 0 0 0 0 0 0 0 0 0 0 0 0 0 0 0 0 0.0289855 0 0.0724638 0.0869565 0.15942 0.217391 0.231884 0.115942 0.0724638 0.0144928 0 0 0 0 0 

2240 2226 1602 98 0 0.718778 0 0 0 0 0 0 0 0 0 0 0 0 0 0 0 0 0 0 0.0144928 0.0289855 0.0724638 0.101449 0.188406 0.130435 0.217391 0.202899 0.0434783 0 0 0 0 0 0 

2240 2224 1602 95 0 0.719424 0 0 0 0 0 0 0 0 0 0 0 0 0 0 0 0 0 0 0.0144928 0 0.0434783 0.15942 0.188406 0.173913 0.231884 0.115942 0.057971 0.0144928 0 0 0 0 0 

2240 2212 1602 91 0 0.723327 0 0 0 0 0 0 0 0 0 0 0 0 0 0 0 0 0 0 0.0144928 0.0289855 0.057971 0.0869565 0.15942 0.173913 0.217391 0.144928 0.115942 0 0 0 0 0 0 

2176 2164 1602 88 0 0.739372 0 0 0 0 0 0 0 0 0 0 0 0 0 0 0 0 0 0 0 0.0149254 0.0149254 0.0746269 0.179104 0.119403 0.283582 0.208955 0.0746269 0.0298507 0 0 0 0 0 

2208 2193 1602 84 0 0.729594 0 0 0 0 0 0 0 0 0 0 0 0 0 0 0 0 0 0 0 0.0441176 0.0147059 0.0588235 0.132353 0.25 0.294118 0.132353 0.0735294 0 0 0 0 0 0 

2208 2202 1600 90 0 0.726612 0 0 0 0 0 0 0 0 0 0 0 0 0 0 0 0 0 0 0.0147059 0 0.0294118 0.0882353 0.220588 0.205882 0.235294 0.132353 0.0588235 0.0147059 0 0 0 0 0 

2208 2184 1602 91 0 0.732601 0 0 0 0 0 0 0 0 0 0 0 0 0 0 0 0 0 0 0 0.0294118 0.0294118 0.0441176 0.147059 0.191176 0.308824 0.205882 0.0294118 0 0.0147059 0 0 0 0 

