2240 2213 1602 90 0 0.723 0 0 0 0 0 0 0 0 0 0 0 0 0 0 0 0 0 0 0 0.0434783 0.057971 0.115942 0.115942 0.15942 0.26087 0.15942 0.0869565 0 0 0 0 0 0 

2240 2220 1602 94 0 0.720721 0 0 0 0 0 0 0 0 0 0 0 0 0 0 0 0 0 0 0.0144928 0.0144928 0.057971 0.0434783 0.217391 0.231884 0.246377 0.130435 0.0289855 0.0144928 0 0 0 0 0 

2240 2214 1602 97 0 0.722674 0 0 0 0 0 0 0 0 0 0 0 0 0 0 0 0 0 0 0.0144928 0 0.0434783 0.144928 0.15942 0.217391 0.202899 0.130435 0.0434783 0.0289855 0.0144928 0 0 0 0 

2208 2199 1602 88 0 0.727603 0 0 0 0 0 0 0 0 0 0 0 0 0 0 0 0 0 0 0 0.0294118 0.0147059 0.102941 0.176471 0.264706 0.176471 0.117647 0.117647 0 0 0 0 0 0 

2240 2211 1602 89 0 0.723654 0 0 0 0 0 0 0 0 0 0 0 0 0 0 0 0 0 0 0 0.0434783 0.0144928 0.0724638 0.188406 0.217391 0.231884 0.202899 0.0289855 0 0 0 0 0 0 

2208 2200 1602 94 0 0.727273 0 0 0 0 0 0 0 0 0 0 0 0 0 0 0 0 0 0.0147059 0.0147059 0 0.0441176 0.102941 0.161765 0.220588 0.147059 0.176471 0.102941 0.0147059 0 0 0 0 0 

2208 2200 1601 93 0 0.727273 0 0 0 0 0 0 0 0 0 0 0 0 0 0 0 0 0 0 0 0.0147059 0.0735294 0.102941 0.117647 0.161765 0.338235 0.117647 0.0588235 0.0147059 0 0 0 0 0 

2208 2203 1600 91 0 0.726282 0 0 0 0 0 0 0 0 0 0 0 0 0 0 0 0 0 0 0.0147059 0.0294118 0.0147059 0.102941 0.147059 0.25 0.25 0.0882353 0.0882353 0.0147059 0 0 0 0 0 

2176 2168 1602 91 0 0.738007 0 0 0 0 0 0 0 0 0 0 0 0 0 0 0 0 0 0 0 0 0.0298507 0.0447761 0.208955 0.149254 0.328358 0.134328 0.0746269 0.0298507 0 0 0 0 0 

2208 2200 1601 97 0 0.727273 0 0 0 0 0 0 0 0 0 0 0 0 0 0 0 0 0 0 0 0.0147059 0.0441176 0.102941 0.147059 0.279412 0.176471 0.147059 0.0735294 0.0147059 0 0 0 0 0 

