2176 2152 1602 82 0 0.743494 0 0 0 0 0 0 0 0 0 0 0 0 0 0 0 0 0 0 0 0.0149254 0 0.0447761 0.134328 0.208955 0.253731 0.238806 0.0746269 0.0298507 0 0 0 0 0 

2208 2186 1602 92 0 0.73193 0 0 0 0 0 0 0 0 0 0 0 0 0 0 0 0 0 0.0147059 0 0 0.0147059 0.0882353 0.176471 0.176471 0.279412 0.161765 0.0588235 0.0294118 0 0 0 0 0 

2240 2219 1602 96 0 0.721045 0 0 0 0 0 0 0 0 0 0 0 0 0 0 0 0 0 0 0.0289855 0 0.0724638 0.15942 0.0724638 0.246377 0.202899 0.0724638 0.115942 0.0289855 0 0 0 0 0 

2208 2199 1602 86 0 0.727603 0 0 0 0 0 0 0 0 0 0 0 0 0 0 0 0 0 0 0.0147059 0.0147059 0.0294118 0.0735294 0.220588 0.176471 0.220588 0.161765 0.0882353 0 0 0 0 0 0 

2208 2199 1602 97 0 0.727603 0 0 0 0 0 0 0 0 0 0 0 0 0 0 0 0 0 0 0 0.0147059 0.0294118 0.161765 0.102941 0.235294 0.205882 0.161765 0.0882353 0 0 0 0 0 0 

2208 2185 1602 91 0 0.732265 0 0 0 0 0 0 0 0 0 0 0 0 0 0 0 0 0 0 0 0 0.0588235 0.102941 0.117647 0.161765 0.264706 0.220588 0.0735294 0 0 0 0 0 0 

2240 2219 1602 94 0 0.721045 0 0 0 0 0 0 0 0 0 0 0 0 0 0 0 0 0 0 0 0.0434783 0.0434783 0.0289855 0.202899 0.304348 0.202899 0.115942 0.0434783 0.0144928 0 0 0 0 0 

2208 2182 1602 89 0 0.733272 0 0 0 0 0 0 0 0 0 0 0 0 0 0 0 0 0 0 0 0 0.0147059 0.0882353 0.191176 0.220588 0.220588 0.147059 0.102941 0.0147059 0 0 0 0 0 

2208 2187 1602 85 0 0.731596 0 0 0 0 0 0 0 0 0 0 0 0 0 0 0 0 0 0.0147059 0 0 0.0441176 0.102941 0.132353 0.176471 0.220588 0.191176 0.117647 0 0 0 0 0 0 

2240 2212 1601 79 0 0.723327 0 0 0 0 0 0 0 0 0 0 0 0 0 0 0 0 0 0 0 0.0289855 0.0144928 0.144928 0.115942 0.231884 0.275362 0.144928 0.0289855 0.0144928 0 0 0 0 0 

