2240 2223 1602 98 0 0.719748 0 0 0 0 0 0 0 0 0 0 0 0 0 0 0 0.0144928 0 0 0.0144928 0.0144928 0.0144928 0.0724638 0.217391 0.289855 0.173913 0.101449 0.0724638 0.0144928 0 0 0 0 0 

2240 2224 1602 97 0 0.719424 0 0 0 0 0 0 0 0 0 0 0 0 0 0 0 0 0 0 0.0144928 0.0144928 0.0434783 0.15942 0.144928 0.231884 0.15942 0.173913 0.0289855 0.0289855 0 0 0 0 0 

2208 2196 1602 97 0 0.728597 0 0 0 0 0 0 0 0 0 0 0 0 0 0 0 0 0 0.0147059 0 0.0294118 0 0.0441176 0.235294 0.220588 0.220588 0.132353 0.102941 0 0 0 0 0 0 

2240 2215 1602 95 0 0.722348 0 0 0 0 0 0 0 0 0 0 0 0 0 0 0 0 0 0 0 0.0434783 0.0724638 0.0434783 0.15942 0.231884 0.231884 0.130435 0.0869565 0 0 0 0 0 0 

2240 2219 1602 86 0 0.721045 0 0 0 0 0 0 0 0 0 0 0 0 0 0 0 0 0 0 0.0144928 0 0.0434783 0.057971 0.217391 0.275362 0.26087 0.0724638 0.0434783 0.0144928 0 0 0 0 0 

2208 2198 1602 89 0 0.727934 0 0 0 0 0 0 0 0 0 0 0 0 0 0 0 0 0 0.0147059 0.0147059 0 0.0147059 0.0441176 0.132353 0.308824 0.323529 0.102941 0.0441176 0 0 0 0 0 0 

2240 2213 1602 95 0 0.723 0 0 0 0 0 0 0 0 0 0 0 0 0 0 0 0 0 0 0 0 0.0724638 0.101449 0.144928 0.246377 0.217391 0.15942 0.057971 0 0 0 0 0 0 

2240 2217 1602 95 0 0.721696 0 0 0 0 0 0 0 0 0 0 0 0 0 0 0 0 0 0 0.0144928 0.0289855 0.057971 0.0434783 0.202899 0.26087 0.188406 0.101449 0.057971 0.0434783 0 0 0 0 0 

2208 2181 1602 91 0 0.733608 0 0 0 0 0 0 0 0 0 0 0 0 0 0 0 0 0 0 0 0 0.0294118 0.132353 0.117647 0.220588 0.191176 0.176471 0.117647 0.0147059 0 0 0 0 0 

2208 2185 1602 87 0 0.732265 0 0 0 0 0 0 0 0 0 0 0 0 0 0 0 0 0 0 0 0.0147059 0 0.102941 0.176471 0.264706 0.147059 0.176471 0.102941 0.0147059 0 0 0 0 0 

