2208 2202 1601 97 0 0.726612 0 0 0 0 0 0 0 0 0 0 0 0 0 0 0 0 0 0 0 0.0147059 0.0441176 0.102941 0.147059 0.25 0.205882 0.191176 0.0441176 0 0 0 0 0 0 

2208 2192 1602 89 0 0.729927 0 0 0 0 0 0 0 0 0 0 0 0 0 0 0 0 0 0.0147059 0 0 0.0294118 0.0588235 0.191176 0.235294 0.264706 0.102941 0.0735294 0.0294118 0 0 0 0 0 

2208 2202 1601 85 0 0.726612 0 0 0 0 0 0 0 0 0 0 0 0 0 0 0 0 0 0 0.0147059 0.0294118 0.0294118 0.147059 0.117647 0.235294 0.176471 0.102941 0.102941 0.0441176 0 0 0 0 0 

2208 2197 1602 93 0 0.728266 0 0 0 0 0 0 0 0 0 0 0 0 0 0 0 0 0 0 0 0 0.0147059 0.102941 0.205882 0.176471 0.338235 0.117647 0.0441176 0 0 0 0 0 0 

2272 2256 1602 94 0 0.70922 0 0 0 0 0 0 0 0 0 0 0 0 0 0 0 0 0 0 0 0.0428571 0.0714286 0.157143 0.2 0.185714 0.171429 0.128571 0.0428571 0 0 0 0 0 0 

2240 2227 1602 91 0 0.718455 0 0 0 0 0 0 0 0 0 0 0 0 0 0 0 0 0 0 0 0.0144928 0.057971 0.0724638 0.217391 0.304348 0.173913 0.115942 0.0434783 0 0 0 0 0 0 

2240 2227 1602 96 0 0.718455 0 0 0 0 0 0 0 0 0 0 0 0 0 0 0 0 0 0 0.0289855 0.0144928 0.0144928 0.115942 0.15942 0.246377 0.275362 0.130435 0.0144928 0 0 0 0 0 0 

2208 2190 1602 93 0 0.730594 0 0 0 0 0 0 0 0 0 0 0 0 0 0 0 0 0 0 0 0 0.0441176 0.0882353 0.176471 0.235294 0.235294 0.0735294 0.132353 0.0147059 0 0 0 0 0 

2208 2198 1602 87 0 0.727934 0 0 0 0 0 0 0 0 0 0 0 0 0 0 0 0 0 0 0.0147059 0.0147059 0.0735294 0.0441176 0.191176 0.132353 0.294118 0.147059 0.0735294 0.0147059 0 0 0 0 0 

2208 2194 1602 87 0 0.729262 0 0 0 0 0 0 0 0 0 0 0 0 0 0 0 0 0 0 0 0.0147059 0.0147059 0.0882353 0.191176 0.220588 0.220588 0.205882 0.0441176 0 0 0 0 0 0 

