2240 2217 1603 100 0 0.721696 0 0 0 0 0 0 0 0 0 0 0 0 0 0 0 0 0 0 0.0144928 0.0289855 0.057971 0.0724638 0.15942 0.188406 0.275362 0.115942 0.0869565 0 0 0 0 0 0 

2208 2195 1602 85 0 0.728929 0 0 0 0 0 0 0 0 0 0 0 0 0 0 0 0 0 0 0.0147059 0.0147059 0.0147059 0.102941 0.161765 0.176471 0.279412 0.161765 0.0735294 0 0 0 0 0 0 

2240 2229 1602 92 0 0.717811 0 0 0 0 0 0 0 0 0 0 0 0 0 0 0 0 0 0 0.0289855 0 0.0144928 0.130435 0.202899 0.231884 0.246377 0.115942 0.0289855 0 0 0 0 0 0 

2208 2190 1602 95 0 0.730594 0 0 0 0 0 0 0 0 0 0 0 0 0 0 0 0 0 0 0 0.0147059 0 0.0882353 0.191176 0.205882 0.279412 0.176471 0.0294118 0.0147059 0 0 0 0 0 

2240 2215 1602 84 0 0.722348 0 0 0 0 0 0 0 0 0 0 0 0 0 0 0 0 0 0 0.0144928 0 0.0144928 0.101449 0.217391 0.246377 0.202899 0.173913 0.0144928 0.0144928 0 0 0 0 0 

2208 2187 1603 100 0 0.731596 0 0 0 0 0 0 0 0 0 0 0 0 0 0 0 0 0 0 0 0.0147059 0.0588235 0.0735294 0.117647 0.132353 0.308824 0.279412 0.0147059 0 0 0 0 0 0 

2240 2231 1602 97 0 0.717167 0 0 0 0 0 0 0 0 0 0 0 0 0 0 0 0 0 0 0 0.0144928 0.101449 0.0724638 0.173913 0.26087 0.231884 0.101449 0.0434783 0 0 0 0 0 0 

2240 2220 1603 99 0 0.720721 0 0 0 0 0 0 0 0 0 0 0 0 0 0 0 0 0 0 0.0289855 0.0144928 0 0.15942 0.15942 0.173913 0.246377 0.15942 0.057971 0 0 0 0 0 0 

2240 2216 1602 96 0 0.722022 0 0 0 0 0 0 0 0 0 0 0 0 0 0 0 0 0 0 0.0144928 0.0289855 0.0434783 0.0724638 0.101449 0.275362 0.289855 0.144928 0.0289855 0 0 0 0 0 0 

2208 2193 1602 98 0 0.729594 0 0 0 0 0 0 0 0 0 0 0 0 0 0 0 0 0 0 0 0.0147059 0.0294118 0.0588235 0.205882 0.235294 0.235294 0.147059 0.0441176 0.0294118 0 0 0 0 0 

