2272 2250 1602 97 0 0.711111 0 0 0 0 0 0 0 0 0 0 0 0 0 0 0 0 0 0.0142857 0.0428571 0.0142857 0.0714286 0.0857143 0.114286 0.342857 0.1 0.157143 0.0428571 0.0142857 0 0 0 0 0 

2208 2191 1602 95 0 0.73026 0 0 0 0 0 0 0 0 0 0 0 0 0 0 0 0 0 0 0 0 0 0.0882353 0.176471 0.308824 0.220588 0.147059 0.0588235 0 0 0 0 0 0 

2208 2191 1602 93 0 0.73026 0 0 0 0 0 0 0 0 0 0 0 0 0 0 0 0 0 0 0.0147059 0.0147059 0.0441176 0.0882353 0.0735294 0.279412 0.205882 0.191176 0.0882353 0 0 0 0 0 0 

2272 2246 1603 102 0 0.712378 0 0 0 0 0 0 0 0 0 0 0 0 0 0 0 0 0 0 0.0142857 0.0285714 0.0428571 0.1 0.257143 0.242857 0.114286 0.128571 0.0714286 0 0 0 0 0 0 

2240 2211 1602 97 0 0.723654 0 0 0 0 0 0 0 0 0 0 0 0 0 0 0 0 0 0 0 0.0289855 0.0289855 0.0724638 0.173913 0.289855 0.231884 0.0869565 0.057971 0.0289855 0 0 0 0 0 

2208 2202 1602 87 0 0.726612 0 0 0 0 0 0 0 0 0 0 0 0 0 0 0 0 0 0 0.0147059 0 0.0294118 0.147059 0.161765 0.25 0.132353 0.147059 0.102941 0.0147059 0 0 0 0 0 

2176 2165 1602 95 0 0.73903 0 0 0 0 0 0 0 0 0 0 0 0 0 0 0 0 0 0 0 0.0149254 0.0298507 0.0597015 0.134328 0.164179 0.313433 0.19403 0.0746269 0 0.0149254 0 0 0 0 

2208 2202 1600 93 0 0.726612 0 0 0 0 0 0 0 0 0 0 0 0 0 0 0 0 0 0 0 0 0.0147059 0.147059 0.132353 0.264706 0.294118 0.117647 0.0147059 0 0.0147059 0 0 0 0 

2208 2202 1601 94 0 0.726612 0 0 0 0 0 0 0 0 0 0 0 0 0 0 0 0 0 0.0147059 0 0.0294118 0.0735294 0.0441176 0.176471 0.176471 0.279412 0.0735294 0.0882353 0.0441176 0 0 0 0 0 

2208 2197 1602 98 0 0.728266 0 0 0 0 0 0 0 0 0 0 0 0 0 0 0 0 0 0 0 0.0147059 0.0441176 0.102941 0.161765 0.205882 0.264706 0.0882353 0.102941 0.0147059 0 0 0 0 0 

