2240 2234 1600 93 0 0.716204 0 0 0 0 0 0 0 0 0 0 0 0 0 0 0 0 0 0 0 0 0.0869565 0.188406 0.101449 0.246377 0.217391 0.115942 0.0434783 0 0 0 0 0 0 

2240 2214 1603 107 0 0.722674 0 0 0 0 0 0 0 0 0 0 0 0 0 0 0 0 0 0 0.0144928 0.0144928 0.0724638 0.0869565 0.15942 0.217391 0.188406 0.144928 0.057971 0.0434783 0 0 0 0 0 

2208 2201 1601 98 0 0.726942 0 0 0 0 0 0 0 0 0 0 0 0 0 0 0 0 0 0 0 0.0294118 0.0588235 0.117647 0.132353 0.147059 0.294118 0.117647 0.0882353 0.0147059 0 0 0 0 0 

2208 2189 1602 92 0 0.730927 0 0 0 0 0 0 0 0 0 0 0 0 0 0 0 0 0 0 0 0.0147059 0 0.0882353 0.205882 0.235294 0.235294 0.102941 0.102941 0.0147059 0 0 0 0 0 

2208 2193 1602 90 0 0.729594 0 0 0 0 0 0 0 0 0 0 0 0 0 0 0 0 0 0.0147059 0 0 0 0.117647 0.205882 0.176471 0.279412 0.0882353 0.0882353 0.0294118 0 0 0 0 0 

2240 2212 1602 91 0 0.723327 0 0 0 0 0 0 0 0 0 0 0 0 0 0 0 0 0 0 0 0.0289855 0.0434783 0.0144928 0.26087 0.26087 0.188406 0.130435 0.0434783 0.0289855 0 0 0 0 0 

2240 2225 1603 106 0 0.719101 0 0 0 0 0 0 0 0 0 0 0 0 0 0 0 0 0 0 0.0289855 0.0434783 0.0434783 0.0869565 0.173913 0.188406 0.217391 0.130435 0.057971 0.0144928 0.0144928 0 0 0 0 

2208 2196 1602 91 0 0.728597 0 0 0 0 0 0 0 0 0 0 0 0 0 0 0 0 0 0.0147059 0 0.0294118 0.0147059 0.102941 0.132353 0.235294 0.161765 0.235294 0.0735294 0 0 0 0 0 0 

2208 2196 1602 96 0 0.728597 0 0 0 0 0 0 0 0 0 0 0 0 0 0 0 0 0 0 0 0 0.0294118 0.147059 0.176471 0.205882 0.176471 0.176471 0.0588235 0.0294118 0 0 0 0 0 

2176 2168 1600 91 0 0.738007 0 0 0 0 0 0 0 0 0 0 0 0 0 0 0 0 0 0 0 0 0.0149254 0.0746269 0.149254 0.253731 0.223881 0.223881 0.0149254 0.0447761 0 0 0 0 0 

