2208 2182 1602 96 0 0.733272 0 0 0 0 0 0 0 0 0 0 0 0 0 0 0 0 0 0 0.0147059 0.0147059 0.0294118 0.0735294 0.132353 0.176471 0.25 0.235294 0.0588235 0 0.0147059 0 0 0 0 

2240 2224 1602 97 0 0.719424 0 0 0 0 0 0 0 0 0 0 0 0 0 0 0 0 0.0144928 0 0 0.0434783 0.057971 0.0724638 0.15942 0.246377 0.15942 0.188406 0.0434783 0 0.0144928 0 0 0 0 

2240 2223 1603 100 0 0.719748 0 0 0 0 0 0 0 0 0 0 0 0 0 0 0 0 0 0 0 0.0434783 0.0724638 0.0869565 0.144928 0.26087 0.173913 0.115942 0.0869565 0.0144928 0 0 0 0 0 

2240 2229 1603 102 0 0.717811 0 0 0 0 0 0 0 0 0 0 0 0 0 0 0 0 0 0 0.0144928 0 0.0144928 0.130435 0.202899 0.333333 0.15942 0.101449 0.0289855 0.0144928 0 0 0 0 0 

2208 2189 1602 84 0 0.730927 0 0 0 0 0 0 0 0 0 0 0 0 0 0 0 0 0 0 0 0.0147059 0.0441176 0.0588235 0.176471 0.191176 0.235294 0.220588 0.0588235 0 0 0 0 0 0 

2240 2228 1602 91 0 0.718133 0 0 0 0 0 0 0 0 0 0 0 0 0 0 0 0 0 0 0.0144928 0 0.0434783 0.130435 0.217391 0.217391 0.202899 0.130435 0.0289855 0.0144928 0 0 0 0 0 

2208 2190 1602 89 0 0.730594 0 0 0 0 0 0 0 0 0 0 0 0 0 0 0 0 0.0147059 0 0 0.0147059 0.0147059 0.0882353 0.191176 0.191176 0.205882 0.132353 0.132353 0.0147059 0 0 0 0 0 

2208 2185 1602 91 0 0.732265 0 0 0 0 0 0 0 0 0 0 0 0 0 0 0 0 0 0 0 0.0147059 0 0.0735294 0.220588 0.220588 0.279412 0.0882353 0.0294118 0.0588235 0.0147059 0 0 0 0 

2208 2200 1602 96 0 0.727273 0 0 0 0 0 0 0 0 0 0 0 0 0 0 0 0 0 0 0.0147059 0 0.0441176 0.0441176 0.147059 0.308824 0.323529 0.0441176 0.0588235 0.0147059 0 0 0 0 0 

2240 2223 1603 107 0 0.719748 0 0 0 0 0 0 0 0 0 0 0 0 0 0 0 0 0 0 0.0144928 0.0144928 0.057971 0.115942 0.173913 0.144928 0.304348 0.101449 0.0724638 0 0 0 0 0 0 

