2208 2198 1602 90 0 0.727934 0 0 0 0 0 0 0 0 0 0 0 0 0 0 0 0 0 0 0.0147059 0 0.0735294 0.0735294 0.147059 0.220588 0.205882 0.176471 0.0882353 0 0 0 0 0 0 

2240 2220 1602 92 0 0.720721 0 0 0 0 0 0 0 0 0 0 0 0 0 0 0 0 0 0 0.0289855 0.0144928 0.0724638 0.0724638 0.115942 0.289855 0.15942 0.173913 0.0724638 0 0 0 0 0 0 

2240 2222 1602 96 0 0.720072 0 0 0 0 0 0 0 0 0 0 0 0 0 0 0 0 0.0144928 0.0144928 0 0.0144928 0.0289855 0.0434783 0.202899 0.289855 0.202899 0.130435 0.057971 0 0 0 0 0 0 

2208 2185 1602 98 0 0.732265 0 0 0 0 0 0 0 0 0 0 0 0 0 0 0 0 0 0 0 0.0147059 0.0588235 0.0441176 0.161765 0.191176 0.191176 0.294118 0.0441176 0 0 0 0 0 0 

2176 2165 1602 89 0 0.73903 0 0 0 0 0 0 0 0 0 0 0 0 0 0 0 0 0 0 0 0 0.0149254 0.104478 0.134328 0.208955 0.238806 0.149254 0.149254 0 0 0 0 0 0 

2208 2181 1603 99 0 0.733608 0 0 0 0 0 0 0 0 0 0 0 0 0 0 0 0 0 0 0 0 0.0441176 0.0735294 0.147059 0.25 0.191176 0.176471 0.0882353 0.0294118 0 0 0 0 0 

2240 2225 1602 92 0 0.719101 0 0 0 0 0 0 0 0 0 0 0 0 0 0 0 0 0 0 0.0144928 0.0144928 0.0724638 0.115942 0.144928 0.217391 0.217391 0.130435 0.0724638 0 0 0 0 0 0 

2240 2213 1602 95 0 0.723 0 0 0 0 0 0 0 0 0 0 0 0 0 0 0 0 0 0 0.0144928 0.0144928 0.0289855 0.0724638 0.115942 0.347826 0.231884 0.130435 0.0434783 0 0 0 0 0 0 

2240 2226 1602 94 0 0.718778 0 0 0 0 0 0 0 0 0 0 0 0 0 0 0 0 0 0 0.0289855 0 0.0289855 0.144928 0.188406 0.202899 0.202899 0.144928 0.057971 0 0 0 0 0 0 

2208 2192 1601 79 0 0.729927 0 0 0 0 0 0 0 0 0 0 0 0 0 0 0 0 0 0 0 0.0147059 0.0441176 0.102941 0.132353 0.25 0.205882 0.147059 0.0735294 0.0294118 0 0 0 0 0 

