2208 2202 1600 104 0 0.726612 0 0 0 0 0 0 0 0 0 0 0 0 0 0 0 0 0 0.0147059 0.0147059 0 0.0441176 0.0882353 0.132353 0.294118 0.176471 0.147059 0.0441176 0.0294118 0.0147059 0 0 0 0 

2208 2179 1602 98 0 0.734282 0 0 0 0 0 0 0 0 0 0 0 0 0 0 0 0 0 0 0.0147059 0.0147059 0 0.0441176 0.147059 0.264706 0.25 0.161765 0.102941 0 0 0 0 0 0 

2208 2188 1602 92 0 0.731261 0 0 0 0 0 0 0 0 0 0 0 0 0 0 0 0 0 0 0 0.0147059 0.0147059 0.102941 0.132353 0.25 0.220588 0.205882 0.0441176 0.0147059 0 0 0 0 0 

2240 2220 1602 97 0 0.720721 0 0 0 0 0 0 0 0 0 0 0 0 0 0 0 0 0 0 0 0.0144928 0.0724638 0.144928 0.0869565 0.26087 0.188406 0.188406 0.0434783 0 0 0 0 0 0 

2240 2217 1602 96 0 0.721696 0 0 0 0 0 0 0 0 0 0 0 0 0 0 0 0 0 0 0 0 0.0724638 0.101449 0.188406 0.202899 0.217391 0.188406 0.0144928 0.0144928 0 0 0 0 0 

2208 2181 1602 92 0 0.733608 0 0 0 0 0 0 0 0 0 0 0 0 0 0 0 0 0 0 0.0147059 0 0.0294118 0.0441176 0.132353 0.279412 0.235294 0.176471 0.0735294 0.0147059 0 0 0 0 0 

2208 2194 1602 87 0 0.729262 0 0 0 0 0 0 0 0 0 0 0 0 0 0 0 0 0 0 0 0.0147059 0.0735294 0.0441176 0.220588 0.132353 0.308824 0.0735294 0.102941 0.0294118 0 0 0 0 0 

2208 2180 1603 102 0 0.733945 0 0 0 0 0 0 0 0 0 0 0 0 0 0 0 0 0 0 0 0 0.0588235 0.0588235 0.147059 0.235294 0.220588 0.147059 0.0882353 0.0441176 0 0 0 0 0 

2208 2181 1602 90 0 0.733608 0 0 0 0 0 0 0 0 0 0 0 0 0 0 0 0 0 0 0.0147059 0 0 0.0735294 0.176471 0.205882 0.279412 0.161765 0.0735294 0.0147059 0 0 0 0 0 

2208 2184 1602 95 0 0.732601 0 0 0 0 0 0 0 0 0 0 0 0 0 0 0 0 0 0 0 0.0147059 0.0441176 0.0735294 0.176471 0.132353 0.294118 0.147059 0.102941 0.0147059 0 0 0 0 0 

