2208 2184 1602 89 0 0.732601 0 0 0 0 0 0 0 0 0 0 0 0 0 0 0 0 0 0 0 0.0147059 0 0.0735294 0.191176 0.25 0.25 0.102941 0.0882353 0.0294118 0 0 0 0 0 

2208 2184 1602 95 0 0.732601 0 0 0 0 0 0 0 0 0 0 0 0 0 0 0 0 0 0 0.0294118 0.0147059 0.0147059 0.0735294 0.161765 0.161765 0.220588 0.191176 0.132353 0 0 0 0 0 0 

2240 2230 1601 96 0 0.717489 0 0 0 0 0 0 0 0 0 0 0 0 0 0 0 0 0.0144928 0 0 0.057971 0.0724638 0.115942 0.115942 0.15942 0.202899 0.188406 0.0724638 0 0 0 0 0 0 

2240 2230 1600 95 0 0.717489 0 0 0 0 0 0 0 0 0 0 0 0 0 0 0 0 0 0 0.0289855 0.0144928 0.0434783 0.0869565 0.246377 0.173913 0.202899 0.15942 0.0434783 0 0 0 0 0 0 

2208 2189 1602 95 0 0.730927 0 0 0 0 0 0 0 0 0 0 0 0 0 0 0 0 0 0 0.0147059 0.0147059 0.0147059 0.0882353 0.147059 0.176471 0.294118 0.176471 0.0735294 0 0 0 0 0 0 

2208 2202 1601 101 0 0.726612 0 0 0 0 0 0 0 0 0 0 0 0 0 0 0 0 0 0 0 0.0147059 0.0588235 0.0735294 0.205882 0.235294 0.147059 0.176471 0.0735294 0.0147059 0 0 0 0 0 

2208 2200 1602 91 0 0.727273 0 0 0 0 0 0 0 0 0 0 0 0 0 0 0 0 0 0 0 0.0441176 0.0441176 0.0441176 0.205882 0.191176 0.25 0.117647 0.0882353 0.0147059 0 0 0 0 0 

2208 2195 1602 94 0 0.728929 0 0 0 0 0 0 0 0 0 0 0 0 0 0 0 0 0 0 0 0.0147059 0.0588235 0.0882353 0.117647 0.25 0.205882 0.191176 0.0735294 0 0 0 0 0 0 

2240 2220 1603 103 0 0.720721 0 0 0 0 0 0 0 0 0 0 0 0 0 0 0 0 0.0144928 0 0.0144928 0.0434783 0.0434783 0.0724638 0.202899 0.115942 0.202899 0.217391 0.0434783 0.0289855 0 0 0 0 0 

2272 2244 1602 96 0 0.713012 0 0 0 0 0 0 0 0 0 0 0 0 0 0 0 0 0 0 0.0142857 0.0142857 0.0571429 0.0571429 0.3 0.214286 0.2 0.1 0.0285714 0.0142857 0 0 0 0 0 

