2176 2171 1601 93 0 0.736988 0 0 0 0 0 0 0 0 0 0 0 0 0 0 0 0 0 0 0 0 0.0597015 0.0597015 0.149254 0.223881 0.223881 0.164179 0.0746269 0.0447761 0 0 0 0 0 

2240 2220 1602 97 0 0.720721 0 0 0 0 0 0 0 0 0 0 0 0 0 0 0 0 0 0 0.0144928 0 0.0724638 0.057971 0.246377 0.202899 0.188406 0.15942 0.0434783 0.0144928 0 0 0 0 0 

2208 2191 1602 92 0 0.73026 0 0 0 0 0 0 0 0 0 0 0 0 0 0 0 0 0 0 0.0147059 0.0147059 0.0735294 0.0294118 0.132353 0.235294 0.220588 0.176471 0.102941 0 0 0 0 0 0 

2176 2163 1602 95 0 0.739713 0 0 0 0 0 0 0 0 0 0 0 0 0 0 0 0 0 0 0 0.0149254 0.0597015 0 0.179104 0.19403 0.179104 0.268657 0.0895522 0.0149254 0 0 0 0 0 

2176 2162 1602 86 0 0.740056 0 0 0 0 0 0 0 0 0 0 0 0 0 0 0 0 0 0.0149254 0 0 0 0.0597015 0.164179 0.223881 0.223881 0.179104 0.104478 0.0298507 0 0 0 0 0 

2208 2197 1602 93 0 0.728266 0 0 0 0 0 0 0 0 0 0 0 0 0 0 0 0 0 0 0 0.0147059 0.0294118 0.132353 0.161765 0.264706 0.102941 0.205882 0.0588235 0.0147059 0.0147059 0 0 0 0 

2208 2201 1600 89 0 0.726942 0 0 0 0 0 0 0 0 0 0 0 0 0 0 0 0 0 0 0 0.0147059 0.0294118 0.0588235 0.191176 0.279412 0.279412 0.0882353 0.0441176 0.0147059 0 0 0 0 0 

2240 2217 1602 98 0 0.721696 0 0 0 0 0 0 0 0 0 0 0 0 0 0 0 0 0 0 0.0144928 0.0144928 0.0289855 0.144928 0.130435 0.304348 0.144928 0.101449 0.0869565 0.0289855 0 0 0 0 0 

2208 2193 1602 92 0 0.729594 0 0 0 0 0 0 0 0 0 0 0 0 0 0 0 0 0 0 0 0.0294118 0 0.117647 0.147059 0.220588 0.235294 0.191176 0.0441176 0.0147059 0 0 0 0 0 

2208 2180 1602 98 0 0.733945 0 0 0 0 0 0 0 0 0 0 0 0 0 0 0 0 0 0 0 0 0.0147059 0.117647 0.147059 0.205882 0.205882 0.220588 0.0735294 0.0147059 0 0 0 0 0 

