2208 2183 1602 90 0 0.732936 0 0 0 0 0 0 0 0 0 0 0 0 0 0 0 0 0 0 0 0 0.0294118 0.0588235 0.132353 0.308824 0.25 0.117647 0.102941 0 0 0 0 0 0 

2208 2180 1602 92 0 0.733945 0 0 0 0 0 0 0 0 0 0 0 0 0 0 0 0 0 0 0 0 0.0441176 0.0441176 0.220588 0.220588 0.161765 0.191176 0.0735294 0.0441176 0 0 0 0 0 

2208 2192 1602 96 0 0.729927 0 0 0 0 0 0 0 0 0 0 0 0 0 0 0 0 0 0 0 0 0.0588235 0.0882353 0.176471 0.176471 0.205882 0.25 0.0294118 0.0147059 0 0 0 0 0 

2176 2155 1602 81 0 0.742459 0 0 0 0 0 0 0 0 0 0 0 0 0 0 0 0 0 0 0 0.0149254 0.0298507 0.0298507 0.149254 0.19403 0.238806 0.19403 0.119403 0.0298507 0 0 0 0 0 

2208 2197 1603 100 0 0.728266 0 0 0 0 0 0 0 0 0 0 0 0 0 0 0 0 0 0 0.0147059 0.0588235 0.0147059 0.0882353 0.132353 0.161765 0.264706 0.132353 0.132353 0 0 0 0 0 0 

2208 2191 1603 101 0 0.73026 0 0 0 0 0 0 0 0 0 0 0 0 0 0 0 0 0 0 0 0.0147059 0.0147059 0.147059 0.161765 0.205882 0.161765 0.176471 0.0735294 0.0441176 0 0 0 0 0 

2208 2198 1603 99 0 0.727934 0 0 0 0 0 0 0 0 0 0 0 0 0 0 0 0 0 0 0 0.0147059 0.0294118 0.102941 0.161765 0.264706 0.176471 0.176471 0.0588235 0.0147059 0 0 0 0 0 

2208 2181 1602 96 0 0.733608 0 0 0 0 0 0 0 0 0 0 0 0 0 0 0 0 0 0 0 0 0.0588235 0.0294118 0.176471 0.279412 0.161765 0.191176 0.0735294 0.0147059 0.0147059 0 0 0 0 

2208 2188 1603 104 0 0.731261 0 0 0 0 0 0 0 0 0 0 0 0 0 0 0 0 0 0 0 0.0147059 0.0588235 0.102941 0.132353 0.176471 0.235294 0.176471 0.0588235 0.0294118 0 0.0147059 0 0 0 

2240 2217 1603 103 0 0.721696 0 0 0 0 0 0 0 0 0 0 0 0 0 0 0 0 0 0 0.0144928 0.0144928 0.057971 0.0724638 0.101449 0.333333 0.231884 0.115942 0.0434783 0.0144928 0 0 0 0 0 

