2240 2218 1602 96 0 0.721371 0 0 0 0 0 0 0 0 0 0 0 0 0 0 0 0 0 0 0.0144928 0.0289855 0.0289855 0.130435 0.144928 0.202899 0.246377 0.115942 0.0724638 0.0144928 0 0 0 0 0 

2208 2194 1603 100 0 0.729262 0 0 0 0 0 0 0 0 0 0 0 0 0 0 0 0 0 0 0.0147059 0.0147059 0.0441176 0.0882353 0.132353 0.235294 0.191176 0.161765 0.102941 0.0147059 0 0 0 0 0 

2240 2213 1602 98 0 0.723 0 0 0 0 0 0 0 0 0 0 0 0 0 0 0 0 0 0 0.0289855 0 0.0289855 0.0869565 0.144928 0.289855 0.231884 0.130435 0.0289855 0.0289855 0 0 0 0 0 

2208 2195 1602 93 0 0.728929 0 0 0 0 0 0 0 0 0 0 0 0 0 0 0 0 0 0 0 0.0294118 0.0147059 0.0882353 0.191176 0.161765 0.294118 0.161765 0.0441176 0.0147059 0 0 0 0 0 

2208 2187 1602 85 0 0.731596 0 0 0 0 0 0 0 0 0 0 0 0 0 0 0 0 0 0 0 0 0.0294118 0.117647 0.147059 0.25 0.132353 0.235294 0.0882353 0 0 0 0 0 0 

2208 2191 1602 91 0 0.73026 0 0 0 0 0 0 0 0 0 0 0 0 0 0 0 0 0 0 0 0 0.0147059 0.117647 0.176471 0.220588 0.235294 0.147059 0.0882353 0 0 0 0 0 0 

2208 2196 1602 96 0 0.728597 0 0 0 0 0 0 0 0 0 0 0 0 0 0 0 0 0 0 0.0147059 0.0294118 0.0147059 0.0882353 0.117647 0.279412 0.25 0.117647 0.0588235 0.0147059 0.0147059 0 0 0 0 

2240 2221 1602 88 0 0.720396 0 0 0 0 0 0 0 0 0 0 0 0 0 0 0 0 0 0 0 0.0144928 0.0724638 0.101449 0.246377 0.188406 0.130435 0.144928 0.0724638 0.0289855 0 0 0 0 0 

2240 2219 1602 87 0 0.721045 0 0 0 0 0 0 0 0 0 0 0 0 0 0 0 0 0 0 0.0144928 0.0144928 0.0434783 0.0724638 0.246377 0.217391 0.202899 0.115942 0.0144928 0.057971 0 0 0 0 0 

2240 2213 1603 100 0 0.723 0 0 0 0 0 0 0 0 0 0 0 0 0 0 0 0 0 0 0 0.0144928 0.0434783 0.0869565 0.15942 0.289855 0.217391 0.115942 0.057971 0.0144928 0 0 0 0 0 

