2272 2248 1602 95 0 0.711744 0 0 0 0 0 0 0 0 0 0 0 0 0 0 0 0 0 0 0.0285714 0.0142857 0.0714286 0.157143 0.0714286 0.314286 0.214286 0.0428571 0.0714286 0.0142857 0 0 0 0 0 

2240 2214 1603 105 0 0.722674 0 0 0 0 0 0 0 0 0 0 0 0 0 0 0 0 0 0 0 0.0289855 0.0724638 0.101449 0.144928 0.173913 0.246377 0.144928 0.057971 0.0289855 0 0 0 0 0 

2240 2231 1603 102 0 0.717167 0 0 0 0 0 0 0 0 0 0 0 0 0 0 0 0 0 0 0.0144928 0.0289855 0.057971 0.115942 0.202899 0.15942 0.246377 0.0869565 0.0724638 0.0144928 0 0 0 0 0 

2208 2195 1602 92 0 0.728929 0 0 0 0 0 0 0 0 0 0 0 0 0 0 0 0 0 0 0 0.0441176 0.0294118 0.0588235 0.132353 0.235294 0.279412 0.147059 0.0735294 0 0 0 0 0 0 

2208 2192 1603 100 0 0.729927 0 0 0 0 0 0 0 0 0 0 0 0 0 0 0 0 0 0 0.0147059 0.0147059 0.0294118 0.0294118 0.176471 0.25 0.25 0.176471 0.0441176 0.0147059 0 0 0 0 0 

2240 2221 1603 101 0 0.720396 0 0 0 0 0 0 0 0 0 0 0 0 0 0 0 0 0 0.0144928 0.0144928 0.0144928 0.0434783 0.057971 0.15942 0.275362 0.231884 0.130435 0.057971 0 0 0 0 0 0 

2208 2196 1602 89 0 0.728597 0 0 0 0 0 0 0 0 0 0 0 0 0 0 0 0 0 0.0294118 0 0.0147059 0.0294118 0.102941 0.147059 0.147059 0.279412 0.117647 0.102941 0.0294118 0 0 0 0 0 

2208 2189 1602 92 0 0.730927 0 0 0 0 0 0 0 0 0 0 0 0 0 0 0 0 0 0 0.0294118 0.0294118 0.0294118 0.0147059 0.147059 0.220588 0.294118 0.147059 0.0588235 0.0147059 0.0147059 0 0 0 0 

2208 2200 1602 93 0 0.727273 0 0 0 0 0 0 0 0 0 0 0 0 0 0 0 0 0 0 0.0147059 0.0147059 0 0.117647 0.132353 0.308824 0.205882 0.147059 0.0441176 0 0.0147059 0 0 0 0 

2240 2218 1602 94 0 0.721371 0 0 0 0 0 0 0 0 0 0 0 0 0 0 0 0 0 0 0 0.0434783 0.0289855 0.101449 0.115942 0.304348 0.202899 0.15942 0.0434783 0 0 0 0 0 0 

