2208 2186 1603 99 0 0.73193 0 0 0 0 0 0 0 0 0 0 0 0 0 0 0 0 0 0 0 0.0147059 0 0.0882353 0.147059 0.308824 0.205882 0.132353 0.0735294 0.0294118 0 0 0 0 0 

2208 2180 1602 95 0 0.733945 0 0 0 0 0 0 0 0 0 0 0 0 0 0 0 0 0 0 0.0147059 0.0294118 0.0147059 0.0441176 0.147059 0.220588 0.220588 0.205882 0.0735294 0.0294118 0 0 0 0 0 

2272 2245 1602 97 0 0.712695 0 0 0 0 0 0 0 0 0 0 0 0 0 0 0 0 0 0 0.0428571 0.0285714 0.0428571 0.1 0.142857 0.285714 0.185714 0.114286 0.0285714 0.0285714 0 0 0 0 0 

2208 2201 1601 97 0 0.726942 0 0 0 0 0 0 0 0 0 0 0 0 0 0 0 0 0 0 0 0.0147059 0.0441176 0.132353 0.147059 0.205882 0.220588 0.147059 0.0735294 0.0147059 0 0 0 0 0 

2240 2214 1602 94 0 0.722674 0 0 0 0 0 0 0 0 0 0 0 0 0 0 0 0 0 0 0 0 0.0869565 0.115942 0.144928 0.217391 0.246377 0.101449 0.0289855 0.057971 0 0 0 0 0 

2208 2198 1600 95 0 0.727934 0 0 0 0 0 0 0 0 0 0 0 0 0 0 0 0 0 0 0 0 0.0588235 0.0735294 0.176471 0.25 0.235294 0.147059 0.0441176 0 0.0147059 0 0 0 0 

2240 2231 1600 94 0 0.717167 0 0 0 0 0 0 0 0 0 0 0 0 0 0 0 0 0 0 0 0.0434783 0.0289855 0.173913 0.15942 0.217391 0.144928 0.188406 0.0434783 0 0 0 0 0 0 

2240 2215 1602 91 0 0.722348 0 0 0 0 0 0 0 0 0 0 0 0 0 0 0 0 0 0 0 0.0144928 0.0144928 0.144928 0.188406 0.217391 0.188406 0.188406 0.0434783 0 0 0 0 0 0 

2208 2203 1600 88 0 0.726282 0 0 0 0 0 0 0 0 0 0 0 0 0 0 0 0 0 0 0 0 0.0588235 0.161765 0.117647 0.191176 0.220588 0.191176 0.0588235 0 0 0 0 0 0 

2240 2231 1603 101 0 0.717167 0 0 0 0 0 0 0 0 0 0 0 0 0 0 0 0 0.0144928 0 0.0144928 0.0144928 0.0724638 0.0724638 0.188406 0.231884 0.202899 0.130435 0.0289855 0.0144928 0.0144928 0 0 0 0 

