2240 2229 1603 99 0 0.717811 0 0 0 0 0 0 0 0 0 0 0 0 0 0 0 0 0 0.0144928 0.0144928 0 0.115942 0.0724638 0.115942 0.202899 0.289855 0.130435 0.0289855 0.0144928 0 0 0 0 0 

2208 2195 1602 91 0 0.728929 0 0 0 0 0 0 0 0 0 0 0 0 0 0 0 0 0 0 0 0.0147059 0.0441176 0.102941 0.102941 0.264706 0.279412 0.102941 0.0588235 0.0294118 0 0 0 0 0 

2208 2195 1602 94 0 0.728929 0 0 0 0 0 0 0 0 0 0 0 0 0 0 0 0 0 0 0 0.0147059 0.0588235 0.0441176 0.191176 0.205882 0.308824 0.0735294 0.0735294 0.0294118 0 0 0 0 0 

2240 2211 1602 91 0 0.723654 0 0 0 0 0 0 0 0 0 0 0 0 0 0 0 0 0 0.0144928 0 0.0144928 0.057971 0.0869565 0.202899 0.130435 0.26087 0.130435 0.057971 0.0434783 0 0 0 0 0 

2240 2219 1602 89 0 0.721045 0 0 0 0 0 0 0 0 0 0 0 0 0 0 0 0 0 0 0.0144928 0.0144928 0.057971 0.0724638 0.15942 0.231884 0.26087 0.15942 0.0289855 0 0 0 0 0 0 

2240 2231 1603 103 0 0.717167 0 0 0 0 0 0 0 0 0 0 0 0 0 0 0 0 0 0 0.0144928 0.0144928 0.057971 0.0869565 0.26087 0.275362 0.0724638 0.101449 0.101449 0.0144928 0 0 0 0 0 

2208 2190 1602 85 0 0.730594 0 0 0 0 0 0 0 0 0 0 0 0 0 0 0 0 0 0 0.0147059 0.0147059 0.0294118 0.0882353 0.205882 0.132353 0.220588 0.161765 0.117647 0.0147059 0 0 0 0 0 

2176 2170 1600 96 0 0.737327 0 0 0 0 0 0 0 0 0 0 0 0 0 0 0 0 0 0 0 0.0149254 0.0298507 0.104478 0.119403 0.179104 0.223881 0.223881 0.0895522 0.0149254 0 0 0 0 0 

2240 2216 1602 96 0 0.722022 0 0 0 0 0 0 0 0 0 0 0 0 0 0 0 0 0 0.0144928 0 0.0144928 0.0289855 0.057971 0.217391 0.217391 0.246377 0.188406 0.0144928 0 0 0 0 0 0 

2240 2223 1602 93 0 0.719748 0 0 0 0 0 0 0 0 0 0 0 0 0 0 0 0 0 0 0.0144928 0.0144928 0.0434783 0.0869565 0.202899 0.246377 0.202899 0.130435 0.057971 0 0 0 0 0 0 

