2208 2196 1600 80 0 0.728597 0 0 0 0 0 0 0 0 0 0 0 0 0 0 0 0 0 0 0 0.0294118 0.0882353 0.0588235 0.117647 0.25 0.191176 0.147059 0.0882353 0.0294118 0 0 0 0 0 

2240 2217 1602 91 0 0.721696 0 0 0 0 0 0 0 0 0 0 0 0 0 0 0 0 0 0 0.0144928 0.0289855 0.0434783 0.0724638 0.15942 0.275362 0.202899 0.115942 0.0724638 0.0144928 0 0 0 0 0 

2208 2189 1602 96 0 0.730927 0 0 0 0 0 0 0 0 0 0 0 0 0 0 0 0 0 0 0 0.0294118 0.0147059 0.117647 0.102941 0.235294 0.235294 0.161765 0.102941 0 0 0 0 0 0 

2240 2223 1602 93 0 0.719748 0 0 0 0 0 0 0 0 0 0 0 0 0 0 0 0 0 0 0 0.0144928 0.057971 0.0869565 0.26087 0.188406 0.217391 0.101449 0.0434783 0.0289855 0 0 0 0 0 

2240 2223 1602 94 0 0.719748 0 0 0 0 0 0 0 0 0 0 0 0 0 0 0 0 0 0 0.0144928 0.0144928 0.057971 0.115942 0.202899 0.173913 0.217391 0.115942 0.057971 0.0289855 0 0 0 0 0 

2208 2187 1602 92 0 0.731596 0 0 0 0 0 0 0 0 0 0 0 0 0 0 0 0 0 0 0 0.0147059 0.0441176 0.0882353 0.161765 0.147059 0.25 0.220588 0.0588235 0.0147059 0 0 0 0 0 

2272 2248 1602 98 0 0.711744 0 0 0 0 0 0 0 0 0 0 0 0 0 0 0 0 0 0 0.0285714 0.0428571 0.0428571 0.128571 0.171429 0.214286 0.128571 0.214286 0.0285714 0 0 0 0 0 0 

2176 2169 1602 89 0 0.737667 0 0 0 0 0 0 0 0 0 0 0 0 0 0 0 0 0 0 0.0149254 0.0149254 0.0597015 0.0597015 0.0447761 0.253731 0.223881 0.238806 0.0597015 0.0149254 0.0149254 0 0 0 0 

2240 2212 1603 99 0 0.723327 0 0 0 0 0 0 0 0 0 0 0 0 0 0 0 0.0144928 0 0 0.0144928 0 0.0289855 0.115942 0.115942 0.188406 0.333333 0.101449 0.0869565 0 0 0 0 0 0 

2208 2203 1600 98 0 0.726282 0 0 0 0 0 0 0 0 0 0 0 0 0 0 0 0 0 0 0 0.0147059 0.0588235 0.0882353 0.161765 0.220588 0.279412 0.117647 0.0147059 0.0441176 0 0 0 0 0 

