2208 2184 1602 94 0 0.732601 0 0 0 0 0 0 0 0 0 0 0 0 0 0 0 0 0 0 0 0.0147059 0.0147059 0.102941 0.161765 0.191176 0.205882 0.220588 0.0882353 0 0 0 0 0 0 

2208 2190 1602 86 0 0.730594 0 0 0 0 0 0 0 0 0 0 0 0 0 0 0 0 0 0 0.0147059 0.0294118 0.0294118 0.132353 0.102941 0.132353 0.279412 0.176471 0.0588235 0.0294118 0.0147059 0 0 0 0 

2240 2214 1602 95 0 0.722674 0 0 0 0 0 0 0 0 0 0 0 0 0 0 0 0 0 0.0144928 0.0289855 0 0.0434783 0.0434783 0.217391 0.173913 0.246377 0.144928 0.0869565 0 0 0 0 0 0 

2208 2184 1602 92 0 0.732601 0 0 0 0 0 0 0 0 0 0 0 0 0 0 0 0 0 0 0 0 0.0294118 0.0441176 0.235294 0.176471 0.25 0.205882 0.0441176 0.0147059 0 0 0 0 0 

2208 2197 1602 93 0 0.728266 0 0 0 0 0 0 0 0 0 0 0 0 0 0 0 0 0 0.0294118 0 0 0.0147059 0.102941 0.220588 0.161765 0.132353 0.264706 0.0588235 0.0147059 0 0 0 0 0 

2208 2199 1600 89 0 0.727603 0 0 0 0 0 0 0 0 0 0 0 0 0 0 0 0 0 0.0147059 0 0.0147059 0.0147059 0.0588235 0.235294 0.235294 0.147059 0.220588 0.0588235 0 0 0 0 0 0 

2208 2193 1603 99 0 0.729594 0 0 0 0 0 0 0 0 0 0 0 0 0 0 0 0 0 0 0 0.0294118 0.0441176 0.117647 0.117647 0.132353 0.323529 0.132353 0.0735294 0.0294118 0 0 0 0 0 

2240 2213 1602 89 0 0.723 0 0 0 0 0 0 0 0 0 0 0 0 0 0 0 0 0 0 0 0 0.0434783 0.0724638 0.144928 0.318841 0.289855 0.115942 0.0144928 0 0 0 0 0 0 

2240 2219 1603 103 0 0.721045 0 0 0 0 0 0 0 0 0 0 0 0 0 0 0 0 0 0 0.0289855 0 0.0434783 0.115942 0.115942 0.188406 0.347826 0.130435 0.0289855 0 0 0 0 0 0 

2208 2194 1602 96 0 0.729262 0 0 0 0 0 0 0 0 0 0 0 0 0 0 0 0 0 0 0.0294118 0 0.0588235 0.0882353 0.117647 0.161765 0.264706 0.220588 0.0294118 0.0294118 0 0 0 0 0 

