2208 2183 1603 104 0 0.732936 0 0 0 0 0 0 0 0 0 0 0 0 0 0 0 0 0 0 0.0147059 0.0147059 0.0588235 0.0735294 0.0882353 0.25 0.161765 0.220588 0.0588235 0.0588235 0 0 0 0 0 

2208 2197 1603 99 0 0.728266 0 0 0 0 0 0 0 0 0 0 0 0 0 0 0 0 0 0 0 0.0147059 0.0441176 0.0735294 0.117647 0.235294 0.352941 0.117647 0.0441176 0 0 0 0 0 0 

2208 2186 1602 95 0 0.73193 0 0 0 0 0 0 0 0 0 0 0 0 0 0 0 0 0 0 0 0.0147059 0.0147059 0.117647 0.117647 0.264706 0.161765 0.220588 0.0882353 0 0 0 0 0 0 

2176 2162 1602 86 0 0.740056 0 0 0 0 0 0 0 0 0 0 0 0 0 0 0 0 0 0 0 0.0149254 0.0447761 0.0895522 0.119403 0.149254 0.238806 0.164179 0.149254 0.0298507 0 0 0 0 0 

2208 2185 1602 96 0 0.732265 0 0 0 0 0 0 0 0 0 0 0 0 0 0 0 0 0 0 0 0.0147059 0.0147059 0.102941 0.147059 0.220588 0.264706 0.132353 0.0735294 0.0147059 0.0147059 0 0 0 0 

2176 2170 1602 93 0 0.737327 0 0 0 0 0 0 0 0 0 0 0 0 0 0 0 0 0 0.0149254 0 0.0149254 0 0.0895522 0.0895522 0.268657 0.298507 0.0895522 0.0895522 0.0298507 0.0149254 0 0 0 0 

2272 2245 1602 97 0 0.712695 0 0 0 0 0 0 0 0 0 0 0 0 0 0 0 0 0 0.0285714 0.0142857 0.0142857 0.0714286 0.0714286 0.214286 0.157143 0.228571 0.157143 0.0285714 0.0142857 0 0 0 0 0 

2240 2216 1602 93 0 0.722022 0 0 0 0 0 0 0 0 0 0 0 0 0 0 0 0 0 0 0 0.0144928 0.0724638 0.0869565 0.144928 0.26087 0.202899 0.15942 0.057971 0 0 0 0 0 0 

2240 2218 1602 94 0 0.721371 0 0 0 0 0 0 0 0 0 0 0 0 0 0 0 0 0 0 0.0289855 0 0.0289855 0.15942 0.144928 0.202899 0.15942 0.217391 0.057971 0 0 0 0 0 0 

2208 2198 1602 93 0 0.727934 0 0 0 0 0 0 0 0 0 0 0 0 0 0 0 0 0 0 0 0.0147059 0.0588235 0.102941 0.0882353 0.25 0.25 0.205882 0.0147059 0.0147059 0 0 0 0 0 

