2240 2219 1602 90 0 0.721045 0 0 0 0 0 0 0 0 0 0 0 0 0 0 0 0 0 0 0.0144928 0.0289855 0.0289855 0.101449 0.188406 0.15942 0.304348 0.101449 0.0724638 0 0 0 0 0 0 

2240 2214 1603 99 0 0.722674 0 0 0 0 0 0 0 0 0 0 0 0 0 0 0 0 0 0.0144928 0 0 0.101449 0.0724638 0.173913 0.231884 0.173913 0.0724638 0.115942 0.0289855 0.0144928 0 0 0 0 

2240 2211 1602 92 0 0.723654 0 0 0 0 0 0 0 0 0 0 0 0 0 0 0 0 0 0 0 0 0.0724638 0.0869565 0.15942 0.217391 0.275362 0.115942 0.0724638 0 0 0 0 0 0 

2208 2195 1602 90 0 0.728929 0 0 0 0 0 0 0 0 0 0 0 0 0 0 0 0 0 0 0 0.0294118 0.0441176 0.0441176 0.161765 0.205882 0.338235 0.117647 0.0294118 0.0294118 0 0 0 0 0 

2208 2191 1602 89 0 0.73026 0 0 0 0 0 0 0 0 0 0 0 0 0 0 0 0 0 0 0 0 0.0735294 0.147059 0.0882353 0.176471 0.220588 0.176471 0.102941 0.0147059 0 0 0 0 0 

2240 2217 1602 90 0 0.721696 0 0 0 0 0 0 0 0 0 0 0 0 0 0 0 0 0 0 0.0144928 0 0.0144928 0.173913 0.231884 0.130435 0.15942 0.202899 0.0724638 0 0 0 0 0 0 

2176 2169 1601 83 0 0.737667 0 0 0 0 0 0 0 0 0 0 0 0 0 0 0 0 0 0 0.0149254 0 0.0149254 0.134328 0.0895522 0.208955 0.223881 0.179104 0.104478 0.0298507 0 0 0 0 0 

2208 2190 1602 91 0 0.730594 0 0 0 0 0 0 0 0 0 0 0 0 0 0 0 0 0 0 0 0 0.0294118 0.132353 0.147059 0.220588 0.147059 0.264706 0.0588235 0 0 0 0 0 0 

2208 2193 1602 89 0 0.729594 0 0 0 0 0 0 0 0 0 0 0 0 0 0 0 0 0 0 0 0 0.0294118 0.102941 0.147059 0.235294 0.264706 0.176471 0.0441176 0 0 0 0 0 0 

2208 2189 1602 98 0 0.730927 0 0 0 0 0 0 0 0 0 0 0 0 0 0 0 0 0 0 0 0.0147059 0.0294118 0.0735294 0.147059 0.235294 0.294118 0.132353 0.0441176 0.0294118 0 0 0 0 0 

