2208 2199 1602 92 0 0.727603 0 0 0 0 0 0 0 0 0 0 0 0 0 0 0 0 0 0 0 0.0147059 0.0294118 0.0735294 0.117647 0.338235 0.25 0.147059 0.0294118 0 0 0 0 0 0 

2240 2221 1603 101 0 0.720396 0 0 0 0 0 0 0 0 0 0 0 0 0 0 0 0 0 0 0 0.0144928 0.115942 0.115942 0.130435 0.173913 0.188406 0.173913 0.0724638 0.0144928 0 0 0 0 0 

2240 2212 1602 93 0 0.723327 0 0 0 0 0 0 0 0 0 0 0 0 0 0 0 0 0 0 0 0.0144928 0.057971 0.0724638 0.188406 0.231884 0.202899 0.173913 0.057971 0 0 0 0 0 0 

2272 2266 1601 105 0 0.70609 0 0 0 0 0 0 0 0 0 0 0 0 0 0 0 0 0 0.0142857 0.0142857 0.0142857 0.1 0.142857 0.2 0.2 0.157143 0.114286 0.0285714 0.0142857 0 0 0 0 0 

2240 2216 1602 88 0 0.722022 0 0 0 0 0 0 0 0 0 0 0 0 0 0 0 0 0 0 0 0.0144928 0.0289855 0.115942 0.202899 0.26087 0.15942 0.144928 0.057971 0.0144928 0 0 0 0 0 

2240 2216 1602 91 0 0.722022 0 0 0 0 0 0 0 0 0 0 0 0 0 0 0 0 0 0 0 0 0.0144928 0.15942 0.144928 0.26087 0.275362 0.101449 0.0434783 0 0 0 0 0 0 

2176 2160 1602 94 0 0.740741 0 0 0 0 0 0 0 0 0 0 0 0 0 0 0 0 0 0 0.0149254 0 0.0149254 0.104478 0.119403 0.164179 0.208955 0.238806 0.104478 0.0298507 0 0 0 0 0 

2208 2201 1600 89 0 0.726942 0 0 0 0 0 0 0 0 0 0 0 0 0 0 0 0 0 0 0 0.0147059 0.0147059 0.102941 0.220588 0.25 0.220588 0.0882353 0.0294118 0.0588235 0 0 0 0 0 

2208 2193 1602 96 0 0.729594 0 0 0 0 0 0 0 0 0 0 0 0 0 0 0 0 0 0 0 0.0294118 0.0294118 0.0735294 0.132353 0.279412 0.235294 0.132353 0.0588235 0.0294118 0 0 0 0 0 

2272 2248 1602 94 0 0.711744 0 0 0 0 0 0 0 0 0 0 0 0 0 0 0 0 0 0.0142857 0.0285714 0 0.0714286 0.0571429 0.185714 0.314286 0.185714 0.1 0.0428571 0 0 0 0 0 0 

