2272 2252 1602 93 0 0.71048 0 0 0 0 0 0 0 0 0 0 0 0 0 0 0 0 0 0.0142857 0.0142857 0.0285714 0.0571429 0.1 0.214286 0.257143 0.142857 0.114286 0.0285714 0.0285714 0 0 0 0 0 

2208 2179 1602 84 0 0.734282 0 0 0 0 0 0 0 0 0 0 0 0 0 0 0 0 0 0 0 0.0147059 0.0147059 0.117647 0.117647 0.176471 0.279412 0.147059 0.132353 0 0 0 0 0 0 

2240 2221 1603 102 0 0.720396 0 0 0 0 0 0 0 0 0 0 0 0 0 0 0 0 0 0 0.0289855 0.0434783 0.0434783 0.115942 0.101449 0.217391 0.202899 0.173913 0.0289855 0.0289855 0.0144928 0 0 0 0 

2240 2228 1602 97 0 0.718133 0 0 0 0 0 0 0 0 0 0 0 0 0 0 0 0 0 0 0 0.0724638 0.101449 0.0289855 0.144928 0.231884 0.173913 0.188406 0.057971 0 0 0 0 0 0 

2240 2229 1602 98 0 0.717811 0 0 0 0 0 0 0 0 0 0 0 0 0 0 0 0 0 0 0 0.0434783 0.0434783 0.130435 0.202899 0.188406 0.202899 0.101449 0.0724638 0.0144928 0 0 0 0 0 

2176 2168 1601 96 0 0.738007 0 0 0 0 0 0 0 0 0 0 0 0 0 0 0 0 0 0 0.0149254 0 0.0149254 0.0895522 0.134328 0.253731 0.179104 0.164179 0.119403 0.0298507 0 0 0 0 0 

2176 2167 1601 85 0 0.738348 0 0 0 0 0 0 0 0 0 0 0 0 0 0 0 0 0 0 0.0149254 0 0 0.0895522 0.164179 0.223881 0.223881 0.134328 0.119403 0.0149254 0.0149254 0 0 0 0 

2208 2182 1602 98 0 0.733272 0 0 0 0 0 0 0 0 0 0 0 0 0 0 0 0 0 0 0 0.0441176 0.0147059 0.0294118 0.191176 0.147059 0.279412 0.235294 0.0441176 0.0147059 0 0 0 0 0 

2240 2215 1602 94 0 0.722348 0 0 0 0 0 0 0 0 0 0 0 0 0 0 0 0 0 0 0 0.0434783 0.0434783 0.101449 0.130435 0.246377 0.231884 0.101449 0.0869565 0.0144928 0 0 0 0 0 

2240 2220 1602 98 0 0.720721 0 0 0 0 0 0 0 0 0 0 0 0 0 0 0 0 0 0 0 0.0289855 0.0434783 0.0434783 0.289855 0.231884 0.202899 0.0724638 0.0434783 0.0289855 0.0144928 0 0 0 0 

