2240 2221 1602 95 0 0.720396 0 0 0 0 0 0 0 0 0 0 0 0 0 0 0 0 0 0.0144928 0 0.0289855 0.0289855 0.115942 0.144928 0.275362 0.217391 0.0724638 0.0724638 0.0289855 0 0 0 0 0 

2240 2216 1602 92 0 0.722022 0 0 0 0 0 0 0 0 0 0 0 0 0 0 0 0 0 0 0.0289855 0 0.057971 0.115942 0.115942 0.26087 0.173913 0.144928 0.101449 0 0 0 0 0 0 

2208 2192 1602 92 0 0.729927 0 0 0 0 0 0 0 0 0 0 0 0 0 0 0 0 0 0 0 0.0147059 0.0147059 0.117647 0.161765 0.205882 0.279412 0.0735294 0.132353 0 0 0 0 0 0 

2240 2233 1602 95 0 0.716525 0 0 0 0 0 0 0 0 0 0 0 0 0 0 0 0 0 0 0 0 0.0724638 0.173913 0.15942 0.246377 0.202899 0.0724638 0.057971 0.0144928 0 0 0 0 0 

2240 2224 1602 97 0 0.719424 0 0 0 0 0 0 0 0 0 0 0 0 0 0 0 0 0 0.0144928 0 0.0144928 0.0289855 0.144928 0.173913 0.144928 0.304348 0.144928 0.0289855 0 0 0 0 0 0 

2208 2196 1602 90 0 0.728597 0 0 0 0 0 0 0 0 0 0 0 0 0 0 0 0 0 0 0 0 0.0735294 0.0882353 0.147059 0.176471 0.294118 0.161765 0.0441176 0.0147059 0 0 0 0 0 

2208 2193 1602 90 0 0.729594 0 0 0 0 0 0 0 0 0 0 0 0 0 0 0 0 0 0.0147059 0 0.0441176 0.0147059 0.0882353 0.132353 0.205882 0.205882 0.191176 0.0735294 0.0294118 0 0 0 0 0 

2208 2189 1602 88 0 0.730927 0 0 0 0 0 0 0 0 0 0 0 0 0 0 0 0 0 0 0 0.0147059 0.0147059 0.102941 0.132353 0.205882 0.294118 0.205882 0.0147059 0.0147059 0 0 0 0 0 

2208 2187 1603 99 0 0.731596 0 0 0 0 0 0 0 0 0 0 0 0 0 0 0 0 0 0 0 0 0.0441176 0.0588235 0.264706 0.161765 0.191176 0.147059 0.0882353 0.0441176 0 0 0 0 0 

2208 2200 1602 101 0 0.727273 0 0 0 0 0 0 0 0 0 0 0 0 0 0 0 0 0.0147059 0 0 0.0294118 0.0588235 0.0441176 0.161765 0.191176 0.264706 0.117647 0.102941 0.0147059 0 0 0 0 0 

