2240 2215 1603 101 0 0.722348 0 0 0 0 0 0 0 0 0 0 0 0 0 0 0 0 0 0 0 0.0144928 0.057971 0.130435 0.144928 0.231884 0.15942 0.173913 0.0869565 0 0 0 0 0 0 

2208 2194 1602 92 0 0.729262 0 0 0 0 0 0 0 0 0 0 0 0 0 0 0 0 0 0 0.0147059 0.0147059 0.0294118 0.0735294 0.205882 0.176471 0.25 0.117647 0.0882353 0.0294118 0 0 0 0 0 

2240 2219 1602 94 0 0.721045 0 0 0 0 0 0 0 0 0 0 0 0 0 0 0 0 0 0 0.0289855 0.0434783 0.057971 0.057971 0.115942 0.246377 0.217391 0.144928 0.0724638 0.0144928 0 0 0 0 0 

2240 2222 1603 100 0 0.720072 0 0 0 0 0 0 0 0 0 0 0 0 0 0 0 0 0 0 0.0144928 0.0144928 0.0724638 0.101449 0.188406 0.15942 0.246377 0.0869565 0.115942 0 0 0 0 0 0 

2208 2196 1602 92 0 0.728597 0 0 0 0 0 0 0 0 0 0 0 0 0 0 0 0 0 0 0 0.0147059 0.0588235 0.147059 0.132353 0.191176 0.132353 0.205882 0.0882353 0.0294118 0 0 0 0 0 

2176 2166 1602 94 0 0.738689 0 0 0 0 0 0 0 0 0 0 0 0 0 0 0 0 0 0 0 0.0149254 0.0597015 0.0746269 0.0597015 0.238806 0.253731 0.164179 0.0895522 0.0447761 0 0 0 0 0 

2272 2249 1603 100 0 0.711427 0 0 0 0 0 0 0 0 0 0 0 0 0 0 0 0 0 0 0.0428571 0.0142857 0.0571429 0.128571 0.157143 0.214286 0.2 0.128571 0.0571429 0 0 0 0 0 0 

2240 2219 1603 99 0 0.721045 0 0 0 0 0 0 0 0 0 0 0 0 0 0 0 0 0 0.0144928 0 0.0289855 0.0289855 0.101449 0.173913 0.231884 0.188406 0.15942 0.057971 0.0144928 0 0 0 0 0 

2240 2222 1603 103 0 0.720072 0 0 0 0 0 0 0 0 0 0 0 0 0 0 0 0 0 0 0 0.057971 0.0289855 0.101449 0.188406 0.217391 0.188406 0.101449 0.115942 0 0 0 0 0 0 

2176 2166 1602 97 0 0.738689 0 0 0 0 0 0 0 0 0 0 0 0 0 0 0 0 0 0 0 0 0.0298507 0.104478 0.119403 0.164179 0.298507 0.179104 0.0895522 0 0.0149254 0 0 0 0 

