2272 2247 1603 104 0 0.712061 0 0 0 0 0 0 0 0 0 0 0 0 0 0 0 0 0 0 0 0.0285714 0.0714286 0.1 0.271429 0.228571 0.1 0.114286 0.0714286 0.0142857 0 0 0 0 0 

2176 2158 1602 92 0 0.741427 0 0 0 0 0 0 0 0 0 0 0 0 0 0 0 0 0 0 0 0.0149254 0.0149254 0.0746269 0.0746269 0.268657 0.223881 0.208955 0.0895522 0.0298507 0 0 0 0 0 

2208 2187 1602 95 0 0.731596 0 0 0 0 0 0 0 0 0 0 0 0 0 0 0 0 0 0 0 0.0294118 0.0441176 0.0588235 0.176471 0.25 0.132353 0.161765 0.102941 0.0441176 0 0 0 0 0 

2240 2222 1602 93 0 0.720072 0 0 0 0 0 0 0 0 0 0 0 0 0 0 0 0 0 0 0 0.0724638 0.0434783 0.130435 0.101449 0.188406 0.231884 0.173913 0.0144928 0.0434783 0 0 0 0 0 

2208 2197 1603 104 0 0.728266 0 0 0 0 0 0 0 0 0 0 0 0 0 0 0 0 0 0 0 0.0147059 0.0441176 0.102941 0.147059 0.220588 0.220588 0.176471 0.0588235 0.0147059 0 0 0 0 0 

2208 2187 1602 98 0 0.731596 0 0 0 0 0 0 0 0 0 0 0 0 0 0 0 0 0 0 0 0.0147059 0 0.0882353 0.147059 0.25 0.294118 0.147059 0.0441176 0.0147059 0 0 0 0 0 

2208 2181 1603 103 0 0.733608 0 0 0 0 0 0 0 0 0 0 0 0 0 0 0 0 0 0 0 0 0.0441176 0.0294118 0.235294 0.161765 0.264706 0.132353 0.132353 0 0 0 0 0 0 

2240 2222 1602 97 0 0.720072 0 0 0 0 0 0 0 0 0 0 0 0 0 0 0 0 0.0144928 0 0 0.0289855 0.0724638 0.101449 0.0434783 0.304348 0.26087 0.115942 0.0289855 0.0289855 0 0 0 0 0 

2208 2181 1602 92 0 0.733608 0 0 0 0 0 0 0 0 0 0 0 0 0 0 0 0 0 0 0 0.0147059 0.0147059 0.0882353 0.161765 0.205882 0.220588 0.191176 0.0882353 0.0147059 0 0 0 0 0 

2208 2199 1602 95 0 0.727603 0 0 0 0 0 0 0 0 0 0 0 0 0 0 0 0.0147059 0 0 0 0 0.0735294 0.0147059 0.161765 0.264706 0.25 0.176471 0.0294118 0.0147059 0 0 0 0 0 

