2240 2221 1602 90 0 0.720396 0 0 0 0 0 0 0 0 0 0 0 0 0 0 0 0 0 0 0 0 0.115942 0.0724638 0.144928 0.275362 0.15942 0.188406 0.0434783 0 0 0 0 0 0 

2240 2213 1603 100 0 0.723 0 0 0 0 0 0 0 0 0 0 0 0 0 0 0 0 0 0 0 0 0.057971 0.0869565 0.217391 0.246377 0.130435 0.202899 0.0434783 0.0144928 0 0 0 0 0 

2208 2184 1602 93 0 0.732601 0 0 0 0 0 0 0 0 0 0 0 0 0 0 0 0 0 0 0 0 0.0147059 0.0588235 0.264706 0.220588 0.117647 0.235294 0.0735294 0.0147059 0 0 0 0 0 

2208 2197 1602 86 0 0.728266 0 0 0 0 0 0 0 0 0 0 0 0 0 0 0 0 0 0 0 0.0147059 0.0294118 0.0882353 0.102941 0.294118 0.338235 0.0882353 0.0147059 0.0294118 0 0 0 0 0 

2272 2244 1603 100 0 0.713012 0 0 0 0 0 0 0 0 0 0 0 0 0 0 0 0 0 0 0.0142857 0 0.0857143 0.128571 0.185714 0.171429 0.271429 0.1 0.0285714 0.0142857 0 0 0 0 0 

2208 2188 1602 84 0 0.731261 0 0 0 0 0 0 0 0 0 0 0 0 0 0 0 0 0 0.0147059 0 0.0441176 0.0147059 0.0441176 0.161765 0.25 0.161765 0.161765 0.132353 0.0147059 0 0 0 0 0 

2208 2185 1602 85 0 0.732265 0 0 0 0 0 0 0 0 0 0 0 0 0 0 0 0 0 0 0.0147059 0.0147059 0.0147059 0.0588235 0.191176 0.220588 0.161765 0.25 0.0441176 0.0294118 0 0 0 0 0 

2208 2187 1602 95 0 0.731596 0 0 0 0 0 0 0 0 0 0 0 0 0 0 0 0 0 0.0147059 0 0 0.0441176 0.0735294 0.0735294 0.294118 0.205882 0.25 0.0441176 0 0 0 0 0 0 

2208 2193 1602 97 0 0.729594 0 0 0 0 0 0 0 0 0 0 0 0 0 0 0 0 0 0 0.0147059 0 0.0588235 0.102941 0.147059 0.132353 0.235294 0.264706 0.0294118 0.0147059 0 0 0 0 0 

2208 2194 1602 92 0 0.729262 0 0 0 0 0 0 0 0 0 0 0 0 0 0 0 0 0 0 0.0147059 0 0.0147059 0.132353 0.191176 0.161765 0.220588 0.176471 0.0588235 0.0294118 0 0 0 0 0 

