2208 2196 1602 92 0 0.728597 0 0 0 0 0 0 0 0 0 0 0 0 0 0 0 0 0 0 0 0 0.0441176 0.132353 0.132353 0.25 0.161765 0.205882 0.0735294 0 0 0 0 0 0 

2208 2188 1602 89 0 0.731261 0 0 0 0 0 0 0 0 0 0 0 0 0 0 0 0 0 0.0147059 0 0.0147059 0.0588235 0.0294118 0.176471 0.220588 0.147059 0.220588 0.117647 0 0 0 0 0 0 

2208 2188 1602 96 0 0.731261 0 0 0 0 0 0 0 0 0 0 0 0 0 0 0 0 0 0 0 0 0.0294118 0.0735294 0.191176 0.220588 0.235294 0.176471 0.0735294 0 0 0 0 0 0 

2240 2231 1602 97 0 0.717167 0 0 0 0 0 0 0 0 0 0 0 0 0 0 0 0 0 0 0.0144928 0.0144928 0.057971 0.115942 0.188406 0.217391 0.217391 0.130435 0.0434783 0 0 0 0 0 0 

2208 2194 1602 92 0 0.729262 0 0 0 0 0 0 0 0 0 0 0 0 0 0 0 0 0 0 0.0147059 0.0147059 0.0294118 0.0588235 0.147059 0.264706 0.235294 0.161765 0.0735294 0 0 0 0 0 0 

2240 2221 1602 93 0 0.720396 0 0 0 0 0 0 0 0 0 0 0 0 0 0 0 0 0 0 0.0144928 0.0289855 0.0434783 0.173913 0.0724638 0.15942 0.289855 0.173913 0.0434783 0 0 0 0 0 0 

2240 2215 1602 93 0 0.722348 0 0 0 0 0 0 0 0 0 0 0 0 0 0 0 0 0.0144928 0 0 0 0.0289855 0.115942 0.130435 0.289855 0.231884 0.130435 0.057971 0 0 0 0 0 0 

2240 2220 1602 91 0 0.720721 0 0 0 0 0 0 0 0 0 0 0 0 0 0 0 0 0 0 0.0144928 0.0434783 0.057971 0.0434783 0.144928 0.26087 0.231884 0.144928 0.057971 0 0 0 0 0 0 

2208 2201 1601 93 0 0.726942 0 0 0 0 0 0 0 0 0 0 0 0 0 0 0 0 0 0 0 0.0147059 0.0588235 0.0882353 0.176471 0.220588 0.191176 0.161765 0.0882353 0 0 0 0 0 0 

2208 2183 1602 98 0 0.732936 0 0 0 0 0 0 0 0 0 0 0 0 0 0 0 0 0 0 0 0.0147059 0.0147059 0.176471 0.117647 0.161765 0.161765 0.220588 0.117647 0 0.0147059 0 0 0 0 

