2272 2251 1602 98 0 0.710795 0 0 0 0 0 0 0 0 0 0 0 0 0 0 0 0 0.0142857 0.0142857 0.0142857 0.0285714 0.0142857 0.114286 0.171429 0.257143 0.242857 0.1 0.0142857 0.0142857 0 0 0 0 0 

2208 2181 1602 96 0 0.733608 0 0 0 0 0 0 0 0 0 0 0 0 0 0 0 0 0 0 0.0147059 0 0.0294118 0.102941 0.132353 0.161765 0.220588 0.264706 0.0588235 0.0147059 0 0 0 0 0 

2208 2196 1603 100 0 0.728597 0 0 0 0 0 0 0 0 0 0 0 0 0 0 0 0.0147059 0 0 0 0.0147059 0.0294118 0.0588235 0.161765 0.264706 0.220588 0.132353 0.0882353 0 0.0147059 0 0 0 0 

2240 2218 1602 92 0 0.721371 0 0 0 0 0 0 0 0 0 0 0 0 0 0 0 0 0 0 0 0.0144928 0.0434783 0.130435 0.144928 0.231884 0.289855 0.0869565 0.0289855 0.0289855 0 0 0 0 0 

2240 2213 1602 88 0 0.723 0 0 0 0 0 0 0 0 0 0 0 0 0 0 0 0 0 0 0 0.0289855 0.0434783 0.130435 0.15942 0.202899 0.188406 0.130435 0.101449 0.0144928 0 0 0 0 0 

2208 2188 1602 96 0 0.731261 0 0 0 0 0 0 0 0 0 0 0 0 0 0 0 0 0 0 0 0.0294118 0 0.0588235 0.132353 0.264706 0.338235 0.117647 0.0588235 0 0 0 0 0 0 

2240 2211 1602 91 0 0.723654 0 0 0 0 0 0 0 0 0 0 0 0 0 0 0 0 0 0 0 0.0289855 0.0289855 0.0724638 0.202899 0.26087 0.15942 0.173913 0.0724638 0 0 0 0 0 0 

2208 2191 1602 93 0 0.73026 0 0 0 0 0 0 0 0 0 0 0 0 0 0 0 0 0 0 0 0.0147059 0.0294118 0.0588235 0.147059 0.367647 0.161765 0.0882353 0.117647 0.0147059 0 0 0 0 0 

2208 2186 1602 92 0 0.73193 0 0 0 0 0 0 0 0 0 0 0 0 0 0 0 0 0 0 0 0 0.0147059 0.0441176 0.176471 0.397059 0.117647 0.161765 0.0735294 0.0147059 0 0 0 0 0 

2208 2189 1602 82 0 0.730927 0 0 0 0 0 0 0 0 0 0 0 0 0 0 0 0 0 0.0147059 0 0.0147059 0.0588235 0.0735294 0.161765 0.161765 0.205882 0.176471 0.0882353 0.0441176 0 0 0 0 0 

