2208 2198 1603 100 0 0.727934 0 0 0 0 0 0 0 0 0 0 0 0 0 0 0 0 0 0 0 0 0.0588235 0.0735294 0.161765 0.264706 0.205882 0.191176 0.0294118 0.0147059 0 0 0 0 0 

2208 2186 1602 93 0 0.73193 0 0 0 0 0 0 0 0 0 0 0 0 0 0 0 0 0 0 0 0.0147059 0.0294118 0.0294118 0.176471 0.264706 0.25 0.161765 0.0735294 0 0 0 0 0 0 

2208 2185 1602 92 0 0.732265 0 0 0 0 0 0 0 0 0 0 0 0 0 0 0 0 0 0 0 0 0.0294118 0.0441176 0.147059 0.264706 0.323529 0.147059 0.0441176 0 0 0 0 0 0 

2240 2217 1603 99 0 0.721696 0 0 0 0 0 0 0 0 0 0 0 0 0 0 0 0 0 0 0 0.0289855 0.057971 0.0869565 0.202899 0.173913 0.246377 0.0869565 0.115942 0 0 0 0 0 0 

2208 2188 1603 100 0 0.731261 0 0 0 0 0 0 0 0 0 0 0 0 0 0 0 0 0 0 0 0 0.0147059 0.117647 0.117647 0.264706 0.235294 0.191176 0.0588235 0 0 0 0 0 0 

2208 2187 1602 97 0 0.731596 0 0 0 0 0 0 0 0 0 0 0 0 0 0 0 0 0 0 0.0294118 0.0147059 0.0441176 0.0441176 0.132353 0.147059 0.323529 0.191176 0.0441176 0.0294118 0 0 0 0 0 

2240 2225 1603 100 0 0.719101 0 0 0 0 0 0 0 0 0 0 0 0 0 0 0 0 0 0 0.0144928 0.0144928 0.0724638 0.130435 0.115942 0.246377 0.188406 0.144928 0.057971 0.0144928 0 0 0 0 0 

2176 2166 1600 93 0 0.738689 0 0 0 0 0 0 0 0 0 0 0 0 0 0 0 0 0 0 0 0 0.0447761 0.0298507 0.119403 0.253731 0.343284 0.104478 0.0746269 0.0298507 0 0 0 0 0 

2208 2189 1602 97 0 0.730927 0 0 0 0 0 0 0 0 0 0 0 0 0 0 0 0 0 0 0.0294118 0.0147059 0.0147059 0.0441176 0.132353 0.25 0.279412 0.161765 0.0588235 0.0147059 0 0 0 0 0 

2208 2192 1602 93 0 0.729927 0 0 0 0 0 0 0 0 0 0 0 0 0 0 0 0 0 0.0294118 0 0.0294118 0.0147059 0.0882353 0.117647 0.161765 0.264706 0.205882 0.0735294 0.0147059 0 0 0 0 0 

