2176 2167 1602 89 0 0.738348 0 0 0 0 0 0 0 0 0 0 0 0 0 0 0 0 0 0.0149254 0 0 0.0149254 0.0746269 0.149254 0.19403 0.253731 0.179104 0.0895522 0.0298507 0 0 0 0 0 

2240 2232 1602 93 0 0.716846 0 0 0 0 0 0 0 0 0 0 0 0 0 0 0 0 0 0 0.0144928 0.0144928 0.057971 0.101449 0.246377 0.15942 0.217391 0.15942 0.0289855 0 0 0 0 0 0 

2208 2186 1602 94 0 0.73193 0 0 0 0 0 0 0 0 0 0 0 0 0 0 0 0 0 0 0.0294118 0.0147059 0.0735294 0.0147059 0.102941 0.176471 0.308824 0.176471 0.102941 0 0 0 0 0 0 

2208 2194 1603 99 0 0.729262 0 0 0 0 0 0 0 0 0 0 0 0 0 0 0 0 0 0.0294118 0.0147059 0 0.0147059 0.117647 0.0882353 0.205882 0.25 0.176471 0.0882353 0.0147059 0 0 0 0 0 

2240 2221 1602 97 0 0.720396 0 0 0 0 0 0 0 0 0 0 0 0 0 0 0 0 0 0 0.0144928 0.0144928 0.101449 0.101449 0.101449 0.318841 0.101449 0.0869565 0.144928 0.0144928 0 0 0 0 0 

2208 2182 1603 100 0 0.733272 0 0 0 0 0 0 0 0 0 0 0 0 0 0 0 0 0 0 0 0.0147059 0.0147059 0.0588235 0.205882 0.176471 0.235294 0.205882 0.0882353 0 0 0 0 0 0 

2208 2184 1602 83 0 0.732601 0 0 0 0 0 0 0 0 0 0 0 0 0 0 0 0 0 0 0 0.0147059 0.0441176 0.0735294 0.147059 0.191176 0.264706 0.161765 0.0735294 0.0294118 0 0 0 0 0 

2240 2213 1602 90 0 0.723 0 0 0 0 0 0 0 0 0 0 0 0 0 0 0 0 0 0 0.0144928 0.0144928 0.0289855 0.0869565 0.217391 0.202899 0.202899 0.15942 0.057971 0.0144928 0 0 0 0 0 

2208 2192 1603 99 0 0.729927 0 0 0 0 0 0 0 0 0 0 0 0 0 0 0 0 0 0 0.0147059 0 0 0.102941 0.176471 0.205882 0.323529 0.0882353 0.0588235 0.0294118 0 0 0 0 0 

2240 2235 1600 102 0 0.715884 0 0 0 0 0 0 0 0 0 0 0 0 0 0 0 0 0 0 0.0144928 0.0144928 0.0724638 0.101449 0.246377 0.217391 0.101449 0.15942 0.0724638 0 0 0 0 0 0 

