2272 2251 1602 92 0 0.710795 0 0 0 0 0 0 0 0 0 0 0 0 0 0 0 0 0 0.0142857 0.0142857 0.0428571 0.0857143 0.0571429 0.171429 0.2 0.271429 0.1 0.0428571 0 0 0 0 0 0 

2208 2181 1602 97 0 0.733608 0 0 0 0 0 0 0 0 0 0 0 0 0 0 0 0 0 0 0 0 0.0588235 0.0441176 0.102941 0.235294 0.323529 0.176471 0.0588235 0 0 0 0 0 0 

2240 2215 1602 97 0 0.722348 0 0 0 0 0 0 0 0 0 0 0 0 0 0 0 0 0 0 0.0144928 0.0144928 0.0434783 0.115942 0.115942 0.231884 0.289855 0.101449 0.057971 0.0144928 0 0 0 0 0 

2240 2224 1602 98 0 0.719424 0 0 0 0 0 0 0 0 0 0 0 0 0 0 0 0 0 0.0289855 0.0144928 0.0434783 0.0434783 0.0869565 0.130435 0.173913 0.202899 0.188406 0.0869565 0 0 0 0 0 0 

2208 2198 1602 91 0 0.727934 0 0 0 0 0 0 0 0 0 0 0 0 0 0 0 0 0 0 0 0.0147059 0.0441176 0.132353 0.176471 0.205882 0.161765 0.132353 0.0882353 0.0441176 0 0 0 0 0 

2208 2191 1603 99 0 0.73026 0 0 0 0 0 0 0 0 0 0 0 0 0 0 0 0 0 0 0.0294118 0.0147059 0.0294118 0.0588235 0.147059 0.220588 0.191176 0.205882 0.102941 0 0 0 0 0 0 

2240 2231 1602 95 0 0.717167 0 0 0 0 0 0 0 0 0 0 0 0 0 0 0 0 0 0 0.0144928 0.0434783 0.0724638 0.0869565 0.173913 0.231884 0.15942 0.144928 0.0434783 0.0289855 0 0 0 0 0 

2240 2233 1600 98 0 0.716525 0 0 0 0 0 0 0 0 0 0 0 0 0 0 0 0 0.0144928 0 0.0144928 0 0.057971 0.130435 0.188406 0.202899 0.231884 0.101449 0.0144928 0.0434783 0 0 0 0 0 

2240 2216 1602 98 0 0.722022 0 0 0 0 0 0 0 0 0 0 0 0 0 0 0 0 0 0 0 0.0144928 0.0144928 0.115942 0.202899 0.26087 0.15942 0.217391 0.0144928 0 0 0 0 0 0 

2208 2182 1602 95 0 0.733272 0 0 0 0 0 0 0 0 0 0 0 0 0 0 0 0 0 0 0.0294118 0.0147059 0.0147059 0.0735294 0.102941 0.191176 0.294118 0.176471 0.0882353 0.0147059 0 0 0 0 0 

