2208 2194 1602 90 0 0.729262 0 0 0 0 0 0 0 0 0 0 0 0 0 0 0 0 0 0 0.0147059 0.0147059 0.0735294 0.0294118 0.102941 0.264706 0.235294 0.220588 0.0441176 0 0 0 0 0 0 

2176 2152 1602 82 0 0.743494 0 0 0 0 0 0 0 0 0 0 0 0 0 0 0 0 0 0 0.0149254 0 0.0149254 0.0746269 0.134328 0.0746269 0.343284 0.208955 0.104478 0.0298507 0 0 0 0 0 

2208 2195 1602 95 0 0.728929 0 0 0 0 0 0 0 0 0 0 0 0 0 0 0 0 0 0.0147059 0 0.0294118 0.0147059 0.0588235 0.205882 0.205882 0.220588 0.132353 0.102941 0.0147059 0 0 0 0 0 

2208 2188 1602 90 0 0.731261 0 0 0 0 0 0 0 0 0 0 0 0 0 0 0 0 0 0 0 0 0.0294118 0.102941 0.0882353 0.294118 0.264706 0.161765 0.0588235 0 0 0 0 0 0 

2272 2254 1603 104 0 0.709849 0 0 0 0 0 0 0 0 0 0 0 0 0 0 0 0.0142857 0 0 0.0142857 0.0428571 0.0857143 0.0857143 0.128571 0.242857 0.214286 0.128571 0.0285714 0.0142857 0 0 0 0 0 

2176 2150 1602 89 0 0.744186 0 0 0 0 0 0 0 0 0 0 0 0 0 0 0 0 0 0 0 0 0 0.0447761 0.134328 0.208955 0.268657 0.253731 0.0895522 0 0 0 0 0 0 

2240 2217 1602 96 0 0.721696 0 0 0 0 0 0 0 0 0 0 0 0 0 0 0 0 0 0.0144928 0 0 0.057971 0.115942 0.15942 0.289855 0.115942 0.144928 0.0724638 0.0289855 0 0 0 0 0 

2208 2194 1602 91 0 0.729262 0 0 0 0 0 0 0 0 0 0 0 0 0 0 0 0 0 0 0 0.0294118 0 0.102941 0.161765 0.191176 0.294118 0.176471 0.0441176 0 0 0 0 0 0 

2240 2218 1603 103 0 0.721371 0 0 0 0 0 0 0 0 0 0 0 0 0 0 0 0 0 0 0 0.0434783 0.0434783 0.0434783 0.188406 0.275362 0.217391 0.130435 0.0434783 0.0144928 0 0 0 0 0 

2208 2184 1602 89 0 0.732601 0 0 0 0 0 0 0 0 0 0 0 0 0 0 0 0 0 0 0 0.0147059 0.0294118 0.0882353 0.0735294 0.323529 0.235294 0.117647 0.102941 0.0147059 0 0 0 0 0 

