2208 2193 1602 89 0 0.729594 0 0 0 0 0 0 0 0 0 0 0 0 0 0 0 0 0 0 0 0.0147059 0.0147059 0.0882353 0.147059 0.279412 0.235294 0.176471 0.0294118 0.0147059 0 0 0 0 0 

2240 2214 1602 93 0 0.722674 0 0 0 0 0 0 0 0 0 0 0 0 0 0 0 0 0 0 0 0.057971 0.0289855 0.144928 0.15942 0.130435 0.15942 0.231884 0.0724638 0.0144928 0 0 0 0 0 

2176 2159 1602 88 0 0.741084 0 0 0 0 0 0 0 0 0 0 0 0 0 0 0 0 0 0 0 0 0.0298507 0.0597015 0.164179 0.164179 0.238806 0.253731 0.0746269 0 0 0.0149254 0 0 0 

2208 2196 1602 94 0 0.728597 0 0 0 0 0 0 0 0 0 0 0 0 0 0 0 0 0 0 0.0147059 0 0.0735294 0.0735294 0.191176 0.102941 0.308824 0.147059 0.0588235 0.0294118 0 0 0 0 0 

2208 2187 1602 94 0 0.731596 0 0 0 0 0 0 0 0 0 0 0 0 0 0 0 0 0 0 0 0 0.0294118 0.0882353 0.176471 0.220588 0.220588 0.191176 0.0588235 0.0147059 0 0 0 0 0 

2208 2193 1602 84 0 0.729594 0 0 0 0 0 0 0 0 0 0 0 0 0 0 0 0 0 0 0 0.0147059 0.0147059 0.0882353 0.147059 0.308824 0.235294 0.102941 0.0588235 0.0294118 0 0 0 0 0 

2208 2194 1602 96 0 0.729262 0 0 0 0 0 0 0 0 0 0 0 0 0 0 0 0 0 0 0 0.0147059 0.0294118 0.0882353 0.205882 0.205882 0.191176 0.176471 0.0735294 0.0147059 0 0 0 0 0 

2176 2169 1601 91 0 0.737667 0 0 0 0 0 0 0 0 0 0 0 0 0 0 0 0 0 0 0 0.0149254 0.0298507 0.0597015 0.119403 0.164179 0.358209 0.208955 0.0298507 0.0149254 0 0 0 0 0 

2208 2195 1602 95 0 0.728929 0 0 0 0 0 0 0 0 0 0 0 0 0 0 0 0 0 0.0147059 0 0 0.0147059 0.0588235 0.147059 0.352941 0.176471 0.205882 0.0294118 0 0 0 0 0 0 

2240 2223 1602 93 0 0.719748 0 0 0 0 0 0 0 0 0 0 0 0 0 0 0 0 0 0 0 0.0289855 0.0869565 0.130435 0.130435 0.246377 0.144928 0.101449 0.101449 0.0289855 0 0 0 0 0 

