2240 2226 1602 98 0 0.718778 0 0 0 0 0 0 0 0 0 0 0 0 0 0 0 0 0 0 0.0144928 0.057971 0.0289855 0.101449 0.188406 0.130435 0.246377 0.202899 0.0289855 0 0 0 0 0 0 

2208 2202 1602 90 0 0.726612 0 0 0 0 0 0 0 0 0 0 0 0 0 0 0 0 0 0.0147059 0 0.0588235 0 0.102941 0.161765 0.161765 0.220588 0.205882 0.0588235 0.0147059 0 0 0 0 0 

2240 2214 1603 105 0 0.722674 0 0 0 0 0 0 0 0 0 0 0 0 0 0 0 0 0 0 0 0.0144928 0.057971 0.115942 0.130435 0.173913 0.333333 0.144928 0.0144928 0 0.0144928 0 0 0 0 

2208 2187 1602 95 0 0.731596 0 0 0 0 0 0 0 0 0 0 0 0 0 0 0 0 0 0.0147059 0 0 0.0588235 0.0294118 0.132353 0.25 0.264706 0.176471 0.0588235 0.0147059 0 0 0 0 0 

2208 2191 1602 95 0 0.73026 0 0 0 0 0 0 0 0 0 0 0 0 0 0 0 0 0 0 0 0 0.0147059 0.0882353 0.176471 0.25 0.264706 0.147059 0.0588235 0 0 0 0 0 0 

2208 2198 1602 94 0 0.727934 0 0 0 0 0 0 0 0 0 0 0 0 0 0 0 0 0 0 0 0 0.0441176 0.0588235 0.176471 0.338235 0.176471 0.132353 0.0735294 0 0 0 0 0 0 

2240 2229 1602 95 0 0.717811 0 0 0 0 0 0 0 0 0 0 0 0 0 0 0 0 0 0 0.0144928 0.0434783 0.0724638 0.101449 0.231884 0.173913 0.0724638 0.173913 0.0724638 0.0434783 0 0 0 0 0 

2208 2193 1602 89 0 0.729594 0 0 0 0 0 0 0 0 0 0 0 0 0 0 0 0 0 0 0 0.0147059 0.0588235 0.0882353 0.191176 0.117647 0.264706 0.176471 0.0588235 0.0294118 0 0 0 0 0 

2240 2219 1602 93 0 0.721045 0 0 0 0 0 0 0 0 0 0 0 0 0 0 0 0 0 0 0 0.0144928 0.0869565 0.0869565 0.231884 0.101449 0.231884 0.188406 0.057971 0 0 0 0 0 0 

2208 2201 1601 91 0 0.726942 0 0 0 0 0 0 0 0 0 0 0 0 0 0 0 0 0 0 0 0.0147059 0.0735294 0.0588235 0.176471 0.25 0.147059 0.25 0.0147059 0 0.0147059 0 0 0 0 

