2208 2198 1603 100 0 0.727934 0 0 0 0 0 0 0 0 0 0 0 0 0 0 0 0 0 0 0 0 0.0147059 0.147059 0.132353 0.279412 0.220588 0.147059 0.0294118 0.0294118 0 0 0 0 0 

2208 2188 1602 93 0 0.731261 0 0 0 0 0 0 0 0 0 0 0 0 0 0 0 0 0 0 0 0.0147059 0.0588235 0.0735294 0.132353 0.191176 0.25 0.191176 0.0882353 0 0 0 0 0 0 

2240 2219 1602 89 0 0.721045 0 0 0 0 0 0 0 0 0 0 0 0 0 0 0 0 0 0 0 0.0144928 0.057971 0.101449 0.15942 0.231884 0.289855 0.0724638 0.0724638 0 0 0 0 0 0 

2240 2215 1603 99 0 0.722348 0 0 0 0 0 0 0 0 0 0 0 0 0 0 0 0 0 0 0.0144928 0.0144928 0.0869565 0.0869565 0.144928 0.231884 0.173913 0.130435 0.0724638 0.0289855 0.0144928 0 0 0 0 

2240 2213 1602 87 0 0.723 0 0 0 0 0 0 0 0 0 0 0 0 0 0 0 0 0 0 0 0.0144928 0.0434783 0.057971 0.202899 0.289855 0.188406 0.144928 0.057971 0 0 0 0 0 0 

2208 2200 1602 98 0 0.727273 0 0 0 0 0 0 0 0 0 0 0 0 0 0 0 0 0 0 0.0294118 0.0147059 0.0294118 0.102941 0.132353 0.220588 0.191176 0.205882 0.0588235 0.0147059 0 0 0 0 0 

2240 2211 1602 96 0 0.723654 0 0 0 0 0 0 0 0 0 0 0 0 0 0 0 0 0 0 0.0144928 0.0144928 0.115942 0.0869565 0.144928 0.130435 0.173913 0.173913 0.130435 0.0144928 0 0 0 0 0 

2240 2225 1602 90 0 0.719101 0 0 0 0 0 0 0 0 0 0 0 0 0 0 0 0 0 0 0.0144928 0.0289855 0.0434783 0.101449 0.15942 0.217391 0.26087 0.130435 0.0434783 0 0 0 0 0 0 

2208 2195 1602 98 0 0.728929 0 0 0 0 0 0 0 0 0 0 0 0 0 0 0 0 0 0 0 0.0147059 0.0588235 0.0147059 0.220588 0.205882 0.264706 0.161765 0.0588235 0 0 0 0 0 0 

2208 2182 1602 91 0 0.733272 0 0 0 0 0 0 0 0 0 0 0 0 0 0 0 0 0 0 0.0147059 0 0.0147059 0.161765 0.0588235 0.191176 0.25 0.220588 0.0735294 0.0147059 0 0 0 0 0 

