2208 2202 1600 84 0 0.726612 0 0 0 0 0 0 0 0 0 0 0 0 0 0 0 0 0 0 0.0147059 0.0294118 0.0147059 0.0441176 0.205882 0.220588 0.279412 0.147059 0.0441176 0 0 0 0 0 0 

2240 2220 1603 104 0 0.720721 0 0 0 0 0 0 0 0 0 0 0 0 0 0 0 0 0 0 0 0.0144928 0.0724638 0.130435 0.130435 0.173913 0.246377 0.217391 0.0144928 0 0 0 0 0 0 

2208 2198 1602 94 0 0.727934 0 0 0 0 0 0 0 0 0 0 0 0 0 0 0 0 0 0.0294118 0.0147059 0 0.0441176 0.0588235 0.147059 0.191176 0.25 0.191176 0.0441176 0.0294118 0 0 0 0 0 

2208 2199 1602 92 0 0.727603 0 0 0 0 0 0 0 0 0 0 0 0 0 0 0 0 0 0 0.0147059 0.0147059 0.0441176 0.0882353 0.161765 0.220588 0.220588 0.147059 0.0588235 0.0147059 0.0147059 0 0 0 0 

2208 2188 1602 94 0 0.731261 0 0 0 0 0 0 0 0 0 0 0 0 0 0 0 0 0 0.0147059 0.0147059 0 0 0.0882353 0.132353 0.205882 0.338235 0.117647 0.0735294 0.0147059 0 0 0 0 0 

2208 2189 1602 93 0 0.730927 0 0 0 0 0 0 0 0 0 0 0 0 0 0 0 0 0 0 0 0 0.0147059 0.102941 0.191176 0.235294 0.25 0.0882353 0.0882353 0.0294118 0 0 0 0 0 

2208 2194 1602 90 0 0.729262 0 0 0 0 0 0 0 0 0 0 0 0 0 0 0 0 0 0 0 0.0294118 0.0441176 0.0588235 0.147059 0.279412 0.191176 0.147059 0.0882353 0.0147059 0 0 0 0 0 

2272 2243 1602 96 0 0.71333 0 0 0 0 0 0 0 0 0 0 0 0 0 0 0 0 0 0 0 0.0571429 0.0285714 0.171429 0.128571 0.2 0.242857 0.157143 0 0 0.0142857 0 0 0 0 

2176 2167 1602 87 0 0.738348 0 0 0 0 0 0 0 0 0 0 0 0 0 0 0 0 0 0.0149254 0 0.0149254 0.0298507 0.0298507 0.104478 0.283582 0.19403 0.238806 0.0746269 0 0.0149254 0 0 0 0 

2240 2219 1603 100 0 0.721045 0 0 0 0 0 0 0 0 0 0 0 0 0 0 0 0 0 0 0 0.0144928 0.057971 0.101449 0.188406 0.202899 0.275362 0.101449 0.0144928 0.0434783 0 0 0 0 0 

