2208 2180 1602 85 0 0.733945 0 0 0 0 0 0 0 0 0 0 0 0 0 0 0 0 0 0 0 0.0147059 0.0147059 0.0441176 0.205882 0.264706 0.176471 0.161765 0.0735294 0.0441176 0 0 0 0 0 

2240 2226 1602 92 0 0.718778 0 0 0 0 0 0 0 0 0 0 0 0 0 0 0 0 0 0 0 0.0434783 0.0724638 0.057971 0.202899 0.217391 0.202899 0.144928 0.057971 0 0 0 0 0 0 

2208 2179 1602 92 0 0.734282 0 0 0 0 0 0 0 0 0 0 0 0 0 0 0 0 0 0 0 0.0294118 0.0882353 0.0294118 0.0588235 0.294118 0.176471 0.176471 0.117647 0.0147059 0.0147059 0 0 0 0 

2208 2180 1602 92 0 0.733945 0 0 0 0 0 0 0 0 0 0 0 0 0 0 0 0 0 0 0 0.0294118 0.0294118 0.0588235 0.117647 0.279412 0.161765 0.220588 0.0735294 0.0294118 0 0 0 0 0 

2240 2222 1603 99 0 0.720072 0 0 0 0 0 0 0 0 0 0 0 0 0 0 0 0 0 0 0.0144928 0.0434783 0.0434783 0.0289855 0.188406 0.275362 0.217391 0.15942 0 0.0289855 0 0 0 0 0 

2240 2224 1603 103 0 0.719424 0 0 0 0 0 0 0 0 0 0 0 0 0 0 0 0 0 0 0.0144928 0.0289855 0.0289855 0.115942 0.144928 0.26087 0.26087 0.057971 0.0724638 0.0144928 0 0 0 0 0 

2272 2248 1603 99 0 0.711744 0 0 0 0 0 0 0 0 0 0 0 0 0 0 0 0 0 0 0 0.0428571 0.114286 0.0857143 0.2 0.185714 0.2 0.0857143 0.0428571 0.0428571 0 0 0 0 0 

2240 2220 1602 97 0 0.720721 0 0 0 0 0 0 0 0 0 0 0 0 0 0 0 0 0 0 0 0 0.101449 0.057971 0.188406 0.231884 0.275362 0.0869565 0.0289855 0.0289855 0 0 0 0 0 

2240 2222 1602 94 0 0.720072 0 0 0 0 0 0 0 0 0 0 0 0 0 0 0 0 0 0 0.0289855 0.0289855 0.057971 0.0869565 0.188406 0.15942 0.202899 0.144928 0.0869565 0.0144928 0 0 0 0 0 

2176 2157 1602 84 0 0.741771 0 0 0 0 0 0 0 0 0 0 0 0 0 0 0 0 0 0 0.0298507 0 0 0.0447761 0.119403 0.238806 0.253731 0.179104 0.0746269 0.0597015 0 0 0 0 0 

