2240 2220 1602 96 0 0.720721 0 0 0 0 0 0 0 0 0 0 0 0 0 0 0 0 0.0144928 0 0.0144928 0 0.0289855 0.115942 0.130435 0.246377 0.275362 0.130435 0.0434783 0 0 0 0 0 0 

2208 2199 1602 98 0 0.727603 0 0 0 0 0 0 0 0 0 0 0 0 0 0 0 0 0 0 0 0 0.0735294 0.117647 0.176471 0.191176 0.205882 0.102941 0.0882353 0.0441176 0 0 0 0 0 

2240 2220 1602 97 0 0.720721 0 0 0 0 0 0 0 0 0 0 0 0 0 0 0 0 0 0 0 0.0434783 0.0724638 0.130435 0.130435 0.188406 0.15942 0.173913 0.0869565 0.0144928 0 0 0 0 0 

2208 2200 1602 97 0 0.727273 0 0 0 0 0 0 0 0 0 0 0 0 0 0 0 0 0 0.0147059 0 0.0147059 0.0588235 0.0882353 0.0882353 0.294118 0.191176 0.161765 0.0735294 0.0147059 0 0 0 0 0 

2240 2211 1602 89 0 0.723654 0 0 0 0 0 0 0 0 0 0 0 0 0 0 0 0 0 0 0 0.0144928 0.0434783 0.115942 0.188406 0.15942 0.275362 0.115942 0.0724638 0.0144928 0 0 0 0 0 

2208 2198 1602 95 0 0.727934 0 0 0 0 0 0 0 0 0 0 0 0 0 0 0 0 0 0 0 0.0147059 0.0441176 0.0735294 0.205882 0.205882 0.235294 0.161765 0.0294118 0.0147059 0.0147059 0 0 0 0 

2208 2180 1602 88 0 0.733945 0 0 0 0 0 0 0 0 0 0 0 0 0 0 0 0 0 0 0 0 0.0294118 0.0735294 0.102941 0.308824 0.25 0.132353 0.0882353 0.0147059 0 0 0 0 0 

2208 2187 1602 90 0 0.731596 0 0 0 0 0 0 0 0 0 0 0 0 0 0 0 0 0 0 0 0.0294118 0.0441176 0.0882353 0.117647 0.235294 0.161765 0.25 0.0147059 0.0588235 0 0 0 0 0 

2208 2195 1602 91 0 0.728929 0 0 0 0 0 0 0 0 0 0 0 0 0 0 0 0 0 0 0.0147059 0.0147059 0.0588235 0.0588235 0.117647 0.264706 0.176471 0.235294 0.0588235 0 0 0 0 0 0 

2208 2188 1602 92 0 0.731261 0 0 0 0 0 0 0 0 0 0 0 0 0 0 0 0 0 0 0 0.0294118 0.0735294 0.0588235 0.0588235 0.220588 0.308824 0.176471 0.0588235 0.0147059 0 0 0 0 0 

