2208 2195 1602 89 0 0.728929 0 0 0 0 0 0 0 0 0 0 0 0 0 0 0 0 0 0.0147059 0 0.0147059 0.0588235 0.0735294 0.132353 0.220588 0.205882 0.191176 0.0588235 0.0294118 0 0 0 0 0 

2208 2187 1602 97 0 0.731596 0 0 0 0 0 0 0 0 0 0 0 0 0 0 0 0 0 0 0 0 0.0147059 0.132353 0.161765 0.191176 0.191176 0.264706 0.0294118 0.0147059 0 0 0 0 0 

2240 2226 1603 99 0 0.718778 0 0 0 0 0 0 0 0 0 0 0 0 0 0 0.0144928 0 0 0 0 0.0144928 0.057971 0.0869565 0.173913 0.202899 0.304348 0.0869565 0.0434783 0 0.0144928 0 0 0 0 

2176 2153 1601 79 0 0.743149 0 0 0 0 0 0 0 0 0 0 0 0 0 0 0 0 0 0 0 0.0149254 0 0.0746269 0.104478 0.208955 0.268657 0.19403 0.119403 0.0149254 0 0 0 0 0 

2208 2200 1600 91 0 0.727273 0 0 0 0 0 0 0 0 0 0 0 0 0 0 0 0 0 0 0.0147059 0.0147059 0.0588235 0.0882353 0.161765 0.205882 0.176471 0.191176 0.0588235 0.0294118 0 0 0 0 0 

2208 2196 1602 94 0 0.728597 0 0 0 0 0 0 0 0 0 0 0 0 0 0 0 0 0 0 0 0.0147059 0.0588235 0.117647 0.147059 0.161765 0.25 0.161765 0.0441176 0.0441176 0 0 0 0 0 

2240 2218 1603 105 0 0.721371 0 0 0 0 0 0 0 0 0 0 0 0 0 0 0 0 0 0 0 0.0144928 0.0434783 0.115942 0.217391 0.217391 0.144928 0.173913 0.057971 0.0144928 0 0 0 0 0 

2240 2235 1600 101 0 0.715884 0 0 0 0 0 0 0 0 0 0 0 0 0 0 0 0 0 0 0.0289855 0.0144928 0.057971 0.130435 0.144928 0.231884 0.231884 0.0869565 0.0724638 0 0 0 0 0 0 

2240 2230 1602 88 0 0.717489 0 0 0 0 0 0 0 0 0 0 0 0 0 0 0 0 0 0 0 0.0289855 0.0724638 0.0724638 0.202899 0.304348 0.130435 0.115942 0.0724638 0 0 0 0 0 0 

2240 2211 1602 91 0 0.723654 0 0 0 0 0 0 0 0 0 0 0 0 0 0 0 0 0 0 0.0144928 0.0434783 0.0434783 0.0289855 0.15942 0.26087 0.231884 0.144928 0.0434783 0.0289855 0 0 0 0 0 

