2208 2191 1602 96 0 0.73026 0 0 0 0 0 0 0 0 0 0 0 0 0 0 0 0 0 0 0 0 0.0294118 0.0588235 0.176471 0.308824 0.235294 0.102941 0.0735294 0.0147059 0 0 0 0 0 

2240 2227 1602 93 0 0.718455 0 0 0 0 0 0 0 0 0 0 0 0 0 0 0 0 0 0 0 0.0434783 0.0434783 0.101449 0.15942 0.26087 0.217391 0.144928 0.0144928 0.0144928 0 0 0 0 0 

2240 2229 1601 94 0 0.717811 0 0 0 0 0 0 0 0 0 0 0 0 0 0 0 0 0 0 0.0434783 0.0434783 0.0434783 0.0724638 0.246377 0.115942 0.15942 0.173913 0.0869565 0.0144928 0 0 0 0 0 

2208 2189 1603 101 0 0.730927 0 0 0 0 0 0 0 0 0 0 0 0 0 0 0 0 0 0 0.0147059 0.0294118 0.0147059 0.0441176 0.191176 0.264706 0.161765 0.161765 0.0588235 0.0588235 0 0 0 0 0 

2208 2198 1602 85 0 0.727934 0 0 0 0 0 0 0 0 0 0 0 0 0 0 0 0 0 0 0.0147059 0 0.0588235 0.0588235 0.147059 0.279412 0.205882 0.161765 0.0735294 0 0 0 0 0 0 

2176 2158 1602 91 0 0.741427 0 0 0 0 0 0 0 0 0 0 0 0 0 0 0 0 0 0 0 0 0.0149254 0.0597015 0.149254 0.238806 0.238806 0.119403 0.179104 0 0 0 0 0 0 

2240 2220 1602 84 0 0.720721 0 0 0 0 0 0 0 0 0 0 0 0 0 0 0 0 0 0 0 0.0144928 0.0434783 0.115942 0.144928 0.289855 0.202899 0.15942 0.0289855 0 0 0 0 0 0 

2240 2216 1602 89 0 0.722022 0 0 0 0 0 0 0 0 0 0 0 0 0 0 0 0 0 0.0144928 0 0.057971 0.0434783 0.0869565 0.188406 0.130435 0.188406 0.173913 0.0869565 0.0289855 0 0 0 0 0 

2240 2218 1603 102 0 0.721371 0 0 0 0 0 0 0 0 0 0 0 0 0 0 0 0 0 0 0 0.0289855 0.057971 0.0869565 0.130435 0.275362 0.217391 0.15942 0.0289855 0.0144928 0 0 0 0 0 

2240 2220 1602 89 0 0.720721 0 0 0 0 0 0 0 0 0 0 0 0 0 0 0 0 0 0 0 0.0289855 0.0289855 0.144928 0.173913 0.217391 0.173913 0.15942 0.0724638 0 0 0 0 0 0 

