2272 2246 1602 95 0 0.712378 0 0 0 0 0 0 0 0 0 0 0 0 0 0 0 0 0 0 0.0142857 0.0285714 0.0428571 0.157143 0.214286 0.2 0.128571 0.171429 0 0.0428571 0 0 0 0 0 

2176 2163 1602 94 0 0.739713 0 0 0 0 0 0 0 0 0 0 0 0 0 0 0 0 0 0 0 0.0149254 0.0298507 0.119403 0.104478 0.19403 0.179104 0.179104 0.134328 0.0447761 0 0 0 0 0 

2208 2199 1602 95 0 0.727603 0 0 0 0 0 0 0 0 0 0 0 0 0 0 0 0 0 0 0.0147059 0.0147059 0.0588235 0.102941 0.191176 0.102941 0.294118 0.0882353 0.0735294 0.0588235 0 0 0 0 0 

2208 2201 1600 93 0 0.726942 0 0 0 0 0 0 0 0 0 0 0 0 0 0 0 0 0 0 0 0.0147059 0.0588235 0.0735294 0.205882 0.176471 0.264706 0.117647 0.0735294 0.0147059 0 0 0 0 0 

2240 2220 1602 89 0 0.720721 0 0 0 0 0 0 0 0 0 0 0 0 0 0 0 0 0 0 0.0144928 0 0.0289855 0.057971 0.289855 0.275362 0.15942 0.101449 0.057971 0 0.0144928 0 0 0 0 

2208 2205 1601 99 0 0.725624 0 0 0 0 0 0 0 0 0 0 0 0 0 0 0 0 0 0 0 0.0294118 0.0441176 0.147059 0.132353 0.176471 0.205882 0.176471 0.0882353 0 0 0 0 0 0 

2240 2211 1602 96 0 0.723654 0 0 0 0 0 0 0 0 0 0 0 0 0 0 0 0 0 0 0 0 0.0434783 0.101449 0.188406 0.217391 0.26087 0.144928 0.0289855 0.0144928 0 0 0 0 0 

2240 2224 1602 98 0 0.719424 0 0 0 0 0 0 0 0 0 0 0 0 0 0 0 0 0 0 0 0.057971 0.057971 0.101449 0.15942 0.188406 0.231884 0.101449 0.0869565 0.0144928 0 0 0 0 0 

2208 2188 1602 96 0 0.731261 0 0 0 0 0 0 0 0 0 0 0 0 0 0 0 0 0 0 0 0.0441176 0.0147059 0.0882353 0.161765 0.205882 0.205882 0.132353 0.117647 0.0294118 0 0 0 0 0 

2208 2192 1602 95 0 0.729927 0 0 0 0 0 0 0 0 0 0 0 0 0 0 0 0 0 0 0 0 0.0441176 0.0882353 0.176471 0.220588 0.205882 0.191176 0.0735294 0 0 0 0 0 0 

