2176 2159 1602 84 0 0.741084 0 0 0 0 0 0 0 0 0 0 0 0 0 0 0 0 0 0 0 0 0.0597015 0.0298507 0.119403 0.223881 0.268657 0.149254 0.119403 0.0298507 0 0 0 0 0 

2208 2184 1602 93 0 0.732601 0 0 0 0 0 0 0 0 0 0 0 0 0 0 0 0 0 0 0 0.0147059 0.0294118 0.102941 0.117647 0.191176 0.294118 0.147059 0.0882353 0.0147059 0 0 0 0 0 

2240 2224 1602 91 0 0.719424 0 0 0 0 0 0 0 0 0 0 0 0 0 0 0 0 0 0 0 0.0289855 0.0434783 0.0869565 0.188406 0.304348 0.15942 0.144928 0.0289855 0.0144928 0 0 0 0 0 

2176 2153 1602 90 0 0.743149 0 0 0 0 0 0 0 0 0 0 0 0 0 0 0 0 0 0 0 0 0.0447761 0.0597015 0.0895522 0.238806 0.179104 0.253731 0.119403 0 0.0149254 0 0 0 0 

2176 2159 1601 81 0 0.741084 0 0 0 0 0 0 0 0 0 0 0 0 0 0 0 0 0 0 0 0.0149254 0.0597015 0.0149254 0.149254 0.164179 0.268657 0.208955 0.0746269 0.0447761 0 0 0 0 0 

2240 2212 1602 97 0 0.723327 0 0 0 0 0 0 0 0 0 0 0 0 0 0 0 0 0 0 0.0289855 0 0.057971 0.0724638 0.202899 0.188406 0.217391 0.101449 0.115942 0.0144928 0 0 0 0 0 

2240 2231 1602 84 0 0.717167 0 0 0 0 0 0 0 0 0 0 0 0 0 0 0 0 0.0144928 0 0.0144928 0.0434783 0.057971 0.0869565 0.130435 0.246377 0.188406 0.144928 0.057971 0.0144928 0 0 0 0 0 

2208 2183 1602 94 0 0.732936 0 0 0 0 0 0 0 0 0 0 0 0 0 0 0 0 0 0 0.0294118 0 0.0441176 0.0588235 0.132353 0.25 0.161765 0.176471 0.117647 0.0294118 0 0 0 0 0 

2240 2215 1603 103 0 0.722348 0 0 0 0 0 0 0 0 0 0 0 0 0 0 0 0 0 0 0.0289855 0.0289855 0.057971 0.101449 0.0869565 0.188406 0.246377 0.173913 0.0869565 0 0 0 0 0 0 

2240 2211 1602 92 0 0.723654 0 0 0 0 0 0 0 0 0 0 0 0 0 0 0 0 0 0 0 0.0144928 0.0434783 0.0724638 0.202899 0.289855 0.188406 0.0869565 0.057971 0.0434783 0 0 0 0 0 

