2208 2187 1602 90 0 0.731596 0 0 0 0 0 0 0 0 0 0 0 0 0 0 0 0 0 0 0 0.0147059 0.0588235 0.117647 0.161765 0.117647 0.235294 0.161765 0.0588235 0.0735294 0 0 0 0 0 

2208 2192 1602 91 0 0.729927 0 0 0 0 0 0 0 0 0 0 0 0 0 0 0 0 0 0 0.0147059 0.0147059 0.0441176 0.147059 0.102941 0.176471 0.176471 0.205882 0.0735294 0.0441176 0 0 0 0 0 

2208 2198 1602 95 0 0.727934 0 0 0 0 0 0 0 0 0 0 0 0 0 0 0 0 0 0.0147059 0.0147059 0.0147059 0.0441176 0.0441176 0.220588 0.147059 0.220588 0.191176 0.0588235 0.0294118 0 0 0 0 0 

2208 2189 1602 87 0 0.730927 0 0 0 0 0 0 0 0 0 0 0 0 0 0 0 0 0 0 0 0.0588235 0.0147059 0.102941 0.0882353 0.205882 0.264706 0.147059 0.0882353 0.0294118 0 0 0 0 0 

2208 2191 1602 91 0 0.73026 0 0 0 0 0 0 0 0 0 0 0 0 0 0 0 0 0 0 0 0.0441176 0.0147059 0.0588235 0.191176 0.191176 0.220588 0.205882 0.0588235 0.0147059 0 0 0 0 0 

2208 2185 1602 91 0 0.732265 0 0 0 0 0 0 0 0 0 0 0 0 0 0 0 0 0 0 0 0 0.0294118 0.0735294 0.161765 0.279412 0.176471 0.205882 0.0588235 0.0147059 0 0 0 0 0 

2272 2256 1603 100 0 0.70922 0 0 0 0 0 0 0 0 0 0 0 0 0 0 0 0 0 0 0.0142857 0.0142857 0.0571429 0.2 0.142857 0.242857 0.185714 0.1 0.0428571 0 0 0 0 0 0 

2176 2154 1602 86 0 0.742804 0 0 0 0 0 0 0 0 0 0 0 0 0 0 0 0 0 0 0 0 0 0.0447761 0.164179 0.19403 0.298507 0.208955 0.0597015 0.0298507 0 0 0 0 0 

2208 2182 1603 100 0 0.733272 0 0 0 0 0 0 0 0 0 0 0 0 0 0 0 0 0 0 0 0 0.0294118 0.102941 0.117647 0.294118 0.191176 0.132353 0.0882353 0.0441176 0 0 0 0 0 

2208 2200 1602 90 0 0.727273 0 0 0 0 0 0 0 0 0 0 0 0 0 0 0 0 0 0 0.0147059 0.0147059 0.0441176 0.0735294 0.117647 0.25 0.308824 0.117647 0.0441176 0.0147059 0 0 0 0 0 

