2208 2183 1602 95 0 0.732936 0 0 0 0 0 0 0 0 0 0 0 0 0 0 0 0 0 0.0147059 0 0.0147059 0.0588235 0.0882353 0.0735294 0.147059 0.294118 0.205882 0.0882353 0.0147059 0 0 0 0 0 

2240 2233 1600 91 0 0.716525 0 0 0 0 0 0 0 0 0 0 0 0 0 0 0 0 0 0.0144928 0 0.0144928 0.0289855 0.202899 0.15942 0.15942 0.26087 0.101449 0.0434783 0.0144928 0 0 0 0 0 

2208 2199 1600 89 0 0.727603 0 0 0 0 0 0 0 0 0 0 0 0 0 0 0 0 0 0 0 0.0147059 0.0441176 0.0588235 0.205882 0.235294 0.264706 0.102941 0.0294118 0.0441176 0 0 0 0 0 

2208 2199 1602 94 0 0.727603 0 0 0 0 0 0 0 0 0 0 0 0 0 0 0 0 0 0 0 0 0.0294118 0.117647 0.191176 0.235294 0.176471 0.205882 0.0294118 0.0147059 0 0 0 0 0 

2240 2220 1602 92 0 0.720721 0 0 0 0 0 0 0 0 0 0 0 0 0 0 0 0 0 0 0.0434783 0.0144928 0.057971 0.057971 0.188406 0.202899 0.188406 0.144928 0.0869565 0.0144928 0 0 0 0 0 

2240 2230 1600 92 0 0.717489 0 0 0 0 0 0 0 0 0 0 0 0 0 0 0 0 0 0 0 0.0434783 0.0289855 0.115942 0.217391 0.246377 0.15942 0.115942 0.0724638 0 0 0 0 0 0 

2240 2221 1602 94 0 0.720396 0 0 0 0 0 0 0 0 0 0 0 0 0 0 0 0 0 0.0144928 0.0144928 0.0434783 0.0289855 0.115942 0.130435 0.188406 0.217391 0.173913 0.0434783 0.0289855 0 0 0 0 0 

2176 2167 1601 88 0 0.738348 0 0 0 0 0 0 0 0 0 0 0 0 0 0 0 0 0 0 0 0.0149254 0.0149254 0.0746269 0.149254 0.253731 0.164179 0.19403 0.119403 0.0149254 0 0 0 0 0 

2240 2211 1602 87 0 0.723654 0 0 0 0 0 0 0 0 0 0 0 0 0 0 0 0 0 0 0 0.0434783 0.0434783 0.057971 0.173913 0.202899 0.304348 0.115942 0.0144928 0.0289855 0.0144928 0 0 0 0 

2240 2225 1602 90 0 0.719101 0 0 0 0 0 0 0 0 0 0 0 0 0 0 0 0 0.0144928 0.0144928 0 0 0.0289855 0.130435 0.217391 0.173913 0.202899 0.130435 0.0869565 0 0 0 0 0 0 

