2240 2212 1602 94 0 0.723327 0 0 0 0 0 0 0 0 0 0 0 0 0 0 0 0 0 0 0 0.0144928 0.057971 0.0724638 0.217391 0.188406 0.231884 0.144928 0.057971 0.0144928 0 0 0 0 0 

2240 2217 1602 98 0 0.721696 0 0 0 0 0 0 0 0 0 0 0 0 0 0 0 0 0 0.0144928 0 0.0434783 0.0144928 0.0724638 0.173913 0.289855 0.144928 0.173913 0.0724638 0 0 0 0 0 0 

2240 2223 1602 97 0 0.719748 0 0 0 0 0 0 0 0 0 0 0 0 0 0 0 0 0 0 0.0144928 0.0144928 0.057971 0.101449 0.217391 0.188406 0.15942 0.188406 0.0434783 0.0144928 0 0 0 0 0 

2240 2216 1602 95 0 0.722022 0 0 0 0 0 0 0 0 0 0 0 0 0 0 0 0 0 0 0.0144928 0 0.057971 0.0869565 0.202899 0.188406 0.26087 0.115942 0.057971 0.0144928 0 0 0 0 0 

2240 2219 1602 94 0 0.721045 0 0 0 0 0 0 0 0 0 0 0 0 0 0 0 0 0 0 0.0144928 0.0144928 0.0724638 0.115942 0.144928 0.15942 0.275362 0.115942 0.0724638 0.0144928 0 0 0 0 0 

2208 2201 1600 103 0 0.726942 0 0 0 0 0 0 0 0 0 0 0 0 0 0 0 0 0 0.0294118 0 0 0.0735294 0.102941 0.117647 0.161765 0.235294 0.176471 0.0735294 0.0294118 0 0 0 0 0 

2240 2220 1603 100 0 0.720721 0 0 0 0 0 0 0 0 0 0 0 0 0 0 0 0 0 0 0 0.057971 0.0289855 0.130435 0.15942 0.217391 0.130435 0.188406 0.057971 0.0289855 0 0 0 0 0 

2240 2230 1603 101 0 0.717489 0 0 0 0 0 0 0 0 0 0 0 0 0 0 0 0 0 0 0.0144928 0.0289855 0.0434783 0.15942 0.130435 0.188406 0.275362 0.0869565 0.057971 0.0144928 0 0 0 0 0 

2208 2181 1602 91 0 0.733608 0 0 0 0 0 0 0 0 0 0 0 0 0 0 0 0 0 0 0.0294118 0 0.0588235 0.0441176 0.0735294 0.294118 0.191176 0.176471 0.102941 0.0294118 0 0 0 0 0 

2240 2211 1602 98 0 0.723654 0 0 0 0 0 0 0 0 0 0 0 0 0 0 0 0 0.0144928 0 0 0 0.057971 0.15942 0.115942 0.130435 0.275362 0.144928 0.0869565 0.0144928 0 0 0 0 0 

