2208 2202 1601 101 0 0.726612 0 0 0 0 0 0 0 0 0 0 0 0 0 0 0 0 0 0 0.0147059 0.0294118 0.0294118 0.132353 0.147059 0.161765 0.264706 0.0882353 0.0882353 0.0441176 0 0 0 0 0 

2208 2196 1602 89 0 0.728597 0 0 0 0 0 0 0 0 0 0 0 0 0 0 0 0 0 0 0 0.0294118 0.0147059 0.0294118 0.191176 0.279412 0.294118 0.102941 0.0588235 0 0 0 0 0 0 

2240 2220 1602 97 0 0.720721 0 0 0 0 0 0 0 0 0 0 0 0 0 0 0 0 0 0 0 0.0289855 0.0144928 0.173913 0.217391 0.173913 0.144928 0.144928 0.0724638 0.0289855 0 0 0 0 0 

2208 2203 1600 94 0 0.726282 0 0 0 0 0 0 0 0 0 0 0 0 0 0 0 0 0 0 0 0 0.0882353 0.0735294 0.191176 0.205882 0.191176 0.191176 0.0441176 0.0147059 0 0 0 0 0 

2208 2196 1602 97 0 0.728597 0 0 0 0 0 0 0 0 0 0 0 0 0 0 0 0 0 0 0.0147059 0 0.0588235 0.117647 0.117647 0.191176 0.25 0.147059 0.0882353 0.0147059 0 0 0 0 0 

2208 2193 1602 92 0 0.729594 0 0 0 0 0 0 0 0 0 0 0 0 0 0 0 0 0 0 0 0 0.0441176 0.117647 0.102941 0.308824 0.191176 0.147059 0.0735294 0 0.0147059 0 0 0 0 

2208 2196 1602 92 0 0.728597 0 0 0 0 0 0 0 0 0 0 0 0 0 0 0 0 0 0 0 0 0.0882353 0.117647 0.161765 0.191176 0.132353 0.161765 0.117647 0.0294118 0 0 0 0 0 

2240 2223 1603 104 0 0.719748 0 0 0 0 0 0 0 0 0 0 0 0 0 0 0 0 0 0.0289855 0.0144928 0.0144928 0.0434783 0.101449 0.0724638 0.275362 0.246377 0.144928 0.0434783 0.0144928 0 0 0 0 0 

2208 2180 1603 99 0 0.733945 0 0 0 0 0 0 0 0 0 0 0 0 0 0 0 0 0 0 0 0.0147059 0.0147059 0.0588235 0.176471 0.235294 0.220588 0.161765 0.102941 0.0147059 0 0 0 0 0 

2208 2197 1601 94 0 0.728266 0 0 0 0 0 0 0 0 0 0 0 0 0 0 0 0 0 0 0 0.0294118 0.0294118 0.0882353 0.161765 0.235294 0.176471 0.220588 0.0588235 0 0 0 0 0 0 

