2208 2181 1602 95 0 0.733608 0 0 0 0 0 0 0 0 0 0 0 0 0 0 0 0 0 0 0 0 0.0294118 0.0735294 0.102941 0.308824 0.25 0.176471 0.0294118 0.0147059 0.0147059 0 0 0 0 

2208 2184 1602 94 0 0.732601 0 0 0 0 0 0 0 0 0 0 0 0 0 0 0 0 0 0 0 0.0147059 0.0294118 0.117647 0.117647 0.25 0.205882 0.132353 0.0735294 0.0441176 0.0147059 0 0 0 0 

2208 2192 1602 84 0 0.729927 0 0 0 0 0 0 0 0 0 0 0 0 0 0 0 0 0 0 0 0 0.0294118 0.176471 0.102941 0.235294 0.205882 0.161765 0.0441176 0.0147059 0.0294118 0 0 0 0 

2208 2197 1601 97 0 0.728266 0 0 0 0 0 0 0 0 0 0 0 0 0 0 0 0 0 0 0.0294118 0.0441176 0.0147059 0.0588235 0.161765 0.161765 0.279412 0.147059 0.0882353 0.0147059 0 0 0 0 0 

2176 2166 1602 94 0 0.738689 0 0 0 0 0 0 0 0 0 0 0 0 0 0 0 0 0 0 0.0149254 0 0.0597015 0.134328 0.0895522 0.104478 0.19403 0.238806 0.134328 0.0298507 0 0 0 0 0 

2240 2220 1602 89 0 0.720721 0 0 0 0 0 0 0 0 0 0 0 0 0 0 0 0 0 0 0 0 0.0434783 0.144928 0.130435 0.304348 0.217391 0.101449 0.057971 0 0 0 0 0 0 

2240 2212 1602 92 0 0.723327 0 0 0 0 0 0 0 0 0 0 0 0 0 0 0 0 0 0 0 0.0434783 0 0.101449 0.15942 0.217391 0.318841 0.101449 0.057971 0 0 0 0 0 0 

2208 2181 1602 94 0 0.733608 0 0 0 0 0 0 0 0 0 0 0 0 0 0 0 0 0 0 0 0 0.0588235 0.102941 0.132353 0.205882 0.205882 0.161765 0.0735294 0.0441176 0.0147059 0 0 0 0 

2208 2181 1602 97 0 0.733608 0 0 0 0 0 0 0 0 0 0 0 0 0 0 0 0 0 0 0 0 0.0147059 0.132353 0.176471 0.191176 0.176471 0.176471 0.0882353 0.0441176 0 0 0 0 0 

2208 2185 1602 91 0 0.732265 0 0 0 0 0 0 0 0 0 0 0 0 0 0 0 0 0 0 0 0 0.0294118 0.132353 0.102941 0.191176 0.279412 0.205882 0.0441176 0.0147059 0 0 0 0 0 

