2240 2216 1602 92 0 0.722022 0 0 0 0 0 0 0 0 0 0 0 0 0 0 0 0 0 0 0 0.0144928 0.0434783 0.0724638 0.26087 0.188406 0.217391 0.144928 0.0434783 0.0144928 0 0 0 0 0 

2208 2197 1602 96 0 0.728266 0 0 0 0 0 0 0 0 0 0 0 0 0 0 0 0 0 0 0 0.0147059 0.0294118 0.0588235 0.25 0.235294 0.161765 0.147059 0.102941 0 0 0 0 0 0 

2240 2231 1602 87 0 0.717167 0 0 0 0 0 0 0 0 0 0 0 0 0 0 0 0 0 0 0.0144928 0.0144928 0.0869565 0.057971 0.144928 0.318841 0.217391 0.115942 0.0289855 0 0 0 0 0 0 

2208 2200 1602 88 0 0.727273 0 0 0 0 0 0 0 0 0 0 0 0 0 0 0 0 0 0 0.0147059 0.0147059 0.0294118 0.0735294 0.176471 0.191176 0.308824 0.132353 0.0588235 0 0 0 0 0 0 

2208 2197 1602 95 0 0.728266 0 0 0 0 0 0 0 0 0 0 0 0 0 0 0 0 0 0 0 0.0294118 0.0588235 0.117647 0.117647 0.176471 0.220588 0.191176 0.0588235 0.0294118 0 0 0 0 0 

2240 2225 1602 98 0 0.719101 0 0 0 0 0 0 0 0 0 0 0 0 0 0 0 0 0 0 0 0.0289855 0.0434783 0.130435 0.173913 0.275362 0.115942 0.188406 0.0144928 0.0289855 0 0 0 0 0 

2240 2226 1603 100 0 0.718778 0 0 0 0 0 0 0 0 0 0 0 0 0 0 0 0 0 0 0.0144928 0.0289855 0.115942 0.115942 0.0869565 0.130435 0.275362 0.144928 0.0869565 0 0 0 0 0 0 

2208 2187 1602 89 0 0.731596 0 0 0 0 0 0 0 0 0 0 0 0 0 0 0 0 0 0 0 0.0147059 0.0147059 0.0441176 0.25 0.235294 0.176471 0.147059 0.102941 0.0147059 0 0 0 0 0 

2208 2189 1602 82 0 0.730927 0 0 0 0 0 0 0 0 0 0 0 0 0 0 0 0 0 0 0 0.0147059 0.0588235 0.0588235 0.132353 0.235294 0.220588 0.205882 0.0735294 0 0 0 0 0 0 

2208 2186 1602 88 0 0.73193 0 0 0 0 0 0 0 0 0 0 0 0 0 0 0 0 0 0 0.0147059 0.0147059 0.0294118 0.0882353 0.117647 0.205882 0.25 0.191176 0.0588235 0.0294118 0 0 0 0 0 

