2240 2232 1603 99 0 0.716846 0 0 0 0 0 0 0 0 0 0 0 0 0 0 0 0 0 0 0.0144928 0.0144928 0.057971 0.130435 0.173913 0.26087 0.115942 0.188406 0.0434783 0 0 0 0 0 0 

2208 2182 1602 94 0 0.733272 0 0 0 0 0 0 0 0 0 0 0 0 0 0 0 0 0 0 0 0.0147059 0.0588235 0.102941 0.0735294 0.191176 0.279412 0.161765 0.0882353 0.0294118 0 0 0 0 0 

2272 2250 1603 100 0 0.711111 0 0 0 0 0 0 0 0 0 0 0 0 0 0 0 0 0 0 0 0.0142857 0.1 0.142857 0.157143 0.214286 0.257143 0.0571429 0.0428571 0.0142857 0 0 0 0 0 

2240 2213 1603 104 0 0.723 0 0 0 0 0 0 0 0 0 0 0 0 0 0 0 0 0.0144928 0 0.0144928 0 0.057971 0.0724638 0.202899 0.115942 0.304348 0.130435 0.057971 0.0289855 0 0 0 0 0 

2208 2198 1602 91 0 0.727934 0 0 0 0 0 0 0 0 0 0 0 0 0 0 0 0 0 0 0 0.0588235 0.0441176 0.0882353 0.132353 0.191176 0.220588 0.161765 0.0441176 0.0588235 0 0 0 0 0 

2208 2201 1600 105 0 0.726942 0 0 0 0 0 0 0 0 0 0 0 0 0 0 0 0 0 0 0.0147059 0.0294118 0.0294118 0.0588235 0.176471 0.264706 0.191176 0.161765 0.0294118 0.0441176 0 0 0 0 0 

2240 2218 1602 97 0 0.721371 0 0 0 0 0 0 0 0 0 0 0 0 0 0 0 0 0 0 0 0.0434783 0.0724638 0.0724638 0.15942 0.188406 0.26087 0.130435 0.0434783 0.0289855 0 0 0 0 0 

2208 2195 1603 99 0 0.728929 0 0 0 0 0 0 0 0 0 0 0 0 0 0 0 0 0 0 0 0.0294118 0.0294118 0.0882353 0.176471 0.220588 0.205882 0.117647 0.117647 0.0147059 0 0 0 0 0 

2208 2189 1602 95 0 0.730927 0 0 0 0 0 0 0 0 0 0 0 0 0 0 0 0 0 0 0 0.0147059 0.0588235 0.0735294 0.117647 0.220588 0.235294 0.220588 0.0441176 0.0147059 0 0 0 0 0 

2240 2216 1602 94 0 0.722022 0 0 0 0 0 0 0 0 0 0 0 0 0 0 0 0 0 0 0.0289855 0.0144928 0.0434783 0.0869565 0.202899 0.115942 0.26087 0.188406 0.057971 0 0 0 0 0 0 

