2208 2201 1602 86 0 0.726942 0 0 0 0 0 0 0 0 0 0 0 0 0 0 0 0 0 0.0147059 0.0147059 0.0147059 0.0294118 0.0735294 0.132353 0.294118 0.176471 0.161765 0.0735294 0.0147059 0 0 0 0 0 

2240 2220 1603 104 0 0.720721 0 0 0 0 0 0 0 0 0 0 0 0 0 0 0 0 0 0.0144928 0 0.0144928 0.101449 0.130435 0.101449 0.173913 0.188406 0.15942 0.101449 0.0144928 0 0 0 0 0 

2208 2198 1601 90 0 0.727934 0 0 0 0 0 0 0 0 0 0 0 0 0 0 0 0 0 0 0 0.0147059 0.0441176 0.0735294 0.176471 0.235294 0.220588 0.176471 0.0588235 0 0 0 0 0 0 

2176 2164 1602 84 0 0.739372 0 0 0 0 0 0 0 0 0 0 0 0 0 0 0 0 0 0 0 0 0.0597015 0.0447761 0.0447761 0.358209 0.268657 0.0746269 0.0895522 0.0597015 0 0 0 0 0 

2240 2216 1603 100 0 0.722022 0 0 0 0 0 0 0 0 0 0 0 0 0 0 0 0 0 0 0 0.0144928 0.057971 0.115942 0.217391 0.188406 0.15942 0.130435 0.0869565 0.0289855 0 0 0 0 0 

2240 2224 1602 95 0 0.719424 0 0 0 0 0 0 0 0 0 0 0 0 0 0 0 0 0 0 0 0.0289855 0.0434783 0.115942 0.173913 0.246377 0.188406 0.15942 0.0434783 0 0 0 0 0 0 

2208 2184 1602 93 0 0.732601 0 0 0 0 0 0 0 0 0 0 0 0 0 0 0 0 0 0 0.0147059 0 0.0147059 0.102941 0.117647 0.235294 0.279412 0.132353 0.0735294 0.0294118 0 0 0 0 0 

2208 2193 1602 92 0 0.729594 0 0 0 0 0 0 0 0 0 0 0 0 0 0 0 0 0 0 0.0147059 0 0.0147059 0.102941 0.176471 0.220588 0.205882 0.191176 0.0735294 0 0 0 0 0 0 

2208 2197 1601 100 0 0.728266 0 0 0 0 0 0 0 0 0 0 0 0 0 0 0 0 0 0 0 0.0294118 0.0441176 0.102941 0.0882353 0.279412 0.205882 0.161765 0.0735294 0.0147059 0 0 0 0 0 

2240 2228 1602 96 0 0.718133 0 0 0 0 0 0 0 0 0 0 0 0 0 0 0 0 0 0 0 0 0.130435 0.173913 0.130435 0.130435 0.15942 0.188406 0.0869565 0 0 0 0 0 0 

