2208 2192 1602 94 0 0.729927 0 0 0 0 0 0 0 0 0 0 0 0 0 0 0 0 0 0 0.0147059 0.0147059 0.0441176 0.117647 0.117647 0.191176 0.205882 0.176471 0.0882353 0.0294118 0 0 0 0 0 

2208 2187 1602 93 0 0.731596 0 0 0 0 0 0 0 0 0 0 0 0 0 0 0 0 0 0 0 0.0147059 0.0735294 0.0294118 0.220588 0.176471 0.235294 0.0882353 0.102941 0.0588235 0 0 0 0 0 

2240 2221 1603 104 0 0.720396 0 0 0 0 0 0 0 0 0 0 0 0 0 0 0 0 0 0 0 0.0144928 0.0724638 0.0869565 0.202899 0.173913 0.246377 0.15942 0.0434783 0 0 0 0 0 0 

2176 2167 1602 91 0 0.738348 0 0 0 0 0 0 0 0 0 0 0 0 0 0 0 0 0 0 0 0.0149254 0.0149254 0.104478 0.0746269 0.19403 0.313433 0.208955 0.0746269 0 0 0 0 0 0 

2272 2244 1602 98 0 0.713012 0 0 0 0 0 0 0 0 0 0 0 0 0 0 0 0 0 0 0.0142857 0.0142857 0.0428571 0.157143 0.228571 0.171429 0.171429 0.142857 0.0571429 0 0 0 0 0 0 

2176 2167 1602 89 0 0.738348 0 0 0 0 0 0 0 0 0 0 0 0 0 0 0 0 0 0 0 0.0149254 0.0298507 0.0895522 0.104478 0.238806 0.19403 0.208955 0.0895522 0.0298507 0 0 0 0 0 

2208 2198 1602 85 0 0.727934 0 0 0 0 0 0 0 0 0 0 0 0 0 0 0 0 0 0.0294118 0 0.0147059 0.0147059 0.0588235 0.191176 0.279412 0.132353 0.176471 0.0882353 0 0.0147059 0 0 0 0 

2208 2194 1602 93 0 0.729262 0 0 0 0 0 0 0 0 0 0 0 0 0 0 0 0 0 0 0 0 0.0441176 0.102941 0.132353 0.235294 0.308824 0.102941 0.0441176 0.0294118 0 0 0 0 0 

2176 2150 1602 82 0 0.744186 0 0 0 0 0 0 0 0 0 0 0 0 0 0 0 0 0 0 0 0 0.0298507 0.0597015 0.149254 0.149254 0.238806 0.223881 0.104478 0.0447761 0 0 0 0 0 

2208 2200 1601 102 0 0.727273 0 0 0 0 0 0 0 0 0 0 0 0 0 0 0 0 0 0 0 0.0147059 0.0735294 0.0735294 0.205882 0.147059 0.176471 0.25 0.0588235 0 0 0 0 0 0 

