2240 2214 1602 91 0 0.722674 0 0 0 0 0 0 0 0 0 0 0 0 0 0 0 0 0 0.0144928 0 0 0.0144928 0.188406 0.115942 0.202899 0.202899 0.231884 0.0289855 0 0 0 0 0 0 

2240 2220 1603 100 0 0.720721 0 0 0 0 0 0 0 0 0 0 0 0 0 0 0 0 0 0.0289855 0 0.0144928 0.0434783 0.101449 0.144928 0.202899 0.26087 0.115942 0.0724638 0.0144928 0 0 0 0 0 

2208 2185 1602 95 0 0.732265 0 0 0 0 0 0 0 0 0 0 0 0 0 0 0 0 0.0147059 0 0 0 0.0441176 0.0882353 0.117647 0.235294 0.176471 0.205882 0.102941 0.0147059 0 0 0 0 0 

2208 2195 1602 88 0 0.728929 0 0 0 0 0 0 0 0 0 0 0 0 0 0 0 0 0 0 0 0.0294118 0.0294118 0.0735294 0.176471 0.220588 0.235294 0.161765 0.0441176 0.0294118 0 0 0 0 0 

2208 2198 1602 86 0 0.727934 0 0 0 0 0 0 0 0 0 0 0 0 0 0 0 0 0 0 0 0.0147059 0.0588235 0.0588235 0.191176 0.176471 0.294118 0.132353 0.0735294 0 0 0 0 0 0 

2208 2200 1602 98 0 0.727273 0 0 0 0 0 0 0 0 0 0 0 0 0 0 0 0 0 0 0 0.0441176 0.0294118 0.0735294 0.102941 0.25 0.294118 0.191176 0.0147059 0 0 0 0 0 0 

2208 2197 1602 86 0 0.728266 0 0 0 0 0 0 0 0 0 0 0 0 0 0 0 0 0 0 0 0.0147059 0.0588235 0.102941 0.117647 0.25 0.220588 0.147059 0.0735294 0 0.0147059 0 0 0 0 

2272 2264 1601 94 0 0.706714 0 0 0 0 0 0 0 0 0 0 0 0 0 0 0 0 0 0 0.0142857 0.0571429 0.0428571 0.185714 0.171429 0.228571 0.142857 0.1 0.0571429 0 0 0 0 0 0 

2240 2211 1602 98 0 0.723654 0 0 0 0 0 0 0 0 0 0 0 0 0 0 0 0 0 0 0 0.0289855 0.0434783 0.101449 0.115942 0.246377 0.217391 0.217391 0.0289855 0 0 0 0 0 0 

2240 2225 1602 98 0 0.719101 0 0 0 0 0 0 0 0 0 0 0 0 0 0 0 0 0.0144928 0 0 0.0434783 0.057971 0.0724638 0.188406 0.144928 0.304348 0.0869565 0.0724638 0.0144928 0 0 0 0 0 

