2208 2188 1602 94 0 0.731261 0 0 0 0 0 0 0 0 0 0 0 0 0 0 0 0 0 0 0 0.0147059 0.0147059 0.102941 0.176471 0.191176 0.264706 0.117647 0.102941 0.0147059 0 0 0 0 0 

2240 2230 1602 87 0 0.717489 0 0 0 0 0 0 0 0 0 0 0 0 0 0 0 0 0.0144928 0 0 0.0144928 0.0289855 0.15942 0.15942 0.15942 0.304348 0.15942 0 0 0 0 0 0 0 

2208 2183 1603 104 0 0.732936 0 0 0 0 0 0 0 0 0 0 0 0 0 0 0 0 0 0.0147059 0 0 0.0294118 0.117647 0.132353 0.147059 0.220588 0.25 0.0588235 0.0294118 0 0 0 0 0 

2208 2192 1602 91 0 0.729927 0 0 0 0 0 0 0 0 0 0 0 0 0 0 0 0 0 0.0147059 0 0.0147059 0.0294118 0.0735294 0.147059 0.294118 0.176471 0.147059 0.0441176 0.0441176 0.0147059 0 0 0 0 

2208 2191 1602 86 0 0.73026 0 0 0 0 0 0 0 0 0 0 0 0 0 0 0 0 0 0.0147059 0 0.0147059 0.0735294 0.0735294 0.0735294 0.25 0.264706 0.0882353 0.102941 0.0441176 0 0 0 0 0 

2208 2200 1602 98 0 0.727273 0 0 0 0 0 0 0 0 0 0 0 0 0 0 0 0 0 0 0 0.0147059 0.0294118 0.102941 0.176471 0.220588 0.235294 0.161765 0.0588235 0 0 0 0 0 0 

2208 2195 1602 88 0 0.728929 0 0 0 0 0 0 0 0 0 0 0 0 0 0 0 0 0 0 0 0 0.0882353 0.0735294 0.176471 0.147059 0.25 0.205882 0.0294118 0.0294118 0 0 0 0 0 

2176 2160 1602 98 0 0.740741 0 0 0 0 0 0 0 0 0 0 0 0 0 0 0 0 0 0 0 0 0.0149254 0.0447761 0.164179 0.208955 0.283582 0.19403 0.0597015 0.0298507 0 0 0 0 0 

2208 2195 1602 89 0 0.728929 0 0 0 0 0 0 0 0 0 0 0 0 0 0 0 0 0 0 0 0.0147059 0.0294118 0.117647 0.147059 0.220588 0.25 0.102941 0.117647 0 0 0 0 0 0 

2208 2188 1602 86 0 0.731261 0 0 0 0 0 0 0 0 0 0 0 0 0 0 0 0 0 0 0 0 0.0441176 0.102941 0.147059 0.161765 0.264706 0.235294 0.0441176 0 0 0 0 0 0 

