2208 2192 1603 99 0 0.729927 0 0 0 0 0 0 0 0 0 0 0 0 0 0 0 0 0 0 0 0.0294118 0.0147059 0.102941 0.0882353 0.279412 0.25 0.161765 0.0735294 0 0 0 0 0 0 

2240 2222 1603 110 0 0.720072 0 0 0 0 0 0 0 0 0 0 0 0 0 0 0 0 0 0.0144928 0.0144928 0 0.0289855 0.144928 0.101449 0.289855 0.217391 0.130435 0.0434783 0.0144928 0 0 0 0 0 

2176 2166 1601 95 0 0.738689 0 0 0 0 0 0 0 0 0 0 0 0 0 0 0 0 0 0 0 0.0149254 0.0746269 0.0895522 0.119403 0.119403 0.223881 0.179104 0.134328 0.0447761 0 0 0 0 0 

2240 2216 1602 95 0 0.722022 0 0 0 0 0 0 0 0 0 0 0 0 0 0 0 0 0.0144928 0 0 0.0144928 0.0869565 0.0869565 0.15942 0.173913 0.217391 0.115942 0.115942 0.0144928 0 0 0 0 0 

2240 2216 1602 96 0 0.722022 0 0 0 0 0 0 0 0 0 0 0 0 0 0 0 0 0 0 0.0144928 0 0.0434783 0.130435 0.173913 0.15942 0.289855 0.115942 0.0724638 0 0 0 0 0 0 

2208 2190 1602 88 0 0.730594 0 0 0 0 0 0 0 0 0 0 0 0 0 0 0 0 0 0 0 0.0294118 0.0588235 0.0441176 0.102941 0.308824 0.176471 0.191176 0.0735294 0.0147059 0 0 0 0 0 

2272 2247 1603 100 0 0.712061 0 0 0 0 0 0 0 0 0 0 0 0 0 0 0 0 0 0.0142857 0.0142857 0.0428571 0.0142857 0.1 0.228571 0.214286 0.171429 0.185714 0 0.0142857 0 0 0 0 0 

2240 2225 1603 102 0 0.719101 0 0 0 0 0 0 0 0 0 0 0 0 0 0 0 0 0 0 0 0.0289855 0.0289855 0.15942 0.15942 0.275362 0.144928 0.115942 0.057971 0.0289855 0 0 0 0 0 

2240 2230 1602 95 0 0.717489 0 0 0 0 0 0 0 0 0 0 0 0 0 0 0 0 0 0 0.0144928 0 0.0434783 0.15942 0.188406 0.246377 0.144928 0.144928 0.057971 0 0 0 0 0 0 

2208 2189 1603 108 0 0.730927 0 0 0 0 0 0 0 0 0 0 0 0 0 0 0 0 0 0 0 0.0294118 0.0294118 0.0441176 0.205882 0.235294 0.176471 0.191176 0.0441176 0.0294118 0.0147059 0 0 0 0 

