2176 2167 1600 97 0 0.738348 0 0 0 0 0 0 0 0 0 0 0 0 0 0 0 0 0 0 0 0.0149254 0.0298507 0.0149254 0.208955 0.179104 0.238806 0.223881 0.0895522 0 0 0 0 0 0 

2208 2198 1601 86 0 0.727934 0 0 0 0 0 0 0 0 0 0 0 0 0 0 0 0 0 0 0 0.0294118 0.0294118 0.0588235 0.176471 0.264706 0.235294 0.132353 0.0588235 0.0147059 0 0 0 0 0 

2208 2185 1602 98 0 0.732265 0 0 0 0 0 0 0 0 0 0 0 0 0 0 0 0 0 0.0147059 0 0 0 0.0588235 0.176471 0.264706 0.25 0.147059 0.0882353 0 0 0 0 0 0 

2208 2199 1602 93 0 0.727603 0 0 0 0 0 0 0 0 0 0 0 0 0 0 0 0 0 0 0 0.0147059 0.0294118 0.117647 0.147059 0.220588 0.220588 0.220588 0.0294118 0 0 0 0 0 0 

2208 2190 1602 95 0 0.730594 0 0 0 0 0 0 0 0 0 0 0 0 0 0 0 0 0 0 0 0 0.0147059 0.0882353 0.191176 0.25 0.25 0.117647 0.0735294 0.0147059 0 0 0 0 0 

2208 2190 1602 98 0 0.730594 0 0 0 0 0 0 0 0 0 0 0 0 0 0 0 0 0 0 0 0 0.0588235 0.0441176 0.147059 0.279412 0.264706 0.132353 0.0588235 0.0147059 0 0 0 0 0 

2240 2230 1602 96 0 0.717489 0 0 0 0 0 0 0 0 0 0 0 0 0 0 0 0 0 0.0289855 0 0 0.057971 0.15942 0.15942 0.188406 0.217391 0.115942 0.0434783 0.0144928 0 0.0144928 0 0 0 

2208 2180 1602 89 0 0.733945 0 0 0 0 0 0 0 0 0 0 0 0 0 0 0 0 0 0 0 0.0147059 0.0147059 0.0882353 0.117647 0.191176 0.338235 0.147059 0.0882353 0 0 0 0 0 0 

2208 2189 1602 87 0 0.730927 0 0 0 0 0 0 0 0 0 0 0 0 0 0 0 0 0 0 0 0.0294118 0.0294118 0.0588235 0.176471 0.161765 0.308824 0.147059 0.0882353 0 0 0 0 0 0 

2240 2212 1602 97 0 0.723327 0 0 0 0 0 0 0 0 0 0 0 0 0 0 0 0 0 0 0 0.0289855 0.0144928 0.101449 0.202899 0.217391 0.217391 0.144928 0.0724638 0 0 0 0 0 0 

