2240 2215 1602 87 0 0.722348 0 0 0 0 0 0 0 0 0 0 0 0 0 0 0 0 0 0 0 0.0144928 0.0144928 0.115942 0.173913 0.304348 0.188406 0.130435 0.057971 0 0 0 0 0 0 

2208 2188 1602 90 0 0.731261 0 0 0 0 0 0 0 0 0 0 0 0 0 0 0 0 0 0 0 0 0.0441176 0.0735294 0.176471 0.264706 0.176471 0.161765 0.0735294 0.0294118 0 0 0 0 0 

2208 2187 1603 103 0 0.731596 0 0 0 0 0 0 0 0 0 0 0 0 0 0 0 0 0 0 0 0.0294118 0.0441176 0 0.161765 0.323529 0.161765 0.176471 0.102941 0 0 0 0 0 0 

2176 2163 1601 79 0 0.739713 0 0 0 0 0 0 0 0 0 0 0 0 0 0 0 0 0 0 0 0 0.0597015 0.0447761 0.119403 0.179104 0.298507 0.208955 0.0746269 0.0149254 0 0 0 0 0 

2240 2219 1602 94 0 0.721045 0 0 0 0 0 0 0 0 0 0 0 0 0 0 0 0 0 0 0 0.0289855 0.0724638 0.057971 0.202899 0.231884 0.173913 0.173913 0.0434783 0.0144928 0 0 0 0 0 

2208 2192 1601 80 0 0.729927 0 0 0 0 0 0 0 0 0 0 0 0 0 0 0 0 0 0 0 0.0147059 0.0147059 0.0735294 0.264706 0.132353 0.294118 0.117647 0.0588235 0.0294118 0 0 0 0 0 

2208 2179 1602 97 0 0.734282 0 0 0 0 0 0 0 0 0 0 0 0 0 0 0 0 0 0 0.0147059 0.0147059 0 0.0735294 0.147059 0.220588 0.220588 0.205882 0.102941 0 0 0 0 0 0 

2240 2216 1603 106 0 0.722022 0 0 0 0 0 0 0 0 0 0 0 0 0 0 0 0 0 0 0 0.0289855 0.0289855 0.101449 0.173913 0.246377 0.217391 0.144928 0.0434783 0.0144928 0 0 0 0 0 

2208 2192 1602 97 0 0.729927 0 0 0 0 0 0 0 0 0 0 0 0 0 0 0 0 0 0 0.0294118 0 0.0588235 0.0735294 0.117647 0.176471 0.279412 0.176471 0.0735294 0.0147059 0 0 0 0 0 

2208 2183 1602 95 0 0.732936 0 0 0 0 0 0 0 0 0 0 0 0 0 0 0 0 0 0 0.0147059 0.0294118 0.0588235 0.0588235 0.102941 0.220588 0.191176 0.161765 0.132353 0.0147059 0.0147059 0 0 0 0 

