2240 2221 1602 94 0 0.720396 0 0 0 0 0 0 0 0 0 0 0 0 0 0 0 0 0 0.0144928 0.0144928 0 0.0869565 0.0434783 0.231884 0.202899 0.15942 0.144928 0.0869565 0.0144928 0 0 0 0 0 

2272 2259 1603 101 0 0.708278 0 0 0 0 0 0 0 0 0 0 0 0 0 0 0 0 0 0.0142857 0 0.0142857 0.0714286 0.128571 0.314286 0.128571 0.142857 0.142857 0.0428571 0 0 0 0 0 0 

2208 2192 1602 98 0 0.729927 0 0 0 0 0 0 0 0 0 0 0 0 0 0 0 0 0 0 0 0.0294118 0.0147059 0.0588235 0.132353 0.235294 0.367647 0.132353 0.0147059 0.0147059 0 0 0 0 0 

2240 2220 1602 90 0 0.720721 0 0 0 0 0 0 0 0 0 0 0 0 0 0 0 0 0 0 0 0.0144928 0.0434783 0.101449 0.202899 0.217391 0.217391 0.188406 0.0144928 0 0 0 0 0 0 

2208 2194 1602 86 0 0.729262 0 0 0 0 0 0 0 0 0 0 0 0 0 0 0 0 0 0.0147059 0.0147059 0.0147059 0.0294118 0.0735294 0.147059 0.132353 0.367647 0.117647 0.0588235 0.0294118 0 0 0 0 0 

2240 2222 1603 102 0 0.720072 0 0 0 0 0 0 0 0 0 0 0 0 0 0 0 0 0 0 0.0144928 0.0144928 0.057971 0.130435 0.101449 0.246377 0.231884 0.15942 0.0289855 0.0144928 0 0 0 0 0 

2208 2182 1602 98 0 0.733272 0 0 0 0 0 0 0 0 0 0 0 0 0 0 0 0 0 0 0.0147059 0 0.0294118 0.0588235 0.191176 0.205882 0.220588 0.147059 0.102941 0.0294118 0 0 0 0 0 

2240 2215 1602 93 0 0.722348 0 0 0 0 0 0 0 0 0 0 0 0 0 0 0 0 0 0.0144928 0 0.0434783 0.0289855 0.115942 0.173913 0.188406 0.15942 0.144928 0.101449 0.0289855 0 0 0 0 0 

2208 2183 1602 96 0 0.732936 0 0 0 0 0 0 0 0 0 0 0 0 0 0 0 0 0 0 0 0 0.0441176 0.132353 0.0735294 0.205882 0.25 0.220588 0.0588235 0.0147059 0 0 0 0 0 

2208 2192 1602 91 0 0.729927 0 0 0 0 0 0 0 0 0 0 0 0 0 0 0 0 0 0 0 0.0147059 0.0294118 0.0735294 0.176471 0.235294 0.25 0.147059 0.0441176 0.0294118 0 0 0 0 0 

