2272 2248 1602 96 0 0.711744 0 0 0 0 0 0 0 0 0 0 0 0 0 0 0 0 0 0 0.0142857 0.0285714 0.0142857 0.142857 0.214286 0.228571 0.242857 0.0857143 0.0285714 0 0 0 0 0 0 

2208 2199 1602 86 0 0.727603 0 0 0 0 0 0 0 0 0 0 0 0 0 0 0 0 0 0 0 0 0.0588235 0.0294118 0.205882 0.338235 0.132353 0.191176 0.0294118 0.0147059 0 0 0 0 0 

2240 2232 1602 96 0 0.716846 0 0 0 0 0 0 0 0 0 0 0 0 0 0 0 0 0.0144928 0 0.0144928 0.0144928 0.0434783 0.0724638 0.231884 0.246377 0.144928 0.188406 0.0289855 0 0 0 0 0 0 

2208 2195 1602 95 0 0.728929 0 0 0 0 0 0 0 0 0 0 0 0 0 0 0 0 0 0 0 0 0.0588235 0.132353 0.147059 0.235294 0.161765 0.147059 0.0588235 0.0588235 0 0 0 0 0 

2208 2200 1601 87 0 0.727273 0 0 0 0 0 0 0 0 0 0 0 0 0 0 0 0 0 0 0.0147059 0.0147059 0.0147059 0.102941 0.191176 0.161765 0.279412 0.176471 0.0294118 0.0147059 0 0 0 0 0 

2208 2196 1603 100 0 0.728597 0 0 0 0 0 0 0 0 0 0 0 0 0 0 0 0 0 0 0.0147059 0 0.0441176 0.102941 0.147059 0.235294 0.191176 0.161765 0.0882353 0.0147059 0 0 0 0 0 

2208 2197 1601 87 0 0.728266 0 0 0 0 0 0 0 0 0 0 0 0 0 0 0 0 0 0 0 0.0147059 0.0882353 0.0735294 0.132353 0.220588 0.220588 0.132353 0.102941 0.0147059 0 0 0 0 0 

2208 2193 1602 88 0 0.729594 0 0 0 0 0 0 0 0 0 0 0 0 0 0 0 0 0 0 0 0 0.0147059 0.132353 0.117647 0.264706 0.25 0.176471 0.0441176 0 0 0 0 0 0 

2208 2187 1602 88 0 0.731596 0 0 0 0 0 0 0 0 0 0 0 0 0 0 0 0 0 0 0 0.0147059 0.0294118 0.0441176 0.191176 0.235294 0.264706 0.117647 0.0882353 0.0147059 0 0 0 0 0 

2272 2247 1603 99 0 0.712061 0 0 0 0 0 0 0 0 0 0 0 0 0 0 0 0 0 0 0.0142857 0 0.0714286 0.171429 0.2 0.2 0.157143 0.0857143 0.1 0 0 0 0 0 0 

