2240 2221 1602 96 0 0.720396 0 0 0 0 0 0 0 0 0 0 0 0 0 0 0 0 0 0.0144928 0 0 0.057971 0.115942 0.188406 0.217391 0.173913 0.15942 0.0724638 0 0 0 0 0 0 

2176 2170 1600 83 0 0.737327 0 0 0 0 0 0 0 0 0 0 0 0 0 0 0 0 0 0 0 0 0 0.0597015 0.208955 0.253731 0.238806 0.149254 0.0447761 0.0447761 0 0 0 0 0 

2208 2196 1602 94 0 0.728597 0 0 0 0 0 0 0 0 0 0 0 0 0 0 0 0 0 0 0.0147059 0.0294118 0.0294118 0.0588235 0.132353 0.235294 0.264706 0.191176 0.0294118 0.0147059 0 0 0 0 0 

2176 2167 1602 92 0 0.738348 0 0 0 0 0 0 0 0 0 0 0 0 0 0 0 0 0 0 0.0149254 0.0149254 0 0.0746269 0.164179 0.179104 0.223881 0.223881 0.0746269 0.0298507 0 0 0 0 0 

2240 2216 1602 90 0 0.722022 0 0 0 0 0 0 0 0 0 0 0 0 0 0 0 0 0 0 0.0144928 0.0144928 0.0289855 0.101449 0.231884 0.173913 0.217391 0.130435 0.0724638 0.0144928 0 0 0 0 0 

2240 2225 1602 95 0 0.719101 0 0 0 0 0 0 0 0 0 0 0 0 0 0 0 0.0144928 0 0.0144928 0 0.0144928 0.0724638 0.057971 0.188406 0.15942 0.26087 0.173913 0.0289855 0.0144928 0 0 0 0 0 

2208 2192 1602 91 0 0.729927 0 0 0 0 0 0 0 0 0 0 0 0 0 0 0 0 0 0 0 0.0147059 0.0441176 0.0882353 0.117647 0.220588 0.294118 0.147059 0.0735294 0 0 0 0 0 0 

2240 2224 1602 94 0 0.719424 0 0 0 0 0 0 0 0 0 0 0 0 0 0 0 0 0 0.0144928 0.0289855 0 0.0289855 0.130435 0.15942 0.202899 0.202899 0.173913 0.057971 0 0 0 0 0 0 

2208 2180 1603 99 0 0.733945 0 0 0 0 0 0 0 0 0 0 0 0 0 0 0 0 0 0 0.0147059 0.0294118 0.0588235 0.0147059 0.117647 0.205882 0.205882 0.264706 0.0588235 0.0294118 0 0 0 0 0 

2208 2203 1600 92 0 0.726282 0 0 0 0 0 0 0 0 0 0 0 0 0 0 0 0 0 0 0 0.0294118 0.0441176 0.0588235 0.176471 0.25 0.264706 0.102941 0.0588235 0.0147059 0 0 0 0 0 

