2208 2198 1602 92 0 0.727934 0 0 0 0 0 0 0 0 0 0 0 0 0 0 0 0 0 0 0 0 0.0441176 0.0588235 0.191176 0.294118 0.220588 0.117647 0.0735294 0 0 0 0 0 0 

2208 2197 1602 91 0 0.728266 0 0 0 0 0 0 0 0 0 0 0 0 0 0 0 0 0 0 0 0.0294118 0.0294118 0.0588235 0.176471 0.235294 0.25 0.176471 0.0294118 0.0147059 0 0 0 0 0 

2208 2188 1602 92 0 0.731261 0 0 0 0 0 0 0 0 0 0 0 0 0 0 0 0 0 0 0 0.0147059 0 0.102941 0.132353 0.264706 0.279412 0.117647 0.0882353 0 0 0 0 0 0 

2240 2228 1602 95 0 0.718133 0 0 0 0 0 0 0 0 0 0 0 0 0 0 0 0 0 0 0.0289855 0.0434783 0.0869565 0.057971 0.115942 0.26087 0.188406 0.144928 0.0434783 0.0144928 0.0144928 0 0 0 0 

2240 2221 1603 99 0 0.720396 0 0 0 0 0 0 0 0 0 0 0 0 0 0 0 0 0 0 0.0289855 0 0.0289855 0.0869565 0.246377 0.217391 0.173913 0.144928 0.057971 0.0144928 0 0 0 0 0 

2208 2200 1602 92 0 0.727273 0 0 0 0 0 0 0 0 0 0 0 0 0 0 0 0 0 0 0 0 0.0441176 0.0441176 0.176471 0.294118 0.279412 0.161765 0 0 0 0 0 0 0 

2208 2191 1602 88 0 0.73026 0 0 0 0 0 0 0 0 0 0 0 0 0 0 0 0 0 0 0.0147059 0.0294118 0.0147059 0.147059 0.102941 0.176471 0.220588 0.191176 0.0441176 0.0588235 0 0 0 0 0 

2240 2211 1602 87 0 0.723654 0 0 0 0 0 0 0 0 0 0 0 0 0 0 0 0 0 0 0 0 0.0144928 0.0869565 0.289855 0.26087 0.115942 0.15942 0.0434783 0.0289855 0 0 0 0 0 

2176 2166 1602 95 0 0.738689 0 0 0 0 0 0 0 0 0 0 0 0 0 0 0 0 0 0 0.0149254 0 0.0298507 0.0746269 0.119403 0.208955 0.238806 0.179104 0.119403 0.0149254 0 0 0 0 0 

2240 2229 1602 92 0 0.717811 0 0 0 0 0 0 0 0 0 0 0 0 0 0 0 0 0 0 0.0289855 0.0289855 0.0144928 0.101449 0.202899 0.26087 0.188406 0.0869565 0.0869565 0 0 0 0 0 0 

