2272 2246 1603 98 0 0.712378 0 0 0 0 0 0 0 0 0 0 0 0 0 0 0 0 0 0 0.0142857 0.0428571 0.0428571 0.0857143 0.185714 0.314286 0.157143 0.0857143 0.0714286 0 0 0 0 0 0 

2240 2221 1602 95 0 0.720396 0 0 0 0 0 0 0 0 0 0 0 0 0 0 0 0 0 0 0.0434783 0.0434783 0.0289855 0.101449 0.115942 0.246377 0.15942 0.130435 0.115942 0.0144928 0 0 0 0 0 

2208 2199 1602 85 0 0.727603 0 0 0 0 0 0 0 0 0 0 0 0 0 0 0 0.0147059 0 0 0 0.0147059 0.0588235 0.102941 0.147059 0.147059 0.294118 0.0882353 0.0735294 0.0588235 0 0 0 0 0 

2208 2193 1602 98 0 0.729594 0 0 0 0 0 0 0 0 0 0 0 0 0 0 0 0 0 0 0.0147059 0.0147059 0.0735294 0.0441176 0.132353 0.25 0.205882 0.147059 0.0882353 0.0294118 0 0 0 0 0 

2208 2185 1602 82 0 0.732265 0 0 0 0 0 0 0 0 0 0 0 0 0 0 0 0 0 0 0 0 0.0294118 0.0882353 0.132353 0.176471 0.382353 0.147059 0.0294118 0.0147059 0 0 0 0 0 

2208 2187 1602 89 0 0.731596 0 0 0 0 0 0 0 0 0 0 0 0 0 0 0 0 0 0 0.0147059 0.0441176 0.0147059 0.0294118 0.132353 0.235294 0.264706 0.191176 0.0588235 0.0147059 0 0 0 0 0 

2272 2256 1603 104 0 0.70922 0 0 0 0 0 0 0 0 0 0 0 0 0 0 0 0 0 0 0.0142857 0.0285714 0.1 0.171429 0.1 0.214286 0.257143 0.0428571 0.0428571 0.0142857 0.0142857 0 0 0 0 

2240 2212 1602 94 0 0.723327 0 0 0 0 0 0 0 0 0 0 0 0 0 0 0 0 0 0 0 0 0.0434783 0.130435 0.231884 0.130435 0.231884 0.15942 0.057971 0.0144928 0 0 0 0 0 

2240 2226 1603 99 0 0.718778 0 0 0 0 0 0 0 0 0 0 0 0 0 0 0 0 0 0 0.0144928 0.0289855 0.0724638 0.101449 0.130435 0.231884 0.217391 0.144928 0.0289855 0.0289855 0 0 0 0 0 

2208 2197 1602 98 0 0.728266 0 0 0 0 0 0 0 0 0 0 0 0 0 0 0 0 0 0 0.0147059 0.0147059 0.0441176 0.0882353 0.147059 0.205882 0.25 0.132353 0.0882353 0.0147059 0 0 0 0 0 

