2208 2184 1602 89 0 0.732601 0 0 0 0 0 0 0 0 0 0 0 0 0 0 0 0 0 0 0 0.0147059 0.0294118 0.0882353 0.161765 0.25 0.132353 0.220588 0.0588235 0.0441176 0 0 0 0 0 

2176 2168 1602 95 0 0.738007 0 0 0 0 0 0 0 0 0 0 0 0 0 0 0 0 0 0 0.0149254 0.0149254 0.0149254 0.0746269 0.0895522 0.179104 0.298507 0.268657 0.0447761 0 0 0 0 0 0 

2208 2193 1602 94 0 0.729594 0 0 0 0 0 0 0 0 0 0 0 0 0 0 0 0 0 0 0.0147059 0 0.0588235 0.0441176 0.161765 0.279412 0.191176 0.132353 0.117647 0 0 0 0 0 0 

2272 2244 1602 90 0 0.713012 0 0 0 0 0 0 0 0 0 0 0 0 0 0 0 0 0 0 0 0.0428571 0.0714286 0.114286 0.185714 0.2 0.228571 0.1 0.0285714 0.0285714 0 0 0 0 0 

2240 2219 1602 97 0 0.721045 0 0 0 0 0 0 0 0 0 0 0 0 0 0 0 0 0 0 0.0144928 0.0869565 0.0289855 0.0869565 0.115942 0.202899 0.144928 0.275362 0.0144928 0.0289855 0 0 0 0 0 

2240 2221 1602 92 0 0.720396 0 0 0 0 0 0 0 0 0 0 0 0 0 0 0 0 0 0 0.0144928 0.0289855 0.0869565 0.0724638 0.130435 0.246377 0.173913 0.15942 0.0869565 0 0 0 0 0 0 

2208 2198 1601 85 0 0.727934 0 0 0 0 0 0 0 0 0 0 0 0 0 0 0 0 0 0 0.0147059 0.0294118 0.0294118 0.117647 0.147059 0.161765 0.220588 0.176471 0.0882353 0.0147059 0 0 0 0 0 

2208 2197 1602 96 0 0.728266 0 0 0 0 0 0 0 0 0 0 0 0 0 0 0 0 0 0 0.0147059 0.0147059 0.0294118 0.0735294 0.176471 0.220588 0.205882 0.205882 0.0588235 0 0 0 0 0 0 

2208 2183 1602 93 0 0.732936 0 0 0 0 0 0 0 0 0 0 0 0 0 0 0 0 0 0 0 0 0.0441176 0.0735294 0.161765 0.205882 0.264706 0.161765 0.0441176 0.0441176 0 0 0 0 0 

2208 2185 1602 91 0 0.732265 0 0 0 0 0 0 0 0 0 0 0 0 0 0 0 0 0 0 0 0 0.0735294 0.0588235 0.147059 0.235294 0.176471 0.191176 0.117647 0 0 0 0 0 0 

