2208 2200 1602 88 0 0.727273 0 0 0 0 0 0 0 0 0 0 0 0 0 0 0 0 0 0 0 0.0147059 0.0588235 0.117647 0.161765 0.235294 0.176471 0.102941 0.0882353 0.0294118 0.0147059 0 0 0 0 

2240 2211 1602 83 0 0.723654 0 0 0 0 0 0 0 0 0 0 0 0 0 0 0 0 0 0 0 0.0144928 0.057971 0.115942 0.15942 0.15942 0.304348 0.101449 0.057971 0.0289855 0 0 0 0 0 

2208 2194 1603 104 0 0.729262 0 0 0 0 0 0 0 0 0 0 0 0 0 0 0 0.0147059 0 0 0.0147059 0.0147059 0.0147059 0.0588235 0.147059 0.220588 0.294118 0.117647 0.0735294 0.0294118 0 0 0 0 0 

2240 2220 1602 98 0 0.720721 0 0 0 0 0 0 0 0 0 0 0 0 0 0 0 0 0 0.0144928 0 0 0.101449 0.0869565 0.173913 0.144928 0.26087 0.130435 0.0869565 0 0 0 0 0 0 

2208 2191 1602 95 0 0.73026 0 0 0 0 0 0 0 0 0 0 0 0 0 0 0 0 0 0 0 0.0147059 0.0441176 0.102941 0.117647 0.220588 0.264706 0.132353 0.0882353 0.0147059 0 0 0 0 0 

2208 2190 1602 91 0 0.730594 0 0 0 0 0 0 0 0 0 0 0 0 0 0 0 0 0 0 0 0 0.0441176 0.132353 0.102941 0.264706 0.161765 0.191176 0.102941 0 0 0 0 0 0 

2240 2223 1602 93 0 0.719748 0 0 0 0 0 0 0 0 0 0 0 0 0 0 0 0 0 0 0 0.0144928 0.057971 0.130435 0.173913 0.246377 0.130435 0.202899 0.0434783 0 0 0 0 0 0 

2208 2186 1602 94 0 0.73193 0 0 0 0 0 0 0 0 0 0 0 0 0 0 0 0 0 0 0 0.0294118 0.0441176 0.0588235 0.0882353 0.279412 0.220588 0.205882 0.0588235 0.0147059 0 0 0 0 0 

2240 2223 1602 92 0 0.719748 0 0 0 0 0 0 0 0 0 0 0 0 0 0 0 0 0 0 0.0289855 0.057971 0.0289855 0.101449 0.173913 0.202899 0.101449 0.231884 0.0289855 0.0289855 0.0144928 0 0 0 0 

2208 2196 1602 93 0 0.728597 0 0 0 0 0 0 0 0 0 0 0 0 0 0 0 0 0 0 0 0.0147059 0.0735294 0.0882353 0.0882353 0.279412 0.220588 0.132353 0.0882353 0.0147059 0 0 0 0 0 

