2240 2216 1602 95 0 0.722022 0 0 0 0 0 0 0 0 0 0 0 0 0 0 0 0 0 0 0 0.0144928 0.0144928 0.130435 0.188406 0.275362 0.202899 0.0869565 0.0724638 0.0144928 0 0 0 0 0 

2208 2189 1602 96 0 0.730927 0 0 0 0 0 0 0 0 0 0 0 0 0 0 0 0 0 0 0 0.0588235 0 0.0588235 0.220588 0.147059 0.235294 0.176471 0.0735294 0.0147059 0.0147059 0 0 0 0 

2240 2217 1602 96 0 0.721696 0 0 0 0 0 0 0 0 0 0 0 0 0 0 0 0 0 0 0 0.0144928 0.0434783 0.115942 0.144928 0.304348 0.188406 0.115942 0.057971 0.0144928 0 0 0 0 0 

2240 2227 1603 99 0 0.718455 0 0 0 0 0 0 0 0 0 0 0 0 0 0 0 0 0 0 0 0.0144928 0.057971 0.0724638 0.217391 0.318841 0.15942 0.101449 0.0434783 0.0144928 0 0 0 0 0 

2208 2191 1602 97 0 0.73026 0 0 0 0 0 0 0 0 0 0 0 0 0 0 0 0 0 0 0 0 0.0441176 0.0735294 0.132353 0.308824 0.220588 0.147059 0.0588235 0.0147059 0 0 0 0 0 

2208 2196 1602 86 0 0.728597 0 0 0 0 0 0 0 0 0 0 0 0 0 0 0 0 0 0 0 0.0147059 0.0441176 0.0735294 0.220588 0.132353 0.235294 0.25 0.0294118 0 0 0 0 0 0 

2240 2215 1602 92 0 0.722348 0 0 0 0 0 0 0 0 0 0 0 0 0 0 0 0 0 0 0.0144928 0.0289855 0.0434783 0.101449 0.173913 0.246377 0.144928 0.130435 0.0724638 0.0289855 0.0144928 0 0 0 0 

2240 2214 1602 93 0 0.722674 0 0 0 0 0 0 0 0 0 0 0 0 0 0 0 0 0 0.0144928 0 0.0144928 0.0434783 0.115942 0.231884 0.115942 0.188406 0.173913 0.0724638 0.0289855 0 0 0 0 0 

2240 2220 1602 91 0 0.720721 0 0 0 0 0 0 0 0 0 0 0 0 0 0 0 0 0 0 0 0.0434783 0.0289855 0.0434783 0.231884 0.231884 0.246377 0.144928 0.0289855 0 0 0 0 0 0 

2240 2234 1602 100 0 0.716204 0 0 0 0 0 0 0 0 0 0 0 0 0 0 0 0 0 0 0 0.0144928 0.0434783 0.188406 0.217391 0.15942 0.217391 0.101449 0.0144928 0.0434783 0 0 0 0 0 

