2208 2198 1602 94 0 0.727934 0 0 0 0 0 0 0 0 0 0 0 0 0 0 0 0 0 0 0 0.0294118 0.0441176 0.132353 0.102941 0.191176 0.220588 0.220588 0.0441176 0.0147059 0 0 0 0 0 

2240 2235 1601 101 0 0.715884 0 0 0 0 0 0 0 0 0 0 0 0 0 0 0 0 0 0 0 0.0289855 0.101449 0.0724638 0.144928 0.318841 0.15942 0.130435 0.0434783 0 0 0 0 0 0 

2208 2197 1602 97 0 0.728266 0 0 0 0 0 0 0 0 0 0 0 0 0 0 0 0 0 0 0 0.0147059 0.0588235 0.132353 0.0882353 0.235294 0.176471 0.25 0.0294118 0 0.0147059 0 0 0 0 

2240 2223 1602 95 0 0.719748 0 0 0 0 0 0 0 0 0 0 0 0 0 0 0 0 0 0.0144928 0.0289855 0.0144928 0.0289855 0.101449 0.173913 0.246377 0.144928 0.173913 0.0289855 0.0434783 0 0 0 0 0 

2208 2192 1602 95 0 0.729927 0 0 0 0 0 0 0 0 0 0 0 0 0 0 0 0 0 0 0 0.0147059 0.0294118 0.102941 0.205882 0.235294 0.132353 0.102941 0.161765 0.0147059 0 0 0 0 0 

2208 2196 1601 84 0 0.728597 0 0 0 0 0 0 0 0 0 0 0 0 0 0 0 0 0 0 0 0 0.0441176 0.132353 0.132353 0.235294 0.279412 0.0588235 0.0735294 0.0441176 0 0 0 0 0 

2208 2184 1602 87 0 0.732601 0 0 0 0 0 0 0 0 0 0 0 0 0 0 0 0 0 0 0 0.0147059 0.0294118 0.0882353 0.176471 0.132353 0.279412 0.191176 0.0735294 0.0147059 0 0 0 0 0 

2240 2233 1602 99 0 0.716525 0 0 0 0 0 0 0 0 0 0 0 0 0 0 0 0 0 0 0 0.0289855 0.057971 0.115942 0.202899 0.246377 0.15942 0.130435 0.057971 0 0 0 0 0 0 

2176 2167 1602 83 0 0.738348 0 0 0 0 0 0 0 0 0 0 0 0 0 0 0 0 0 0 0 0.0149254 0.0149254 0.0447761 0.164179 0.298507 0.134328 0.223881 0.0746269 0.0298507 0 0 0 0 0 

2208 2179 1602 91 0 0.734282 0 0 0 0 0 0 0 0 0 0 0 0 0 0 0 0 0 0.0147059 0 0 0 0.0882353 0.147059 0.25 0.191176 0.205882 0.0882353 0.0147059 0 0 0 0 0 

