2240 2215 1603 100 0 0.722348 0 0 0 0 0 0 0 0 0 0 0 0 0 0 0 0 0 0 0 0.0434783 0.0289855 0.057971 0.202899 0.246377 0.202899 0.144928 0.0724638 0 0 0 0 0 0 

2240 2228 1602 91 0 0.718133 0 0 0 0 0 0 0 0 0 0 0 0 0 0 0 0 0 0 0.0144928 0.0289855 0.0434783 0.101449 0.144928 0.231884 0.304348 0.101449 0.0289855 0 0 0 0 0 0 

2240 2215 1602 94 0 0.722348 0 0 0 0 0 0 0 0 0 0 0 0 0 0 0 0 0 0 0.0144928 0 0.057971 0.0869565 0.15942 0.289855 0.188406 0.101449 0.101449 0 0 0 0 0 0 

2240 2215 1602 92 0 0.722348 0 0 0 0 0 0 0 0 0 0 0 0 0 0 0 0 0 0 0 0.0289855 0.0434783 0.115942 0.115942 0.26087 0.231884 0.130435 0.0724638 0 0 0 0 0 0 

2208 2186 1602 94 0 0.73193 0 0 0 0 0 0 0 0 0 0 0 0 0 0 0 0 0 0 0 0 0.0294118 0.117647 0.176471 0.205882 0.147059 0.205882 0.117647 0 0 0 0 0 0 

2272 2244 1603 105 0 0.713012 0 0 0 0 0 0 0 0 0 0 0 0 0 0 0 0 0 0.0142857 0 0 0.0857143 0.114286 0.142857 0.271429 0.228571 0.1 0.0428571 0 0 0 0 0 0 

2240 2219 1602 93 0 0.721045 0 0 0 0 0 0 0 0 0 0 0 0 0 0 0 0 0 0 0 0.0289855 0.057971 0.0869565 0.173913 0.217391 0.217391 0.188406 0.0144928 0.0144928 0 0 0 0 0 

2208 2187 1602 90 0 0.731596 0 0 0 0 0 0 0 0 0 0 0 0 0 0 0 0 0 0 0 0 0.0588235 0.102941 0.147059 0.191176 0.220588 0.147059 0.117647 0.0147059 0 0 0 0 0 

2208 2191 1602 84 0 0.73026 0 0 0 0 0 0 0 0 0 0 0 0 0 0 0 0 0 0 0 0 0.0735294 0.0294118 0.220588 0.176471 0.264706 0.147059 0.0735294 0.0147059 0 0 0 0 0 

2240 2225 1603 101 0 0.719101 0 0 0 0 0 0 0 0 0 0 0 0 0 0 0 0 0 0.0144928 0.0144928 0.0144928 0.0434783 0.0144928 0.26087 0.246377 0.217391 0.115942 0.057971 0 0 0 0 0 0 

