2208 2195 1602 97 0 0.728929 0 0 0 0 0 0 0 0 0 0 0 0 0 0 0 0 0 0 0 0.0147059 0.0735294 0.117647 0.147059 0.191176 0.161765 0.147059 0.102941 0.0441176 0 0 0 0 0 

2208 2197 1602 82 0 0.728266 0 0 0 0 0 0 0 0 0 0 0 0 0 0 0 0 0.0147059 0 0 0.0147059 0.0441176 0.117647 0.102941 0.205882 0.235294 0.176471 0.0588235 0.0294118 0 0 0 0 0 

2208 2187 1602 88 0 0.731596 0 0 0 0 0 0 0 0 0 0 0 0 0 0 0 0 0 0 0.0147059 0 0.0147059 0.0588235 0.147059 0.264706 0.279412 0.161765 0.0588235 0 0 0 0 0 0 

2272 2246 1602 96 0 0.712378 0 0 0 0 0 0 0 0 0 0 0 0 0 0 0 0 0 0 0.0285714 0 0.0857143 0.157143 0.142857 0.185714 0.214286 0.128571 0.0428571 0.0142857 0 0 0 0 0 

2240 2220 1602 91 0 0.720721 0 0 0 0 0 0 0 0 0 0 0 0 0 0 0 0 0 0 0 0.0144928 0.0289855 0.15942 0.188406 0.188406 0.188406 0.188406 0.0434783 0 0 0 0 0 0 

2208 2203 1601 107 0 0.726282 0 0 0 0 0 0 0 0 0 0 0 0 0 0 0 0 0 0 0.0147059 0.0147059 0.0441176 0.0882353 0.176471 0.176471 0.264706 0.161765 0.0441176 0 0.0147059 0 0 0 0 

2208 2183 1602 95 0 0.732936 0 0 0 0 0 0 0 0 0 0 0 0 0 0 0 0 0 0 0 0.0147059 0 0.147059 0.132353 0.235294 0.161765 0.161765 0.132353 0.0147059 0 0 0 0 0 

2240 2213 1602 98 0 0.723 0 0 0 0 0 0 0 0 0 0 0 0 0 0 0 0 0 0.0144928 0 0 0.0434783 0.15942 0.101449 0.173913 0.333333 0.0869565 0.0724638 0.0144928 0 0 0 0 0 

2240 2228 1602 94 0 0.718133 0 0 0 0 0 0 0 0 0 0 0 0 0 0 0 0 0 0.0144928 0 0.0144928 0.0434783 0.144928 0.202899 0.202899 0.188406 0.0724638 0.101449 0.0144928 0 0 0 0 0 

2208 2196 1602 86 0 0.728597 0 0 0 0 0 0 0 0 0 0 0 0 0 0 0 0 0 0 0 0.0441176 0 0.0882353 0.191176 0.191176 0.25 0.161765 0.0588235 0.0147059 0 0 0 0 0 

