2240 2217 1602 90 0 0.721696 0 0 0 0 0 0 0 0 0 0 0 0 0 0 0 0 0 0 0 0.057971 0.0434783 0.115942 0.115942 0.217391 0.246377 0.101449 0.057971 0.0434783 0 0 0 0 0 

2208 2196 1602 91 0 0.728597 0 0 0 0 0 0 0 0 0 0 0 0 0 0 0 0 0 0 0.0147059 0.0147059 0.0588235 0.0588235 0.147059 0.264706 0.191176 0.132353 0.0882353 0.0294118 0 0 0 0 0 

2208 2200 1600 94 0 0.727273 0 0 0 0 0 0 0 0 0 0 0 0 0 0 0 0 0 0 0 0.0147059 0.0588235 0.0882353 0.132353 0.235294 0.25 0.161765 0.0588235 0 0 0 0 0 0 

2272 2244 1603 100 0 0.713012 0 0 0 0 0 0 0 0 0 0 0 0 0 0 0 0 0 0.0142857 0 0.0285714 0.0571429 0.157143 0.128571 0.2 0.242857 0.1 0.0714286 0 0 0 0 0 0 

2208 2185 1602 83 0 0.732265 0 0 0 0 0 0 0 0 0 0 0 0 0 0 0 0 0 0 0.0147059 0.0147059 0.0147059 0.0441176 0.191176 0.205882 0.220588 0.220588 0.0735294 0 0 0 0 0 0 

2240 2225 1603 99 0 0.719101 0 0 0 0 0 0 0 0 0 0 0 0 0 0 0 0 0 0 0 0.0289855 0.0289855 0.15942 0.217391 0.115942 0.246377 0.144928 0.0434783 0.0144928 0 0 0 0 0 

2240 2214 1602 98 0 0.722674 0 0 0 0 0 0 0 0 0 0 0 0 0 0 0 0 0 0 0.0144928 0 0.0289855 0.101449 0.231884 0.15942 0.26087 0.15942 0.0289855 0.0144928 0 0 0 0 0 

2176 2165 1602 88 0 0.73903 0 0 0 0 0 0 0 0 0 0 0 0 0 0 0 0 0 0 0 0 0.0298507 0.0447761 0.149254 0.238806 0.253731 0.19403 0.0746269 0.0149254 0 0 0 0 0 

2240 2211 1602 88 0 0.723654 0 0 0 0 0 0 0 0 0 0 0 0 0 0 0 0 0 0 0.0144928 0 0.0434783 0.0724638 0.173913 0.289855 0.231884 0.101449 0.0434783 0.0144928 0.0144928 0 0 0 0 

2240 2227 1602 97 0 0.718455 0 0 0 0 0 0 0 0 0 0 0 0 0 0 0 0 0 0 0 0.0144928 0.057971 0.0724638 0.231884 0.246377 0.246377 0.0869565 0.0434783 0 0 0 0 0 0 

