2240 2233 1602 91 0 0.716525 0 0 0 0 0 0 0 0 0 0 0 0 0 0 0 0 0 0 0.0289855 0.0289855 0.0289855 0.115942 0.188406 0.15942 0.318841 0.101449 0.0144928 0.0144928 0 0 0 0 0 

2240 2214 1602 90 0 0.722674 0 0 0 0 0 0 0 0 0 0 0 0 0 0 0 0 0 0 0 0 0.0434783 0.0724638 0.202899 0.275362 0.275362 0.0724638 0.0434783 0.0144928 0 0 0 0 0 

2240 2214 1602 93 0 0.722674 0 0 0 0 0 0 0 0 0 0 0 0 0 0 0 0 0 0.0144928 0.0144928 0.0144928 0.057971 0.0869565 0.0869565 0.275362 0.26087 0.0724638 0.0869565 0.0289855 0 0 0 0 0 

2208 2198 1602 95 0 0.727934 0 0 0 0 0 0 0 0 0 0 0 0 0 0 0 0 0 0 0 0 0.0588235 0.117647 0.176471 0.205882 0.191176 0.147059 0.0735294 0.0294118 0 0 0 0 0 

2240 2212 1603 103 0 0.723327 0 0 0 0 0 0 0 0 0 0 0 0 0 0 0 0 0 0 0 0.0144928 0.0869565 0.101449 0.144928 0.188406 0.188406 0.188406 0.0724638 0.0144928 0 0 0 0 0 

2240 2217 1603 106 0 0.721696 0 0 0 0 0 0 0 0 0 0 0 0 0 0 0 0 0 0 0.0144928 0.0144928 0.0434783 0.101449 0.15942 0.275362 0.173913 0.101449 0.115942 0 0 0 0 0 0 

2176 2170 1600 99 0 0.737327 0 0 0 0 0 0 0 0 0 0 0 0 0 0 0 0 0 0 0.0149254 0.0149254 0.0597015 0.0597015 0.0895522 0.238806 0.19403 0.149254 0.149254 0.0298507 0 0 0 0 0 

2208 2197 1602 96 0 0.728266 0 0 0 0 0 0 0 0 0 0 0 0 0 0 0 0 0 0 0 0 0.0441176 0.117647 0.132353 0.264706 0.264706 0.0882353 0.0588235 0.0147059 0.0147059 0 0 0 0 

2240 2220 1602 91 0 0.720721 0 0 0 0 0 0 0 0 0 0 0 0 0 0 0 0 0 0 0.0144928 0.0144928 0.0289855 0.115942 0.15942 0.246377 0.202899 0.202899 0.0144928 0 0 0 0 0 0 

2208 2198 1602 98 0 0.727934 0 0 0 0 0 0 0 0 0 0 0 0 0 0 0 0 0 0 0.0294118 0.0147059 0.0147059 0.0882353 0.117647 0.25 0.294118 0.102941 0.0735294 0.0147059 0 0 0 0 0 

