2208 2203 1600 88 0 0.726282 0 0 0 0 0 0 0 0 0 0 0 0 0 0 0 0 0 0.0147059 0 0.0147059 0.0735294 0.0588235 0.132353 0.235294 0.25 0.147059 0.0588235 0.0147059 0 0 0 0 0 

2208 2183 1602 92 0 0.732936 0 0 0 0 0 0 0 0 0 0 0 0 0 0 0 0 0 0 0 0 0.0147059 0.0882353 0.191176 0.220588 0.235294 0.161765 0.0441176 0.0441176 0 0 0 0 0 

2208 2186 1602 86 0 0.73193 0 0 0 0 0 0 0 0 0 0 0 0 0 0 0 0 0 0 0 0.0147059 0.0147059 0.0588235 0.205882 0.235294 0.205882 0.176471 0.0735294 0.0147059 0 0 0 0 0 

2240 2225 1602 97 0 0.719101 0 0 0 0 0 0 0 0 0 0 0 0 0 0 0 0 0 0 0.0144928 0.0144928 0.0434783 0.144928 0.188406 0.246377 0.130435 0.101449 0.0869565 0.0289855 0 0 0 0 0 

2208 2191 1602 95 0 0.73026 0 0 0 0 0 0 0 0 0 0 0 0 0 0 0 0 0 0 0 0.0294118 0.0147059 0.0882353 0.132353 0.220588 0.264706 0.205882 0.0441176 0 0 0 0 0 0 

2208 2186 1602 97 0 0.73193 0 0 0 0 0 0 0 0 0 0 0 0 0 0 0 0 0 0 0 0.0147059 0.0147059 0.117647 0.117647 0.235294 0.220588 0.191176 0.0882353 0 0 0 0 0 0 

2208 2201 1600 96 0 0.726942 0 0 0 0 0 0 0 0 0 0 0 0 0 0 0 0 0 0 0 0 0.0147059 0.147059 0.205882 0.161765 0.279412 0.117647 0.0735294 0 0 0 0 0 0 

2208 2197 1602 90 0 0.728266 0 0 0 0 0 0 0 0 0 0 0 0 0 0 0 0 0 0 0 0.0147059 0.0441176 0.0588235 0.147059 0.264706 0.308824 0.102941 0.0441176 0.0147059 0 0 0 0 0 

2240 2224 1602 92 0 0.719424 0 0 0 0 0 0 0 0 0 0 0 0 0 0 0 0 0 0 0 0.0289855 0.0434783 0.101449 0.202899 0.217391 0.231884 0.130435 0.0289855 0.0144928 0 0 0 0 0 

2208 2199 1602 88 0 0.727603 0 0 0 0 0 0 0 0 0 0 0 0 0 0 0 0 0 0 0 0 0.0588235 0.117647 0.0882353 0.294118 0.235294 0.161765 0.0147059 0.0294118 0 0 0 0 0 

