2208 2187 1602 92 0 0.731596 0 0 0 0 0 0 0 0 0 0 0 0 0 0 0 0 0 0 0.0147059 0.0147059 0.0147059 0.0735294 0.161765 0.176471 0.279412 0.205882 0.0441176 0.0147059 0 0 0 0 0 

2208 2190 1602 93 0 0.730594 0 0 0 0 0 0 0 0 0 0 0 0 0 0 0 0 0 0 0 0 0.0735294 0.0735294 0.132353 0.264706 0.191176 0.132353 0.132353 0 0 0 0 0 0 

2240 2226 1602 95 0 0.718778 0 0 0 0 0 0 0 0 0 0 0 0 0 0 0 0 0 0 0 0 0.0724638 0.115942 0.217391 0.246377 0.130435 0.15942 0.057971 0 0 0 0 0 0 

2176 2163 1602 84 0 0.739713 0 0 0 0 0 0 0 0 0 0 0 0 0 0 0 0 0 0 0 0.0298507 0.0447761 0.0447761 0.149254 0.134328 0.223881 0.238806 0.119403 0.0149254 0 0 0 0 0 

2208 2191 1602 91 0 0.73026 0 0 0 0 0 0 0 0 0 0 0 0 0 0 0 0 0 0 0 0.0294118 0.0441176 0.0882353 0.0882353 0.264706 0.235294 0.176471 0.0294118 0.0441176 0 0 0 0 0 

2176 2166 1600 93 0 0.738689 0 0 0 0 0 0 0 0 0 0 0 0 0 0 0 0 0 0 0 0.0149254 0 0.0298507 0.164179 0.268657 0.298507 0.134328 0.0597015 0.0298507 0 0 0 0 0 

2208 2199 1602 96 0 0.727603 0 0 0 0 0 0 0 0 0 0 0 0 0 0 0 0 0 0 0 0.0294118 0.0735294 0.0735294 0.102941 0.264706 0.191176 0.205882 0.0441176 0 0.0147059 0 0 0 0 

2208 2189 1602 91 0 0.730927 0 0 0 0 0 0 0 0 0 0 0 0 0 0 0 0 0 0 0.0147059 0.0147059 0.0588235 0.0441176 0.147059 0.25 0.220588 0.132353 0.0588235 0.0441176 0.0147059 0 0 0 0 

2208 2203 1601 104 0 0.726282 0 0 0 0 0 0 0 0 0 0 0 0 0 0 0 0 0 0 0 0.0147059 0.0588235 0.161765 0.161765 0.161765 0.147059 0.191176 0.0441176 0.0588235 0 0 0 0 0 

2240 2216 1602 91 0 0.722022 0 0 0 0 0 0 0 0 0 0 0 0 0 0 0 0 0 0 0 0.0144928 0.0289855 0.0869565 0.217391 0.246377 0.231884 0.130435 0.0289855 0.0144928 0 0 0 0 0 

