2208 2180 1602 91 0 0.733945 0 0 0 0 0 0 0 0 0 0 0 0 0 0 0 0 0 0 0 0 0.0588235 0.0735294 0.161765 0.161765 0.279412 0.132353 0.0882353 0.0441176 0 0 0 0 0 

2240 2224 1603 103 0 0.719424 0 0 0 0 0 0 0 0 0 0 0 0 0 0 0 0 0 0 0.0144928 0 0.057971 0.0724638 0.217391 0.289855 0.144928 0.144928 0.057971 0 0 0 0 0 0 

2208 2197 1600 96 0 0.728266 0 0 0 0 0 0 0 0 0 0 0 0 0 0 0 0 0 0 0 0 0.0588235 0.117647 0.102941 0.25 0.264706 0.132353 0.0588235 0.0147059 0 0 0 0 0 

2176 2152 1601 80 0 0.743494 0 0 0 0 0 0 0 0 0 0 0 0 0 0 0 0 0 0 0 0 0.0298507 0.0746269 0.149254 0.19403 0.149254 0.268657 0.0895522 0.0149254 0.0298507 0 0 0 0 

2176 2170 1602 99 0 0.737327 0 0 0 0 0 0 0 0 0 0 0 0 0 0 0 0 0 0 0 0 0.0298507 0.0447761 0.268657 0.134328 0.223881 0.164179 0.104478 0.0298507 0 0 0 0 0 

2240 2211 1602 94 0 0.723654 0 0 0 0 0 0 0 0 0 0 0 0 0 0 0 0 0 0 0 0.0289855 0.057971 0.0724638 0.15942 0.173913 0.304348 0.144928 0.057971 0 0 0 0 0 0 

2208 2185 1602 92 0 0.732265 0 0 0 0 0 0 0 0 0 0 0 0 0 0 0 0 0 0 0 0.0147059 0.0294118 0.0735294 0.161765 0.176471 0.294118 0.191176 0.0441176 0 0.0147059 0 0 0 0 

2208 2194 1602 83 0 0.729262 0 0 0 0 0 0 0 0 0 0 0 0 0 0 0 0 0 0 0 0 0.0294118 0.132353 0.117647 0.235294 0.279412 0.147059 0.0441176 0.0147059 0 0 0 0 0 

2240 2213 1602 96 0 0.723 0 0 0 0 0 0 0 0 0 0 0 0 0 0 0 0 0 0 0 0.057971 0.0289855 0.0869565 0.188406 0.15942 0.246377 0.144928 0.057971 0.0289855 0 0 0 0 0 

2208 2203 1600 87 0 0.726282 0 0 0 0 0 0 0 0 0 0 0 0 0 0 0 0 0 0.0147059 0.0147059 0.0294118 0.0441176 0.0588235 0.161765 0.176471 0.25 0.176471 0.0441176 0.0294118 0 0 0 0 0 

