2176 2168 1601 104 0 0.738007 0 0 0 0 0 0 0 0 0 0 0 0 0 0 0 0 0 0 0.0149254 0.0149254 0.0447761 0.0597015 0.104478 0.119403 0.313433 0.253731 0.0597015 0.0149254 0 0 0 0 0 

2208 2187 1602 87 0 0.731596 0 0 0 0 0 0 0 0 0 0 0 0 0 0 0 0 0 0 0 0 0.0147059 0.0882353 0.191176 0.264706 0.176471 0.176471 0.0735294 0.0147059 0 0 0 0 0 

2208 2193 1602 92 0 0.729594 0 0 0 0 0 0 0 0 0 0 0 0 0 0 0 0 0 0 0 0.0147059 0.0441176 0.102941 0.161765 0.220588 0.176471 0.161765 0.102941 0.0147059 0 0 0 0 0 

2208 2184 1602 91 0 0.732601 0 0 0 0 0 0 0 0 0 0 0 0 0 0 0 0 0 0 0 0.0147059 0.0294118 0.0735294 0.161765 0.235294 0.205882 0.161765 0.102941 0.0147059 0 0 0 0 0 

2240 2213 1602 88 0 0.723 0 0 0 0 0 0 0 0 0 0 0 0 0 0 0 0 0 0.0144928 0 0.0144928 0.057971 0.057971 0.173913 0.202899 0.275362 0.130435 0.0724638 0 0 0 0 0 0 

2240 2223 1602 95 0 0.719748 0 0 0 0 0 0 0 0 0 0 0 0 0 0 0 0 0 0 0.0144928 0.0289855 0.0289855 0.101449 0.188406 0.231884 0.231884 0.101449 0.057971 0.0144928 0 0 0 0 0 

2208 2181 1602 95 0 0.733608 0 0 0 0 0 0 0 0 0 0 0 0 0 0 0 0 0 0 0 0.0147059 0.0441176 0.0294118 0.132353 0.294118 0.235294 0.147059 0.0735294 0.0294118 0 0 0 0 0 

2240 2235 1601 95 0 0.715884 0 0 0 0 0 0 0 0 0 0 0 0 0 0 0 0 0 0 0 0.0289855 0.0724638 0.130435 0.15942 0.202899 0.26087 0.115942 0.0289855 0 0 0 0 0 0 

2208 2192 1602 96 0 0.729927 0 0 0 0 0 0 0 0 0 0 0 0 0 0 0 0 0 0 0.0294118 0 0.0294118 0.0882353 0.176471 0.176471 0.220588 0.176471 0.0735294 0.0294118 0 0 0 0 0 

2240 2215 1602 95 0 0.722348 0 0 0 0 0 0 0 0 0 0 0 0 0 0 0 0 0.0144928 0 0.0144928 0 0.0724638 0.057971 0.173913 0.202899 0.217391 0.15942 0.0869565 0 0 0 0 0 0 

