2208 2190 1602 88 0 0.730594 0 0 0 0 0 0 0 0 0 0 0 0 0 0 0 0 0 0 0.0147059 0 0.0441176 0.0735294 0.132353 0.205882 0.338235 0.0882353 0.0882353 0.0147059 0 0 0 0 0 

2208 2188 1602 95 0 0.731261 0 0 0 0 0 0 0 0 0 0 0 0 0 0 0 0 0 0 0.0147059 0.0147059 0.0441176 0.0147059 0.176471 0.220588 0.279412 0.132353 0.102941 0 0 0 0 0 0 

2240 2220 1603 99 0 0.720721 0 0 0 0 0 0 0 0 0 0 0 0 0 0 0 0 0 0 0.0289855 0.0144928 0.057971 0.0434783 0.202899 0.275362 0.15942 0.101449 0.101449 0.0144928 0 0 0 0 0 

2208 2188 1603 102 0 0.731261 0 0 0 0 0 0 0 0 0 0 0 0 0 0 0 0 0 0 0.0147059 0 0.0294118 0.0441176 0.205882 0.220588 0.235294 0.161765 0.0588235 0.0294118 0 0 0 0 0 

2240 2213 1602 96 0 0.723 0 0 0 0 0 0 0 0 0 0 0 0 0 0 0 0 0 0 0 0.0289855 0.057971 0.0724638 0.0869565 0.318841 0.246377 0.144928 0.0434783 0 0 0 0 0 0 

2208 2199 1602 93 0 0.727603 0 0 0 0 0 0 0 0 0 0 0 0 0 0 0 0 0 0 0.0147059 0.0147059 0.0147059 0.117647 0.132353 0.25 0.220588 0.161765 0.0735294 0 0 0 0 0 0 

2240 2211 1602 92 0 0.723654 0 0 0 0 0 0 0 0 0 0 0 0 0 0 0 0 0 0 0 0.0434783 0.0289855 0.0869565 0.188406 0.15942 0.26087 0.173913 0.0434783 0.0144928 0 0 0 0 0 

2176 2169 1601 90 0 0.737667 0 0 0 0 0 0 0 0 0 0 0 0 0 0 0 0 0 0 0.0149254 0 0.0447761 0.0746269 0.0746269 0.208955 0.328358 0.134328 0.104478 0.0149254 0 0 0 0 0 

2240 2234 1600 88 0 0.716204 0 0 0 0 0 0 0 0 0 0 0 0 0 0 0 0 0 0.0144928 0 0.0144928 0.0289855 0.144928 0.188406 0.289855 0.130435 0.15942 0.0144928 0.0144928 0 0 0 0 0 

2176 2165 1601 80 0 0.73903 0 0 0 0 0 0 0 0 0 0 0 0 0 0 0 0 0.0149254 0.0149254 0 0.0149254 0.0447761 0 0.119403 0.208955 0.253731 0.238806 0.0149254 0.0597015 0.0149254 0 0 0 0 

