2208 2200 1600 80 0 0.727273 0 0 0 0 0 0 0 0 0 0 0 0 0 0 0 0 0 0 0 0.0147059 0.0735294 0.0588235 0.161765 0.264706 0.235294 0.102941 0.0441176 0.0441176 0 0 0 0 0 

2240 2218 1602 90 0 0.721371 0 0 0 0 0 0 0 0 0 0 0 0 0 0 0 0 0 0 0.0144928 0.0434783 0.057971 0.0724638 0.130435 0.246377 0.231884 0.115942 0.057971 0.0144928 0.0144928 0 0 0 0 

2208 2193 1602 85 0 0.729594 0 0 0 0 0 0 0 0 0 0 0 0 0 0 0 0 0 0 0 0.0294118 0.0294118 0.0588235 0.191176 0.191176 0.25 0.191176 0.0441176 0.0147059 0 0 0 0 0 

2208 2187 1602 89 0 0.731596 0 0 0 0 0 0 0 0 0 0 0 0 0 0 0 0 0 0 0 0.0294118 0.0441176 0.0735294 0.161765 0.161765 0.235294 0.191176 0.0735294 0.0294118 0 0 0 0 0 

2208 2190 1602 91 0 0.730594 0 0 0 0 0 0 0 0 0 0 0 0 0 0 0 0 0 0 0.0147059 0.0147059 0.0147059 0.0441176 0.176471 0.25 0.220588 0.235294 0.0147059 0.0147059 0 0 0 0 0 

2208 2201 1600 96 0 0.726942 0 0 0 0 0 0 0 0 0 0 0 0 0 0 0 0 0 0 0 0 0.0735294 0.0735294 0.220588 0.235294 0.102941 0.220588 0.0588235 0.0147059 0 0 0 0 0 

2240 2217 1603 101 0 0.721696 0 0 0 0 0 0 0 0 0 0 0 0 0 0 0 0 0 0 0 0.0144928 0.0434783 0.101449 0.173913 0.26087 0.231884 0.101449 0.057971 0.0144928 0 0 0 0 0 

2240 2225 1603 99 0 0.719101 0 0 0 0 0 0 0 0 0 0 0 0 0 0 0 0 0 0 0.0144928 0.0144928 0.057971 0.0724638 0.173913 0.26087 0.26087 0.0869565 0.057971 0 0 0 0 0 0 

2208 2201 1600 86 0 0.726942 0 0 0 0 0 0 0 0 0 0 0 0 0 0 0 0 0 0 0 0.0147059 0.0588235 0.0882353 0.161765 0.220588 0.205882 0.191176 0.0588235 0 0 0 0 0 0 

2240 2213 1602 92 0 0.723 0 0 0 0 0 0 0 0 0 0 0 0 0 0 0 0 0 0 0 0.0434783 0.0724638 0.0869565 0.15942 0.231884 0.144928 0.101449 0.115942 0.0434783 0 0 0 0 0 

