2240 2221 1603 101 0 0.720396 0 0 0 0 0 0 0 0 0 0 0 0 0 0 0 0 0 0 0 0.0289855 0 0.144928 0.217391 0.173913 0.26087 0.130435 0.0289855 0.0144928 0 0 0 0 0 

2272 2251 1602 96 0 0.710795 0 0 0 0 0 0 0 0 0 0 0 0 0 0 0 0 0 0 0 0.0142857 0.0428571 0.142857 0.242857 0.185714 0.3 0.0714286 0 0 0 0 0 0 0 

2208 2186 1602 86 0 0.73193 0 0 0 0 0 0 0 0 0 0 0 0 0 0 0 0 0 0 0 0 0.0294118 0.102941 0.176471 0.161765 0.294118 0.147059 0.0588235 0.0294118 0 0 0 0 0 

2208 2199 1602 94 0 0.727603 0 0 0 0 0 0 0 0 0 0 0 0 0 0 0 0 0 0 0 0.0294118 0.0441176 0.0441176 0.205882 0.205882 0.264706 0.161765 0.0294118 0 0 0.0147059 0 0 0 

2240 2220 1603 102 0 0.720721 0 0 0 0 0 0 0 0 0 0 0 0 0 0 0 0 0 0.0144928 0.0144928 0.0289855 0.0434783 0.130435 0.115942 0.231884 0.15942 0.130435 0.101449 0.0289855 0 0 0 0 0 

2208 2203 1600 87 0 0.726282 0 0 0 0 0 0 0 0 0 0 0 0 0 0 0 0 0 0.0147059 0.0147059 0 0.0441176 0.0441176 0.176471 0.264706 0.25 0.117647 0.0588235 0.0147059 0 0 0 0 0 

2208 2184 1602 95 0 0.732601 0 0 0 0 0 0 0 0 0 0 0 0 0 0 0 0 0 0 0 0 0.0441176 0.0735294 0.117647 0.25 0.294118 0.161765 0.0294118 0.0147059 0.0147059 0 0 0 0 

2208 2203 1600 111 0 0.726282 0 0 0 0 0 0 0 0 0 0 0 0 0 0 0 0 0.0147059 0 0 0 0.0441176 0.102941 0.161765 0.235294 0.176471 0.191176 0.0735294 0 0 0 0 0 0 

2208 2198 1602 94 0 0.727934 0 0 0 0 0 0 0 0 0 0 0 0 0 0 0 0 0 0 0 0 0.0294118 0.102941 0.191176 0.294118 0.176471 0.0882353 0.102941 0.0147059 0 0 0 0 0 

2208 2193 1602 96 0 0.729594 0 0 0 0 0 0 0 0 0 0 0 0 0 0 0 0 0 0 0 0.0147059 0.0294118 0.0588235 0.147059 0.323529 0.205882 0.176471 0.0147059 0.0294118 0 0 0 0 0 

