2208 2198 1602 92 0 0.727934 0 0 0 0 0 0 0 0 0 0 0 0 0 0 0 0 0 0 0 0.0147059 0.0441176 0.102941 0.147059 0.235294 0.220588 0.147059 0.0882353 0 0 0 0 0 0 

2208 2196 1602 97 0 0.728597 0 0 0 0 0 0 0 0 0 0 0 0 0 0 0 0 0 0 0 0 0.0735294 0.102941 0.132353 0.176471 0.294118 0.161765 0.0294118 0.0294118 0 0 0 0 0 

2240 2223 1602 96 0 0.719748 0 0 0 0 0 0 0 0 0 0 0 0 0 0 0 0 0 0 0 0.0289855 0.057971 0.115942 0.15942 0.217391 0.217391 0.144928 0.057971 0 0 0 0 0 0 

2208 2197 1602 90 0 0.728266 0 0 0 0 0 0 0 0 0 0 0 0 0 0 0 0 0 0 0 0 0.0441176 0.102941 0.176471 0.191176 0.279412 0.132353 0.0735294 0 0 0 0 0 0 

2240 2211 1602 93 0 0.723654 0 0 0 0 0 0 0 0 0 0 0 0 0 0 0 0 0 0 0 0.0434783 0.057971 0.101449 0.115942 0.217391 0.26087 0.0724638 0.0869565 0.0434783 0 0 0 0 0 

2208 2191 1602 97 0 0.73026 0 0 0 0 0 0 0 0 0 0 0 0 0 0 0 0 0 0 0.0147059 0 0.0294118 0.147059 0.0882353 0.264706 0.161765 0.191176 0.0882353 0 0.0147059 0 0 0 0 

2208 2198 1602 88 0 0.727934 0 0 0 0 0 0 0 0 0 0 0 0 0 0 0 0 0 0 0.0147059 0 0.0588235 0.132353 0.0882353 0.176471 0.308824 0.147059 0.0588235 0.0147059 0 0 0 0 0 

2240 2213 1602 96 0 0.723 0 0 0 0 0 0 0 0 0 0 0 0 0 0 0 0 0 0 0.0289855 0.0434783 0.0144928 0.115942 0.101449 0.26087 0.188406 0.130435 0.0869565 0.0144928 0.0144928 0 0 0 0 

2240 2222 1602 91 0 0.720072 0 0 0 0 0 0 0 0 0 0 0 0 0 0 0 0 0 0 0.0144928 0 0.101449 0.0869565 0.173913 0.231884 0.115942 0.202899 0.0724638 0 0 0 0 0 0 

2208 2193 1602 93 0 0.729594 0 0 0 0 0 0 0 0 0 0 0 0 0 0 0 0 0.0294118 0 0 0.0147059 0.0441176 0.0588235 0.132353 0.205882 0.220588 0.176471 0.0882353 0.0294118 0 0 0 0 0 

