2208 2180 1603 99 0 0.733945 0 0 0 0 0 0 0 0 0 0 0 0 0 0 0 0 0 0 0 0.0147059 0.0441176 0.0441176 0.147059 0.25 0.176471 0.205882 0.117647 0 0 0 0 0 0 

2240 2221 1602 93 0 0.720396 0 0 0 0 0 0 0 0 0 0 0 0 0 0 0 0 0.0144928 0 0 0.0144928 0.0434783 0.101449 0.188406 0.202899 0.231884 0.144928 0.0434783 0.0144928 0 0 0 0 0 

2240 2215 1602 89 0 0.722348 0 0 0 0 0 0 0 0 0 0 0 0 0 0 0 0 0 0.0144928 0 0 0.0144928 0.173913 0.115942 0.26087 0.202899 0.15942 0.0434783 0.0144928 0 0 0 0 0 

2208 2189 1602 92 0 0.730927 0 0 0 0 0 0 0 0 0 0 0 0 0 0 0 0 0 0 0.0147059 0.0294118 0.0294118 0.0588235 0.191176 0.102941 0.308824 0.147059 0.117647 0 0 0 0 0 0 

2208 2187 1602 97 0 0.731596 0 0 0 0 0 0 0 0 0 0 0 0 0 0 0 0 0 0.0147059 0 0 0.0588235 0.102941 0.132353 0.161765 0.205882 0.176471 0.147059 0 0 0 0 0 0 

2208 2196 1602 89 0 0.728597 0 0 0 0 0 0 0 0 0 0 0 0 0 0 0 0 0 0 0 0 0.0441176 0.0882353 0.102941 0.323529 0.25 0.161765 0.0147059 0.0147059 0 0 0 0 0 

2240 2223 1602 91 0 0.719748 0 0 0 0 0 0 0 0 0 0 0 0 0 0 0 0 0 0 0.0144928 0.0144928 0.0289855 0.101449 0.202899 0.217391 0.246377 0.144928 0.0289855 0 0 0 0 0 0 

2208 2183 1603 105 0 0.732936 0 0 0 0 0 0 0 0 0 0 0 0 0 0 0 0 0 0.0147059 0 0.0147059 0.0294118 0.0735294 0.147059 0.205882 0.220588 0.191176 0.0294118 0.0588235 0.0147059 0 0 0 0 

2208 2184 1602 86 0 0.732601 0 0 0 0 0 0 0 0 0 0 0 0 0 0 0 0 0 0 0 0.0294118 0.0441176 0.0441176 0.147059 0.205882 0.235294 0.205882 0.0735294 0.0147059 0 0 0 0 0 

2208 2190 1602 86 0 0.730594 0 0 0 0 0 0 0 0 0 0 0 0 0 0 0 0 0 0 0 0.0441176 0.0147059 0.0735294 0.147059 0.205882 0.279412 0.147059 0.0588235 0.0294118 0 0 0 0 0 

