2208 2190 1602 97 0 0.730594 0 0 0 0 0 0 0 0 0 0 0 0 0 0 0 0 0 0 0 0.0147059 0.0147059 0.161765 0.0735294 0.264706 0.191176 0.205882 0.0441176 0.0294118 0 0 0 0 0 

2208 2199 1601 92 0 0.727603 0 0 0 0 0 0 0 0 0 0 0 0 0 0 0 0 0 0 0.0147059 0 0.0294118 0.0441176 0.176471 0.323529 0.235294 0.132353 0.0294118 0.0147059 0 0 0 0 0 

2240 2218 1602 95 0 0.721371 0 0 0 0 0 0 0 0 0 0 0 0 0 0 0 0 0 0 0 0 0.0869565 0.101449 0.173913 0.188406 0.275362 0.0869565 0.0869565 0 0 0 0 0 0 

2240 2214 1603 100 0 0.722674 0 0 0 0 0 0 0 0 0 0 0 0 0 0 0 0 0 0 0 0.0289855 0.0434783 0.0869565 0.130435 0.246377 0.275362 0.15942 0.0144928 0.0144928 0 0 0 0 0 

2208 2183 1602 93 0 0.732936 0 0 0 0 0 0 0 0 0 0 0 0 0 0 0 0 0 0 0 0 0.0441176 0.0735294 0.161765 0.279412 0.161765 0.161765 0.0588235 0.0588235 0 0 0 0 0 

2208 2184 1602 94 0 0.732601 0 0 0 0 0 0 0 0 0 0 0 0 0 0 0 0 0 0 0 0 0.0294118 0.0588235 0.205882 0.191176 0.279412 0.147059 0.0735294 0.0147059 0 0 0 0 0 

2208 2196 1602 95 0 0.728597 0 0 0 0 0 0 0 0 0 0 0 0 0 0 0 0 0 0 0 0 0.0147059 0.117647 0.147059 0.235294 0.338235 0.102941 0.0294118 0.0147059 0 0 0 0 0 

2208 2189 1602 92 0 0.730927 0 0 0 0 0 0 0 0 0 0 0 0 0 0 0 0 0 0 0.0147059 0.0294118 0.0147059 0.0588235 0.147059 0.279412 0.205882 0.147059 0.0441176 0.0588235 0 0 0 0 0 

2208 2196 1602 98 0 0.728597 0 0 0 0 0 0 0 0 0 0 0 0 0 0 0 0 0 0 0 0.0294118 0.0294118 0.132353 0.132353 0.147059 0.294118 0.161765 0.0588235 0 0.0147059 0 0 0 0 

2240 2212 1602 97 0 0.723327 0 0 0 0 0 0 0 0 0 0 0 0 0 0 0 0 0 0.0144928 0 0.0289855 0.0144928 0.115942 0.130435 0.231884 0.246377 0.144928 0.057971 0.0144928 0 0 0 0 0 

