2240 2211 1602 95 0 0.723654 0 0 0 0 0 0 0 0 0 0 0 0 0 0 0 0 0 0.0144928 0.0144928 0.0144928 0.057971 0.057971 0.101449 0.26087 0.26087 0.130435 0.0869565 0 0 0 0 0 0 

2208 2199 1602 90 0 0.727603 0 0 0 0 0 0 0 0 0 0 0 0 0 0 0 0 0 0 0 0.0441176 0.0147059 0.102941 0.176471 0.191176 0.279412 0.0882353 0.0441176 0.0588235 0 0 0 0 0 

2272 2250 1602 98 0 0.711111 0 0 0 0 0 0 0 0 0 0 0 0 0 0 0 0 0 0.0142857 0.0142857 0.0428571 0.0142857 0.171429 0.157143 0.228571 0.185714 0.114286 0.0285714 0.0285714 0 0 0 0 0 

2240 2231 1601 88 0 0.717167 0 0 0 0 0 0 0 0 0 0 0 0 0 0 0 0 0 0 0 0.0434783 0.057971 0.115942 0.144928 0.202899 0.275362 0.144928 0.0144928 0 0 0 0 0 0 

2208 2195 1603 99 0 0.728929 0 0 0 0 0 0 0 0 0 0 0 0 0 0 0 0 0 0 0.0147059 0.0147059 0.0294118 0.102941 0.147059 0.205882 0.220588 0.176471 0.0588235 0.0294118 0 0 0 0 0 

2240 2212 1602 86 0 0.723327 0 0 0 0 0 0 0 0 0 0 0 0 0 0 0 0 0 0 0 0.0144928 0.0289855 0.144928 0.15942 0.188406 0.26087 0.144928 0.0289855 0.0289855 0 0 0 0 0 

2208 2189 1602 92 0 0.730927 0 0 0 0 0 0 0 0 0 0 0 0 0 0 0 0 0 0 0 0.0294118 0.0294118 0.0588235 0.191176 0.161765 0.279412 0.161765 0.0735294 0.0147059 0 0 0 0 0 

2208 2199 1602 87 0 0.727603 0 0 0 0 0 0 0 0 0 0 0 0 0 0 0 0 0 0 0 0.0294118 0.0735294 0.0735294 0.161765 0.235294 0.117647 0.191176 0.102941 0.0147059 0 0 0 0 0 

2240 2212 1602 94 0 0.723327 0 0 0 0 0 0 0 0 0 0 0 0 0 0 0 0 0 0 0 0 0.0724638 0.101449 0.144928 0.188406 0.318841 0.115942 0.057971 0 0 0 0 0 0 

2240 2213 1602 86 0 0.723 0 0 0 0 0 0 0 0 0 0 0 0 0 0 0 0 0 0 0.0289855 0 0.0144928 0.144928 0.15942 0.202899 0.173913 0.217391 0.057971 0 0 0 0 0 0 

