2144 2139 1602 84 0 0.748013 0 0 0 0 0 0 0 0 0 0 0 0 0 0 0 0 0 0 0 0.0151515 0.030303 0.030303 0.121212 0.212121 0.227273 0.166667 0.166667 0.0151515 0.0151515 0 0 0 0 

2240 2211 1602 92 0 0.723654 0 0 0 0 0 0 0 0 0 0 0 0 0 0 0 0 0 0 0 0.0144928 0.0434783 0.144928 0.0724638 0.289855 0.231884 0.115942 0.0869565 0 0 0 0 0 0 

2208 2186 1602 96 0 0.73193 0 0 0 0 0 0 0 0 0 0 0 0 0 0 0 0 0 0 0 0.0294118 0.0294118 0.0882353 0.147059 0.147059 0.279412 0.176471 0.102941 0 0 0 0 0 0 

2208 2196 1602 90 0 0.728597 0 0 0 0 0 0 0 0 0 0 0 0 0 0 0 0 0 0 0 0 0.0441176 0.0882353 0.161765 0.279412 0.176471 0.205882 0.0294118 0.0147059 0 0 0 0 0 

2208 2189 1603 100 0 0.730927 0 0 0 0 0 0 0 0 0 0 0 0 0 0 0 0 0 0 0.0147059 0.0147059 0.0441176 0.0735294 0.132353 0.191176 0.25 0.191176 0.0588235 0.0294118 0 0 0 0 0 

2240 2212 1602 93 0 0.723327 0 0 0 0 0 0 0 0 0 0 0 0 0 0 0 0 0 0 0.0144928 0.0144928 0.0434783 0.057971 0.202899 0.217391 0.217391 0.173913 0.057971 0 0 0 0 0 0 

2208 2194 1603 101 0 0.729262 0 0 0 0 0 0 0 0 0 0 0 0 0 0 0 0 0 0 0 0.0294118 0.0588235 0.0882353 0.147059 0.161765 0.220588 0.220588 0.0441176 0.0147059 0.0147059 0 0 0 0 

2208 2183 1602 84 0 0.732936 0 0 0 0 0 0 0 0 0 0 0 0 0 0 0 0 0 0 0 0.0147059 0.0147059 0.0588235 0.147059 0.308824 0.161765 0.220588 0.0735294 0 0 0 0 0 0 

2208 2188 1602 90 0 0.731261 0 0 0 0 0 0 0 0 0 0 0 0 0 0 0 0 0 0.0147059 0 0 0.0294118 0.0882353 0.191176 0.161765 0.235294 0.161765 0.102941 0.0147059 0 0 0 0 0 

2240 2212 1602 97 0 0.723327 0 0 0 0 0 0 0 0 0 0 0 0 0 0 0 0 0 0 0 0.0144928 0.0144928 0.101449 0.202899 0.275362 0.202899 0.130435 0.0289855 0.0289855 0 0 0 0 0 

