2240 2232 1602 87 0 0.716846 0 0 0 0 0 0 0 0 0 0 0 0 0 0 0 0 0 0 0 0.0289855 0.057971 0.188406 0.115942 0.26087 0.115942 0.15942 0.0724638 0 0 0 0 0 0 

2208 2204 1600 94 0 0.725953 0 0 0 0 0 0 0 0 0 0 0 0 0 0 0 0 0 0 0 0.0294118 0.102941 0.0588235 0.176471 0.161765 0.191176 0.191176 0.0588235 0.0294118 0 0 0 0 0 

2208 2183 1602 98 0 0.732936 0 0 0 0 0 0 0 0 0 0 0 0 0 0 0 0 0 0 0 0.0147059 0.0294118 0.0441176 0.147059 0.264706 0.264706 0.147059 0.0735294 0.0147059 0 0 0 0 0 

2208 2185 1602 93 0 0.732265 0 0 0 0 0 0 0 0 0 0 0 0 0 0 0 0 0 0 0 0.0294118 0.0294118 0.0588235 0.147059 0.205882 0.264706 0.191176 0.0588235 0 0.0147059 0 0 0 0 

2208 2191 1602 97 0 0.73026 0 0 0 0 0 0 0 0 0 0 0 0 0 0 0 0 0 0 0 0.0147059 0.0294118 0.0588235 0.205882 0.235294 0.220588 0.161765 0.0441176 0.0147059 0.0147059 0 0 0 0 

2240 2219 1602 98 0 0.721045 0 0 0 0 0 0 0 0 0 0 0 0 0 0 0 0 0 0 0 0.0289855 0.0434783 0.130435 0.188406 0.188406 0.173913 0.173913 0.057971 0.0144928 0 0 0 0 0 

2240 2218 1603 98 0 0.721371 0 0 0 0 0 0 0 0 0 0 0 0 0 0 0 0 0 0 0.0144928 0.0289855 0.0434783 0.115942 0.144928 0.217391 0.202899 0.130435 0.0869565 0.0144928 0 0 0 0 0 

2240 2212 1603 106 0 0.723327 0 0 0 0 0 0 0 0 0 0 0 0 0 0 0 0 0 0 0 0.0144928 0.0869565 0.101449 0.115942 0.144928 0.333333 0.130435 0.0724638 0 0 0 0 0 0 

2208 2179 1602 93 0 0.734282 0 0 0 0 0 0 0 0 0 0 0 0 0 0 0 0 0 0 0.0147059 0.0147059 0.0294118 0.0735294 0.176471 0.117647 0.235294 0.235294 0.0588235 0.0441176 0 0 0 0 0 

2176 2166 1602 86 0 0.738689 0 0 0 0 0 0 0 0 0 0 0 0 0 0 0 0 0 0 0 0 0.0447761 0.0597015 0.164179 0.208955 0.208955 0.164179 0.134328 0.0149254 0 0 0 0 0 

