2176 2165 1603 100 0 0.73903 0 0 0 0 0 0 0 0 0 0 0 0 0 0 0 0 0 0 0.0149254 0 0.0298507 0.0447761 0.179104 0.253731 0.134328 0.208955 0.0746269 0.0447761 0 0.0149254 0 0 0 

2240 2213 1602 90 0 0.723 0 0 0 0 0 0 0 0 0 0 0 0 0 0 0 0 0 0 0.0144928 0.0434783 0.057971 0.0289855 0.173913 0.231884 0.202899 0.144928 0.101449 0 0 0 0 0 0 

2208 2197 1603 101 0 0.728266 0 0 0 0 0 0 0 0 0 0 0 0 0 0 0 0 0 0 0 0.0588235 0.0588235 0.0588235 0.0735294 0.279412 0.176471 0.191176 0.102941 0 0 0 0 0 0 

2240 2219 1603 101 0 0.721045 0 0 0 0 0 0 0 0 0 0 0 0 0 0 0 0 0 0.0289855 0 0.0434783 0.0434783 0.130435 0.0869565 0.202899 0.246377 0.0869565 0.057971 0.057971 0.0144928 0 0 0 0 

2240 2215 1602 91 0 0.722348 0 0 0 0 0 0 0 0 0 0 0 0 0 0 0 0 0 0 0 0.0144928 0.0434783 0.0434783 0.217391 0.318841 0.188406 0.115942 0.0434783 0.0144928 0 0 0 0 0 

2208 2182 1602 90 0 0.733272 0 0 0 0 0 0 0 0 0 0 0 0 0 0 0 0 0 0 0 0 0.0147059 0.102941 0.176471 0.25 0.191176 0.132353 0.102941 0.0147059 0.0147059 0 0 0 0 

2208 2199 1602 86 0 0.727603 0 0 0 0 0 0 0 0 0 0 0 0 0 0 0 0 0 0 0 0.0294118 0.0294118 0.117647 0.132353 0.205882 0.264706 0.147059 0.0588235 0.0147059 0 0 0 0 0 

2176 2168 1600 98 0 0.738007 0 0 0 0 0 0 0 0 0 0 0 0 0 0 0 0 0 0 0 0.0149254 0 0.0746269 0.149254 0.268657 0.19403 0.19403 0.0895522 0.0149254 0 0 0 0 0 

2208 2194 1602 96 0 0.729262 0 0 0 0 0 0 0 0 0 0 0 0 0 0 0 0 0 0 0 0 0.0441176 0.102941 0.147059 0.25 0.25 0.117647 0.0588235 0.0294118 0 0 0 0 0 

2240 2218 1603 102 0 0.721371 0 0 0 0 0 0 0 0 0 0 0 0 0 0 0 0 0 0 0 0.0144928 0.057971 0.15942 0.115942 0.15942 0.289855 0.15942 0.0289855 0.0144928 0 0 0 0 0 

