2240 2218 1602 87 0 0.721371 0 0 0 0 0 0 0 0 0 0 0 0 0 0 0 0 0 0.0144928 0.0144928 0.0289855 0.057971 0.0289855 0.188406 0.231884 0.217391 0.115942 0.0869565 0.0144928 0 0 0 0 0 

2240 2222 1602 97 0 0.720072 0 0 0 0 0 0 0 0 0 0 0 0 0 0 0 0 0 0 0.0144928 0.0434783 0.0724638 0.057971 0.202899 0.173913 0.188406 0.15942 0.057971 0.0289855 0 0 0 0 0 

2240 2222 1602 95 0 0.720072 0 0 0 0 0 0 0 0 0 0 0 0 0 0 0 0 0 0 0.0144928 0.0144928 0.0144928 0.101449 0.217391 0.246377 0.231884 0.101449 0.057971 0 0 0 0 0 0 

2272 2264 1602 104 0 0.706714 0 0 0 0 0 0 0 0 0 0 0 0 0 0 0 0 0 0 0 0.0285714 0.157143 0.128571 0.171429 0.157143 0.2 0.1 0.0571429 0 0 0 0 0 0 

2208 2188 1602 89 0 0.731261 0 0 0 0 0 0 0 0 0 0 0 0 0 0 0 0 0 0 0.0147059 0 0.0294118 0.0735294 0.132353 0.235294 0.323529 0.102941 0.0588235 0.0294118 0 0 0 0 0 

2240 2218 1603 99 0 0.721371 0 0 0 0 0 0 0 0 0 0 0 0 0 0 0 0 0.0144928 0.0144928 0 0.0144928 0.0434783 0.101449 0.15942 0.217391 0.144928 0.217391 0.0434783 0.0289855 0 0 0 0 0 

2208 2184 1602 89 0 0.732601 0 0 0 0 0 0 0 0 0 0 0 0 0 0 0 0 0 0 0 0.0294118 0.0294118 0.117647 0.0882353 0.176471 0.279412 0.147059 0.132353 0 0 0 0 0 0 

2208 2184 1602 92 0 0.732601 0 0 0 0 0 0 0 0 0 0 0 0 0 0 0 0 0 0 0 0.0294118 0.0294118 0.102941 0.147059 0.161765 0.235294 0.176471 0.0735294 0.0294118 0.0147059 0 0 0 0 

2240 2214 1602 90 0 0.722674 0 0 0 0 0 0 0 0 0 0 0 0 0 0 0 0 0 0 0 0.0289855 0.0289855 0.115942 0.173913 0.188406 0.289855 0.101449 0.0434783 0.0289855 0 0 0 0 0 

2240 2214 1603 99 0 0.722674 0 0 0 0 0 0 0 0 0 0 0 0 0 0 0 0 0 0 0 0 0.0434783 0.101449 0.246377 0.217391 0.15942 0.15942 0.0434783 0.0289855 0 0 0 0 0 

