2208 2194 1602 88 0 0.729262 0 0 0 0 0 0 0 0 0 0 0 0 0 0 0 0 0 0 0.0147059 0.0294118 0 0.102941 0.147059 0.191176 0.25 0.205882 0.0588235 0 0 0 0 0 0 

2208 2196 1602 89 0 0.728597 0 0 0 0 0 0 0 0 0 0 0 0 0 0 0 0 0 0 0 0 0.0147059 0.147059 0.161765 0.294118 0.132353 0.161765 0.0588235 0.0147059 0.0147059 0 0 0 0 

2176 2165 1602 86 0 0.73903 0 0 0 0 0 0 0 0 0 0 0 0 0 0 0 0 0 0 0 0.0149254 0 0.0895522 0.0895522 0.283582 0.238806 0.19403 0.0746269 0 0.0149254 0 0 0 0 

2208 2182 1602 93 0 0.733272 0 0 0 0 0 0 0 0 0 0 0 0 0 0 0 0 0 0 0 0 0.0294118 0.0588235 0.176471 0.205882 0.294118 0.147059 0.0882353 0 0 0 0 0 0 

2208 2196 1602 91 0 0.728597 0 0 0 0 0 0 0 0 0 0 0 0 0 0 0 0 0 0 0.0147059 0 0.0441176 0.0294118 0.235294 0.279412 0.117647 0.205882 0.0588235 0.0147059 0 0 0 0 0 

2240 2223 1602 96 0 0.719748 0 0 0 0 0 0 0 0 0 0 0 0 0 0 0 0 0 0 0 0 0.057971 0.15942 0.15942 0.217391 0.231884 0.101449 0.0724638 0 0 0 0 0 0 

2208 2190 1602 94 0 0.730594 0 0 0 0 0 0 0 0 0 0 0 0 0 0 0 0 0 0 0 0.0147059 0.0294118 0.0882353 0.191176 0.220588 0.176471 0.176471 0.0735294 0.0294118 0 0 0 0 0 

2240 2212 1602 95 0 0.723327 0 0 0 0 0 0 0 0 0 0 0 0 0 0 0 0 0 0.0144928 0 0.0289855 0.0289855 0.0434783 0.15942 0.289855 0.231884 0.144928 0.057971 0 0 0 0 0 0 

2176 2162 1602 98 0 0.740056 0 0 0 0 0 0 0 0 0 0 0 0 0 0 0 0 0 0 0 0.0149254 0.0149254 0.0895522 0.149254 0.164179 0.238806 0.19403 0.0895522 0.0447761 0 0 0 0 0 

2208 2182 1602 95 0 0.733272 0 0 0 0 0 0 0 0 0 0 0 0 0 0 0 0 0 0 0 0.0147059 0 0.0882353 0.191176 0.220588 0.191176 0.205882 0.0588235 0.0294118 0 0 0 0 0 

