2208 2197 1602 86 0 0.728266 0 0 0 0 0 0 0 0 0 0 0 0 0 0 0 0 0 0 0.0147059 0.0147059 0.0441176 0.0882353 0.147059 0.220588 0.220588 0.147059 0.0882353 0.0147059 0 0 0 0 0 

2208 2192 1602 93 0 0.729927 0 0 0 0 0 0 0 0 0 0 0 0 0 0 0 0 0 0 0 0.0147059 0.0588235 0.0882353 0.191176 0.161765 0.191176 0.205882 0.0294118 0.0588235 0 0 0 0 0 

2208 2184 1602 94 0 0.732601 0 0 0 0 0 0 0 0 0 0 0 0 0 0 0 0 0 0 0 0 0.0588235 0.0294118 0.176471 0.220588 0.279412 0.147059 0.0735294 0.0147059 0 0 0 0 0 

2208 2197 1603 99 0 0.728266 0 0 0 0 0 0 0 0 0 0 0 0 0 0 0 0 0 0 0 0.0294118 0.0147059 0.0588235 0.235294 0.220588 0.191176 0.161765 0.0882353 0 0 0 0 0 0 

2240 2219 1602 89 0 0.721045 0 0 0 0 0 0 0 0 0 0 0 0 0 0 0 0 0 0 0.0144928 0.0144928 0.0724638 0.115942 0.144928 0.231884 0.130435 0.202899 0.057971 0 0.0144928 0 0 0 0 

2240 2220 1602 94 0 0.720721 0 0 0 0 0 0 0 0 0 0 0 0 0 0 0 0 0 0 0 0 0.144928 0.130435 0.130435 0.144928 0.15942 0.188406 0.0724638 0.0289855 0 0 0 0 0 

2208 2194 1602 97 0 0.729262 0 0 0 0 0 0 0 0 0 0 0 0 0 0 0 0 0 0 0 0.0294118 0.0147059 0.0735294 0.176471 0.235294 0.25 0.132353 0.0882353 0 0 0 0 0 0 

2208 2191 1603 100 0 0.73026 0 0 0 0 0 0 0 0 0 0 0 0 0 0 0 0 0 0 0.0147059 0.0147059 0.0294118 0.0735294 0.117647 0.235294 0.25 0.220588 0.0294118 0.0147059 0 0 0 0 0 

2208 2198 1602 83 0 0.727934 0 0 0 0 0 0 0 0 0 0 0 0 0 0 0 0 0 0 0 0.0147059 0.0441176 0.147059 0.147059 0.191176 0.191176 0.132353 0.117647 0.0147059 0 0 0 0 0 

2272 2257 1602 95 0 0.708906 0 0 0 0 0 0 0 0 0 0 0 0 0 0 0 0 0 0.0142857 0 0.0428571 0.1 0.1 0.185714 0.157143 0.228571 0.157143 0.0142857 0 0 0 0 0 0 

