2240 2213 1602 95 0 0.723 0 0 0 0 0 0 0 0 0 0 0 0 0 0 0 0 0 0 0 0.0144928 0.0289855 0.188406 0.130435 0.188406 0.202899 0.15942 0.0724638 0.0144928 0 0 0 0 0 

2208 2199 1602 96 0 0.727603 0 0 0 0 0 0 0 0 0 0 0 0 0 0 0 0 0 0 0.0147059 0 0.0441176 0.102941 0.147059 0.235294 0.235294 0.147059 0.0441176 0.0294118 0 0 0 0 0 

2272 2259 1603 109 0 0.708278 0 0 0 0 0 0 0 0 0 0 0 0 0 0 0 0 0 0 0 0.0428571 0.0714286 0.242857 0.1 0.214286 0.157143 0.128571 0 0.0285714 0.0142857 0 0 0 0 

2208 2200 1601 96 0 0.727273 0 0 0 0 0 0 0 0 0 0 0 0 0 0 0 0 0 0 0.0147059 0.0441176 0.0882353 0.0441176 0.0441176 0.235294 0.308824 0.132353 0.0735294 0.0147059 0 0 0 0 0 

2240 2213 1603 101 0 0.723 0 0 0 0 0 0 0 0 0 0 0 0 0 0 0 0 0 0 0 0.0144928 0.057971 0.115942 0.130435 0.231884 0.26087 0.101449 0.057971 0.0289855 0 0 0 0 0 

2208 2197 1602 94 0 0.728266 0 0 0 0 0 0 0 0 0 0 0 0 0 0 0 0 0 0 0 0 0.0294118 0.132353 0.191176 0.176471 0.264706 0.0882353 0.117647 0 0 0 0 0 0 

2176 2156 1601 81 0 0.742115 0 0 0 0 0 0 0 0 0 0 0 0 0 0 0 0 0 0 0 0 0.0447761 0.0597015 0.179104 0.134328 0.238806 0.19403 0.0746269 0.0746269 0 0 0 0 0 

2208 2180 1602 91 0 0.733945 0 0 0 0 0 0 0 0 0 0 0 0 0 0 0 0 0 0 0 0.0294118 0.0588235 0.0882353 0.0735294 0.176471 0.25 0.191176 0.117647 0.0147059 0 0 0 0 0 

2208 2188 1602 94 0 0.731261 0 0 0 0 0 0 0 0 0 0 0 0 0 0 0 0 0.0147059 0.0147059 0 0.0294118 0.0147059 0.0441176 0.147059 0.220588 0.205882 0.191176 0.0882353 0.0294118 0 0 0 0 0 

2208 2192 1603 103 0 0.729927 0 0 0 0 0 0 0 0 0 0 0 0 0 0 0 0 0 0.0147059 0 0 0.0735294 0.0735294 0.132353 0.191176 0.25 0.147059 0.0882353 0.0294118 0 0 0 0 0 

