2208 2190 1602 92 0 0.730594 0 0 0 0 0 0 0 0 0 0 0 0 0 0 0 0 0 0.0147059 0 0.0147059 0.0294118 0.102941 0.0882353 0.235294 0.220588 0.220588 0.0735294 0 0 0 0 0 0 

2240 2224 1602 98 0 0.719424 0 0 0 0 0 0 0 0 0 0 0 0 0 0 0 0 0 0.0144928 0 0.0144928 0.0434783 0.115942 0.173913 0.231884 0.231884 0.115942 0.0289855 0.0289855 0 0 0 0 0 

2208 2195 1602 96 0 0.728929 0 0 0 0 0 0 0 0 0 0 0 0 0 0 0 0 0 0.0147059 0 0 0.0147059 0.0882353 0.191176 0.220588 0.235294 0.161765 0.0735294 0 0 0 0 0 0 

2176 2167 1602 95 0 0.738348 0 0 0 0 0 0 0 0 0 0 0 0 0 0 0 0 0 0 0 0 0.0597015 0.0597015 0.164179 0.0895522 0.328358 0.19403 0.104478 0 0 0 0 0 0 

2240 2214 1602 85 0 0.722674 0 0 0 0 0 0 0 0 0 0 0 0 0 0 0 0 0 0 0 0 0.0289855 0.144928 0.173913 0.217391 0.26087 0.101449 0.0724638 0 0 0 0 0 0 

2240 2230 1602 93 0 0.717489 0 0 0 0 0 0 0 0 0 0 0 0 0 0 0 0 0 0 0.0144928 0.0144928 0.057971 0.130435 0.173913 0.188406 0.217391 0.188406 0.0144928 0 0 0 0 0 0 

2240 2217 1602 96 0 0.721696 0 0 0 0 0 0 0 0 0 0 0 0 0 0 0 0 0 0 0 0.0144928 0.057971 0.15942 0.101449 0.231884 0.188406 0.188406 0.057971 0 0 0 0 0 0 

2240 2226 1603 104 0 0.718778 0 0 0 0 0 0 0 0 0 0 0 0 0 0 0 0 0 0 0 0.0434783 0.0724638 0.0869565 0.115942 0.275362 0.231884 0.115942 0.0434783 0.0144928 0 0 0 0 0 

2176 2169 1602 96 0 0.737667 0 0 0 0 0 0 0 0 0 0 0 0 0 0 0 0 0 0 0 0 0.0298507 0.119403 0.104478 0.164179 0.313433 0.164179 0.0895522 0.0149254 0 0 0 0 0 

2208 2183 1603 99 0 0.732936 0 0 0 0 0 0 0 0 0 0 0 0 0 0 0 0 0 0 0.0147059 0.0147059 0.0294118 0.0735294 0.102941 0.235294 0.279412 0.132353 0.0735294 0.0441176 0 0 0 0 0 

