2176 2160 1602 86 0 0.740741 0 0 0 0 0 0 0 0 0 0 0 0 0 0 0 0 0 0 0 0 0.0149254 0.0895522 0.104478 0.19403 0.328358 0.164179 0.0746269 0.0298507 0 0 0 0 0 

2240 2217 1603 106 0 0.721696 0 0 0 0 0 0 0 0 0 0 0 0 0 0 0 0 0 0.0144928 0.0289855 0 0.0434783 0.0724638 0.173913 0.173913 0.275362 0.144928 0.0724638 0 0 0 0 0 0 

2208 2194 1603 100 0 0.729262 0 0 0 0 0 0 0 0 0 0 0 0 0 0 0 0 0 0 0.0147059 0 0.0441176 0.0735294 0.102941 0.308824 0.25 0.117647 0.0735294 0.0147059 0 0 0 0 0 

2240 2216 1603 107 0 0.722022 0 0 0 0 0 0 0 0 0 0 0 0 0 0 0 0 0 0 0.0144928 0.0144928 0.057971 0.115942 0.130435 0.217391 0.202899 0.173913 0.057971 0.0144928 0 0 0 0 0 

2272 2244 1602 98 0 0.713012 0 0 0 0 0 0 0 0 0 0 0 0 0 0 0 0 0 0 0 0.0285714 0.0571429 0.1 0.171429 0.257143 0.3 0.0714286 0.0142857 0 0 0 0 0 0 

2208 2181 1602 87 0 0.733608 0 0 0 0 0 0 0 0 0 0 0 0 0 0 0 0 0 0 0 0 0 0.0882353 0.191176 0.264706 0.191176 0.161765 0.0735294 0.0294118 0 0 0 0 0 

2240 2225 1603 100 0 0.719101 0 0 0 0 0 0 0 0 0 0 0 0 0 0 0 0 0 0 0 0.0144928 0.0144928 0.144928 0.217391 0.231884 0.202899 0.144928 0.0144928 0.0144928 0 0 0 0 0 

2208 2200 1602 97 0 0.727273 0 0 0 0 0 0 0 0 0 0 0 0 0 0 0 0 0 0 0 0.0294118 0.0441176 0.0735294 0.205882 0.220588 0.176471 0.161765 0.0441176 0.0441176 0 0 0 0 0 

2176 2164 1602 97 0 0.739372 0 0 0 0 0 0 0 0 0 0 0 0 0 0 0 0 0 0 0 0.0149254 0 0.0447761 0.179104 0.238806 0.253731 0.134328 0.119403 0.0149254 0 0 0 0 0 

2240 2223 1603 101 0 0.719748 0 0 0 0 0 0 0 0 0 0 0 0 0 0 0 0 0.0144928 0 0 0.0289855 0.0434783 0.130435 0.115942 0.202899 0.246377 0.173913 0.0289855 0.0144928 0 0 0 0 0 

