2208 2189 1602 83 0 0.730927 0 0 0 0 0 0 0 0 0 0 0 0 0 0 0 0 0 0.0147059 0 0 0.0294118 0.0882353 0.117647 0.264706 0.205882 0.205882 0.0735294 0 0 0 0 0 0 

2176 2165 1602 93 0 0.73903 0 0 0 0 0 0 0 0 0 0 0 0 0 0 0 0 0 0 0 0.0298507 0.0298507 0.0597015 0.179104 0.119403 0.223881 0.238806 0.0746269 0.0447761 0 0 0 0 0 

2208 2186 1602 95 0 0.73193 0 0 0 0 0 0 0 0 0 0 0 0 0 0 0 0 0 0.0147059 0 0 0.0441176 0.0735294 0.102941 0.264706 0.25 0.176471 0.0294118 0.0294118 0.0147059 0 0 0 0 

2240 2225 1602 94 0 0.719101 0 0 0 0 0 0 0 0 0 0 0 0 0 0 0 0 0 0 0 0.0144928 0.101449 0.130435 0.101449 0.217391 0.217391 0.173913 0.0434783 0 0 0 0 0 0 

2208 2197 1602 98 0 0.728266 0 0 0 0 0 0 0 0 0 0 0 0 0 0 0 0 0 0 0.0147059 0.0147059 0.0147059 0.102941 0.176471 0.191176 0.279412 0.102941 0.0882353 0.0147059 0 0 0 0 0 

2240 2212 1602 94 0 0.723327 0 0 0 0 0 0 0 0 0 0 0 0 0 0 0 0 0 0 0.0434783 0.0144928 0.057971 0.0724638 0.130435 0.130435 0.318841 0.15942 0.057971 0 0.0144928 0 0 0 0 

2176 2168 1600 94 0 0.738007 0 0 0 0 0 0 0 0 0 0 0 0 0 0 0 0 0 0 0 0.0298507 0.0298507 0.0597015 0.134328 0.238806 0.134328 0.298507 0.0298507 0.0298507 0.0149254 0 0 0 0 

2240 2215 1602 89 0 0.722348 0 0 0 0 0 0 0 0 0 0 0 0 0 0 0 0 0 0 0 0 0.0289855 0.130435 0.246377 0.173913 0.26087 0.0724638 0.0434783 0.0434783 0 0 0 0 0 

2240 2219 1602 92 0 0.721045 0 0 0 0 0 0 0 0 0 0 0 0 0 0 0 0 0 0 0 0.0144928 0.0434783 0.144928 0.188406 0.246377 0.0869565 0.188406 0.0869565 0 0 0 0 0 0 

2208 2203 1600 97 0 0.726282 0 0 0 0 0 0 0 0 0 0 0 0 0 0 0 0 0.0147059 0 0 0 0.0735294 0.0882353 0.176471 0.176471 0.25 0.117647 0.0882353 0 0 0.0147059 0 0 0 

