2240 2228 1602 92 0 0.718133 0 0 0 0 0 0 0 0 0 0 0 0 0 0 0.0144928 0 0 0 0 0.0289855 0.0869565 0.0724638 0.115942 0.289855 0.188406 0.115942 0.0724638 0.0144928 0 0 0 0 0 

2208 2197 1602 102 0 0.728266 0 0 0 0 0 0 0 0 0 0 0 0 0 0 0 0 0 0 0 0 0.0294118 0.0882353 0.220588 0.205882 0.264706 0.0882353 0.102941 0 0 0 0 0 0 

2208 2198 1602 96 0 0.727934 0 0 0 0 0 0 0 0 0 0 0 0 0 0 0 0 0 0 0 0.0147059 0.0147059 0.102941 0.191176 0.235294 0.205882 0.191176 0.0294118 0.0147059 0 0 0 0 0 

2240 2222 1603 101 0 0.720072 0 0 0 0 0 0 0 0 0 0 0 0 0 0 0 0 0 0.0144928 0 0.0289855 0.0434783 0.115942 0.115942 0.26087 0.217391 0.130435 0.057971 0.0144928 0 0 0 0 0 

2240 2218 1602 92 0 0.721371 0 0 0 0 0 0 0 0 0 0 0 0 0 0 0 0 0 0 0 0.0144928 0.057971 0.115942 0.144928 0.202899 0.275362 0.173913 0 0.0144928 0 0 0 0 0 

2208 2186 1602 97 0 0.73193 0 0 0 0 0 0 0 0 0 0 0 0 0 0 0 0 0 0 0 0.0147059 0.0441176 0.102941 0.132353 0.25 0.117647 0.205882 0.117647 0.0147059 0 0 0 0 0 

2176 2159 1602 90 0 0.741084 0 0 0 0 0 0 0 0 0 0 0 0 0 0 0 0 0 0 0.0149254 0 0.0298507 0.0298507 0.134328 0.238806 0.223881 0.208955 0.0746269 0.0447761 0 0 0 0 0 

2240 2223 1602 91 0 0.719748 0 0 0 0 0 0 0 0 0 0 0 0 0 0 0 0 0 0 0.0434783 0.0144928 0.057971 0.0144928 0.188406 0.246377 0.26087 0.115942 0.057971 0 0 0 0 0 0 

2240 2217 1602 97 0 0.721696 0 0 0 0 0 0 0 0 0 0 0 0 0 0 0 0.0144928 0 0.0144928 0.0144928 0.0144928 0.0144928 0.0869565 0.15942 0.15942 0.333333 0.130435 0.0434783 0 0.0144928 0 0 0 0 

2208 2194 1602 90 0 0.729262 0 0 0 0 0 0 0 0 0 0 0 0 0 0 0 0 0 0 0.0147059 0 0.0441176 0.132353 0.117647 0.205882 0.205882 0.205882 0.0441176 0.0147059 0.0147059 0 0 0 0 

