2208 2203 1602 95 0 0.726282 0 0 0 0 0 0 0 0 0 0 0 0 0 0 0 0 0 0.0147059 0.0147059 0.0147059 0.0441176 0.0735294 0.102941 0.264706 0.264706 0.132353 0.0588235 0.0147059 0 0 0 0 0 

2240 2213 1602 95 0 0.723 0 0 0 0 0 0 0 0 0 0 0 0 0 0 0 0 0 0 0.0144928 0.0289855 0.0289855 0.130435 0.101449 0.217391 0.231884 0.188406 0.057971 0 0 0 0 0 0 

2240 2221 1602 93 0 0.720396 0 0 0 0 0 0 0 0 0 0 0 0 0 0 0 0 0 0 0 0.0144928 0.057971 0.0869565 0.188406 0.202899 0.289855 0.144928 0.0144928 0 0 0 0 0 0 

2208 2195 1602 91 0 0.728929 0 0 0 0 0 0 0 0 0 0 0 0 0 0 0 0 0 0 0.0147059 0 0.0882353 0.0441176 0.161765 0.161765 0.279412 0.191176 0.0294118 0.0294118 0 0 0 0 0 

2208 2197 1602 85 0 0.728266 0 0 0 0 0 0 0 0 0 0 0 0 0 0 0 0 0 0 0.0147059 0.0294118 0.0441176 0.0735294 0.176471 0.176471 0.191176 0.191176 0.0882353 0.0147059 0 0 0 0 0 

2240 2213 1603 100 0 0.723 0 0 0 0 0 0 0 0 0 0 0 0 0 0 0 0 0 0 0.0144928 0.0434783 0.0434783 0.0869565 0.115942 0.217391 0.217391 0.188406 0.057971 0.0144928 0 0 0 0 0 

2240 2222 1602 97 0 0.720072 0 0 0 0 0 0 0 0 0 0 0 0 0 0 0 0.0144928 0 0 0 0 0.0144928 0.144928 0.15942 0.289855 0.188406 0.130435 0.057971 0 0 0 0 0 0 

2208 2195 1602 90 0 0.728929 0 0 0 0 0 0 0 0 0 0 0 0 0 0 0 0 0 0 0 0.0294118 0.0441176 0.0588235 0.176471 0.161765 0.294118 0.176471 0.0588235 0 0 0 0 0 0 

2240 2216 1603 99 0 0.722022 0 0 0 0 0 0 0 0 0 0 0 0 0 0 0 0 0 0.0144928 0 0.0434783 0.057971 0.057971 0.101449 0.275362 0.231884 0.130435 0.0724638 0.0144928 0 0 0 0 0 

2176 2168 1601 93 0 0.738007 0 0 0 0 0 0 0 0 0 0 0 0 0 0 0 0 0 0 0.0149254 0.0149254 0 0.0746269 0.149254 0.179104 0.223881 0.298507 0.0298507 0 0.0149254 0 0 0 0 

