2208 2192 1602 91 0 0.729927 0 0 0 0 0 0 0 0 0 0 0 0 0 0 0 0 0 0 0.0147059 0 0.0147059 0.117647 0.161765 0.220588 0.264706 0.102941 0.0441176 0.0588235 0 0 0 0 0 

2208 2198 1602 92 0 0.727934 0 0 0 0 0 0 0 0 0 0 0 0 0 0 0 0 0 0 0 0.0294118 0 0.117647 0.235294 0.176471 0.176471 0.161765 0.0882353 0.0147059 0 0 0 0 0 

2176 2167 1602 92 0 0.738348 0 0 0 0 0 0 0 0 0 0 0 0 0 0 0 0 0 0 0 0.0149254 0 0.0895522 0.119403 0.283582 0.238806 0.119403 0.0895522 0.0447761 0 0 0 0 0 

2240 2212 1602 95 0 0.723327 0 0 0 0 0 0 0 0 0 0 0 0 0 0 0 0 0 0 0 0.0434783 0.0434783 0.144928 0.0869565 0.246377 0.130435 0.217391 0.0724638 0.0144928 0 0 0 0 0 

2240 2216 1602 94 0 0.722022 0 0 0 0 0 0 0 0 0 0 0 0 0 0 0 0 0 0 0.0144928 0.0144928 0.0434783 0.0869565 0.202899 0.202899 0.188406 0.188406 0.057971 0 0 0 0 0 0 

2208 2190 1602 88 0 0.730594 0 0 0 0 0 0 0 0 0 0 0 0 0 0 0 0 0 0 0.0147059 0 0.0588235 0.0735294 0.102941 0.308824 0.147059 0.191176 0.0882353 0.0147059 0 0 0 0 0 

2176 2170 1600 94 0 0.737327 0 0 0 0 0 0 0 0 0 0 0 0 0 0 0 0 0 0 0 0.0298507 0.0149254 0.104478 0.0895522 0.238806 0.208955 0.19403 0.0895522 0.0298507 0 0 0 0 0 

2240 2215 1602 92 0 0.722348 0 0 0 0 0 0 0 0 0 0 0 0 0 0 0 0 0 0 0 0 0.0434783 0.101449 0.217391 0.26087 0.144928 0.173913 0.057971 0 0 0 0 0 0 

2176 2167 1602 96 0 0.738348 0 0 0 0 0 0 0 0 0 0 0 0 0 0 0 0 0 0 0 0 0.0597015 0.0597015 0.164179 0.164179 0.268657 0.119403 0.134328 0.0298507 0 0 0 0 0 

2208 2195 1603 99 0 0.728929 0 0 0 0 0 0 0 0 0 0 0 0 0 0 0 0 0 0 0 0.0294118 0.0294118 0.117647 0.102941 0.220588 0.264706 0.132353 0.102941 0 0 0 0 0 0 

