2240 2214 1602 87 0 0.722674 0 0 0 0 0 0 0 0 0 0 0 0 0 0 0 0 0 0.0144928 0.0144928 0.0289855 0.0289855 0.057971 0.130435 0.304348 0.202899 0.130435 0.0724638 0.0144928 0 0 0 0 0 

2208 2198 1602 93 0 0.727934 0 0 0 0 0 0 0 0 0 0 0 0 0 0 0 0 0 0 0.0147059 0.0441176 0.0147059 0.0294118 0.191176 0.25 0.220588 0.161765 0.0588235 0.0147059 0 0 0 0 0 

2208 2195 1602 95 0 0.728929 0 0 0 0 0 0 0 0 0 0 0 0 0 0 0 0 0 0 0.0147059 0 0.0294118 0.117647 0.132353 0.235294 0.264706 0.102941 0.0735294 0.0294118 0 0 0 0 0 

2208 2192 1602 95 0 0.729927 0 0 0 0 0 0 0 0 0 0 0 0 0 0 0 0 0 0 0 0 0.0294118 0.117647 0.132353 0.264706 0.25 0.117647 0.0588235 0.0294118 0 0 0 0 0 

2240 2216 1603 100 0 0.722022 0 0 0 0 0 0 0 0 0 0 0 0 0 0 0 0 0 0 0.0144928 0.0144928 0.0289855 0.130435 0.144928 0.26087 0.202899 0.101449 0.0724638 0.0289855 0 0 0 0 0 

2208 2200 1602 92 0 0.727273 0 0 0 0 0 0 0 0 0 0 0 0 0 0 0 0 0 0 0.0147059 0 0.0441176 0.132353 0.117647 0.205882 0.279412 0.132353 0.0441176 0.0294118 0 0 0 0 0 

2272 2252 1602 97 0 0.71048 0 0 0 0 0 0 0 0 0 0 0 0 0 0 0 0 0 0 0.0285714 0.0714286 0.0285714 0.114286 0.157143 0.214286 0.214286 0.128571 0.0285714 0.0142857 0 0 0 0 0 

2240 2230 1603 102 0 0.717489 0 0 0 0 0 0 0 0 0 0 0 0 0 0 0 0 0 0 0.0144928 0.0144928 0.0434783 0.115942 0.202899 0.217391 0.231884 0.115942 0.0289855 0.0144928 0 0 0 0 0 

2208 2191 1602 95 0 0.73026 0 0 0 0 0 0 0 0 0 0 0 0 0 0 0 0 0 0 0.0147059 0.0147059 0.0588235 0.0147059 0.117647 0.308824 0.220588 0.191176 0.0441176 0.0147059 0 0 0 0 0 

2208 2198 1602 90 0 0.727934 0 0 0 0 0 0 0 0 0 0 0 0 0 0 0 0 0 0 0 0.0294118 0.0441176 0.117647 0.132353 0.235294 0.205882 0.117647 0.0588235 0.0588235 0 0 0 0 0 

