2272 2243 1602 96 0 0.71333 0 0 0 0 0 0 0 0 0 0 0 0 0 0 0 0 0 0 0 0.0428571 0.0571429 0.171429 0.128571 0.214286 0.185714 0.142857 0.0428571 0.0142857 0 0 0 0 0 

2240 2218 1602 89 0 0.721371 0 0 0 0 0 0 0 0 0 0 0 0 0 0 0 0 0 0 0 0 0.0434783 0.144928 0.144928 0.231884 0.26087 0.144928 0.0289855 0 0 0 0 0 0 

2176 2159 1602 87 0 0.741084 0 0 0 0 0 0 0 0 0 0 0 0 0 0 0 0 0 0 0 0.0298507 0 0.0746269 0.119403 0.223881 0.238806 0.164179 0.0895522 0.0597015 0 0 0 0 0 

2240 2220 1603 104 0 0.720721 0 0 0 0 0 0 0 0 0 0 0 0 0 0 0 0 0 0 0 0 0.0434783 0.130435 0.188406 0.231884 0.217391 0.144928 0.0434783 0 0 0 0 0 0 

2208 2200 1602 91 0 0.727273 0 0 0 0 0 0 0 0 0 0 0 0 0 0 0 0 0 0.0147059 0 0 0.0441176 0.0882353 0.176471 0.235294 0.176471 0.191176 0.0735294 0 0 0 0 0 0 

2240 2218 1602 94 0 0.721371 0 0 0 0 0 0 0 0 0 0 0 0 0 0 0 0 0 0 0.0144928 0.0144928 0 0.173913 0.130435 0.231884 0.26087 0.130435 0.0144928 0.0289855 0 0 0 0 0 

2208 2186 1602 96 0 0.73193 0 0 0 0 0 0 0 0 0 0 0 0 0 0 0 0 0 0 0 0 0.0441176 0.0882353 0.132353 0.294118 0.161765 0.161765 0.102941 0.0147059 0 0 0 0 0 

2176 2165 1602 85 0 0.73903 0 0 0 0 0 0 0 0 0 0 0 0 0 0 0 0 0 0 0 0 0 0.0895522 0.19403 0.179104 0.253731 0.134328 0.149254 0 0 0 0 0 0 

2208 2190 1603 100 0 0.730594 0 0 0 0 0 0 0 0 0 0 0 0 0 0 0 0 0 0 0 0.0294118 0.0441176 0.102941 0.147059 0.161765 0.205882 0.205882 0.0735294 0.0147059 0.0147059 0 0 0 0 

2208 2194 1602 93 0 0.729262 0 0 0 0 0 0 0 0 0 0 0 0 0 0 0 0 0 0 0.0147059 0.0147059 0 0.147059 0.147059 0.220588 0.220588 0.117647 0.0735294 0.0294118 0.0147059 0 0 0 0 

