2208 2193 1602 90 0 0.729594 0 0 0 0 0 0 0 0 0 0 0 0 0 0 0 0 0 0 0 0 0.0588235 0.102941 0.161765 0.220588 0.176471 0.176471 0.0882353 0.0147059 0 0 0 0 0 

2208 2201 1603 99 0 0.726942 0 0 0 0 0 0 0 0 0 0 0 0 0 0 0 0 0 0 0.0147059 0 0.0441176 0.147059 0.161765 0.191176 0.147059 0.161765 0.132353 0 0 0 0 0 0 

2176 2156 1602 83 0 0.742115 0 0 0 0 0 0 0 0 0 0 0 0 0 0 0 0 0 0 0 0 0.0149254 0.0298507 0.208955 0.208955 0.253731 0.134328 0.0746269 0.0746269 0 0 0 0 0 

2176 2170 1600 93 0 0.737327 0 0 0 0 0 0 0 0 0 0 0 0 0 0 0 0 0 0 0 0.0298507 0.0149254 0.0447761 0.179104 0.179104 0.268657 0.208955 0.0447761 0.0149254 0.0149254 0 0 0 0 

2208 2182 1602 88 0 0.733272 0 0 0 0 0 0 0 0 0 0 0 0 0 0 0 0 0 0 0 0 0.0441176 0.117647 0.132353 0.0882353 0.308824 0.264706 0.0441176 0 0 0 0 0 0 

2240 2219 1602 92 0 0.721045 0 0 0 0 0 0 0 0 0 0 0 0 0 0 0 0 0 0 0.0289855 0 0.057971 0.115942 0.101449 0.304348 0.15942 0.15942 0.057971 0.0144928 0 0 0 0 0 

2240 2219 1602 93 0 0.721045 0 0 0 0 0 0 0 0 0 0 0 0 0 0 0 0 0 0 0.0144928 0.0434783 0.0289855 0.0869565 0.173913 0.202899 0.188406 0.231884 0.0289855 0 0 0 0 0 0 

2240 2225 1602 93 0 0.719101 0 0 0 0 0 0 0 0 0 0 0 0 0 0 0 0 0 0.0144928 0 0.0144928 0.057971 0.0869565 0.173913 0.217391 0.26087 0.144928 0.0289855 0 0 0 0 0 0 

2208 2185 1602 96 0 0.732265 0 0 0 0 0 0 0 0 0 0 0 0 0 0 0 0 0 0 0 0 0.0441176 0.132353 0.102941 0.235294 0.205882 0.132353 0.132353 0.0147059 0 0 0 0 0 

2240 2215 1603 106 0 0.722348 0 0 0 0 0 0 0 0 0 0 0 0 0 0 0 0 0 0 0.0144928 0.0144928 0.101449 0.0434783 0.15942 0.231884 0.188406 0.144928 0.0724638 0.0289855 0 0 0 0 0 

