2208 2197 1602 95 0 0.728266 0 0 0 0 0 0 0 0 0 0 0 0 0 0 0 0 0 0 0.0147059 0.0294118 0.0441176 0.102941 0.147059 0.176471 0.161765 0.220588 0.0882353 0.0147059 0 0 0 0 0 

2208 2200 1601 107 0 0.727273 0 0 0 0 0 0 0 0 0 0 0 0 0 0 0 0 0 0 0.0147059 0.0294118 0.0441176 0.102941 0.191176 0.132353 0.191176 0.176471 0.0882353 0.0147059 0.0147059 0 0 0 0 

2240 2211 1602 85 0 0.723654 0 0 0 0 0 0 0 0 0 0 0 0 0 0 0 0 0 0 0.0144928 0.0434783 0.0144928 0.144928 0.0724638 0.246377 0.202899 0.188406 0.0434783 0.0289855 0 0 0 0 0 

2208 2182 1602 92 0 0.733272 0 0 0 0 0 0 0 0 0 0 0 0 0 0 0 0 0 0 0 0 0.0294118 0.0735294 0.0882353 0.352941 0.264706 0.0882353 0.0735294 0.0147059 0.0147059 0 0 0 0 

2208 2200 1602 90 0 0.727273 0 0 0 0 0 0 0 0 0 0 0 0 0 0 0 0 0 0 0.0294118 0 0.0147059 0.102941 0.205882 0.205882 0.176471 0.176471 0.0735294 0.0147059 0 0 0 0 0 

2208 2196 1602 97 0 0.728597 0 0 0 0 0 0 0 0 0 0 0 0 0 0 0 0 0 0.0147059 0 0.0147059 0.0294118 0.0147059 0.191176 0.264706 0.279412 0.132353 0.0588235 0 0 0 0 0 0 

2208 2188 1602 93 0 0.731261 0 0 0 0 0 0 0 0 0 0 0 0 0 0 0 0 0 0 0 0.0147059 0 0.132353 0.132353 0.279412 0.205882 0.117647 0.0735294 0.0441176 0 0 0 0 0 

2208 2192 1602 88 0 0.729927 0 0 0 0 0 0 0 0 0 0 0 0 0 0 0 0 0 0 0 0 0.0441176 0.117647 0.102941 0.220588 0.294118 0.191176 0 0.0294118 0 0 0 0 0 

2176 2168 1602 88 0 0.738007 0 0 0 0 0 0 0 0 0 0 0 0 0 0 0 0 0 0 0 0 0.0149254 0.0746269 0.134328 0.238806 0.298507 0.134328 0.104478 0 0 0 0 0 0 

2240 2226 1602 94 0 0.718778 0 0 0 0 0 0 0 0 0 0 0 0 0 0 0 0 0 0 0.0144928 0 0.0724638 0.0434783 0.318841 0.202899 0.144928 0.130435 0.057971 0 0.0144928 0 0 0 0 

