2240 2220 1602 88 0 0.720721 0 0 0 0 0 0 0 0 0 0 0 0 0 0 0 0 0 0 0 0 0.0434783 0.130435 0.26087 0.15942 0.188406 0.144928 0.0724638 0 0 0 0 0 0 

2240 2211 1602 97 0 0.723654 0 0 0 0 0 0 0 0 0 0 0 0 0 0 0 0 0 0 0 0.0434783 0.0289855 0.0869565 0.130435 0.188406 0.362319 0.101449 0.057971 0 0 0 0 0 0 

2208 2183 1602 93 0 0.732936 0 0 0 0 0 0 0 0 0 0 0 0 0 0 0 0 0 0 0 0.0294118 0.0294118 0.0735294 0.132353 0.220588 0.279412 0.117647 0.0588235 0.0441176 0.0147059 0 0 0 0 

2208 2195 1602 89 0 0.728929 0 0 0 0 0 0 0 0 0 0 0 0 0 0 0 0 0 0 0 0 0.0147059 0.0588235 0.264706 0.205882 0.279412 0.102941 0.0735294 0 0 0 0 0 0 

2240 2226 1602 93 0 0.718778 0 0 0 0 0 0 0 0 0 0 0 0 0 0 0 0 0 0 0 0.057971 0.0434783 0.0869565 0.188406 0.173913 0.26087 0.144928 0.0434783 0 0 0 0 0 0 

2240 2218 1602 87 0 0.721371 0 0 0 0 0 0 0 0 0 0 0 0 0 0 0 0 0.0144928 0.0144928 0 0 0.0289855 0.101449 0.173913 0.246377 0.202899 0.144928 0.057971 0.0144928 0 0 0 0 0 

2240 2216 1602 97 0 0.722022 0 0 0 0 0 0 0 0 0 0 0 0 0 0 0 0 0 0 0 0.0144928 0.0434783 0.15942 0.144928 0.202899 0.217391 0.130435 0.0724638 0.0144928 0 0 0 0 0 

2240 2220 1603 101 0 0.720721 0 0 0 0 0 0 0 0 0 0 0 0 0 0 0 0 0 0 0.0144928 0.0144928 0.0289855 0.15942 0.130435 0.188406 0.26087 0.144928 0.057971 0 0 0 0 0 0 

2176 2165 1602 94 0 0.73903 0 0 0 0 0 0 0 0 0 0 0 0 0 0 0 0 0 0 0 0.0149254 0.0298507 0.0746269 0.104478 0.238806 0.208955 0.208955 0.104478 0.0149254 0 0 0 0 0 

2208 2202 1602 92 0 0.726612 0 0 0 0 0 0 0 0 0 0 0 0 0 0 0 0 0 0 0.0147059 0.0147059 0.0147059 0.0588235 0.191176 0.220588 0.323529 0.147059 0.0147059 0 0 0 0 0 0 

