2240 2218 1602 96 0 0.721371 0 0 0 0 0 0 0 0 0 0 0 0 0 0 0 0 0 0 0 0.057971 0.0289855 0.101449 0.188406 0.202899 0.202899 0.101449 0.0869565 0.0289855 0 0 0 0 0 

2240 2228 1602 95 0 0.718133 0 0 0 0 0 0 0 0 0 0 0 0 0 0 0 0 0 0 0 0.0289855 0.0434783 0.130435 0.15942 0.217391 0.275362 0.115942 0.0289855 0 0 0 0 0 0 

2208 2187 1602 98 0 0.731596 0 0 0 0 0 0 0 0 0 0 0 0 0 0 0 0 0 0 0.0147059 0.0147059 0.0441176 0.0588235 0.0882353 0.25 0.264706 0.205882 0.0441176 0.0147059 0 0 0 0 0 

2208 2195 1602 94 0 0.728929 0 0 0 0 0 0 0 0 0 0 0 0 0 0 0 0 0 0 0 0.0294118 0.0588235 0.0882353 0.161765 0.176471 0.191176 0.176471 0.102941 0.0147059 0 0 0 0 0 

2240 2212 1602 96 0 0.723327 0 0 0 0 0 0 0 0 0 0 0 0 0 0 0 0 0 0 0 0.0144928 0.0724638 0.0289855 0.115942 0.333333 0.275362 0.144928 0.0144928 0 0 0 0 0 0 

2208 2192 1602 96 0 0.729927 0 0 0 0 0 0 0 0 0 0 0 0 0 0 0 0 0 0.0147059 0 0.0294118 0.0147059 0.0735294 0.117647 0.264706 0.294118 0.0735294 0.0882353 0.0147059 0.0147059 0 0 0 0 

2240 2217 1602 94 0 0.721696 0 0 0 0 0 0 0 0 0 0 0 0 0 0 0 0 0 0 0 0 0.0289855 0.115942 0.275362 0.246377 0.130435 0.101449 0.057971 0.0434783 0 0 0 0 0 

2176 2151 1601 79 0 0.74384 0 0 0 0 0 0 0 0 0 0 0 0 0 0 0 0 0 0 0.0149254 0 0.0149254 0.0895522 0.104478 0.223881 0.164179 0.223881 0.0895522 0.0597015 0.0149254 0 0 0 0 

2208 2182 1602 97 0 0.733272 0 0 0 0 0 0 0 0 0 0 0 0 0 0 0 0 0 0.0147059 0 0 0.0588235 0.0147059 0.117647 0.338235 0.161765 0.191176 0.0735294 0.0294118 0 0 0 0 0 

2176 2156 1602 88 0 0.742115 0 0 0 0 0 0 0 0 0 0 0 0 0 0 0 0 0 0 0 0 0.0149254 0.0447761 0.134328 0.283582 0.19403 0.208955 0.0895522 0.0298507 0 0 0 0 0 

