2208 2196 1602 88 0 0.728597 0 0 0 0 0 0 0 0 0 0 0 0 0 0 0 0 0 0 0.0147059 0.0147059 0.0294118 0.0882353 0.147059 0.161765 0.352941 0.147059 0.0294118 0 0.0147059 0 0 0 0 

2208 2202 1601 90 0 0.726612 0 0 0 0 0 0 0 0 0 0 0 0 0 0 0 0 0 0 0.0147059 0.0147059 0.0294118 0.0441176 0.191176 0.279412 0.205882 0.191176 0.0294118 0 0 0 0 0 0 

2208 2198 1602 89 0 0.727934 0 0 0 0 0 0 0 0 0 0 0 0 0 0 0 0 0 0 0.0147059 0.0294118 0.0294118 0.0735294 0.132353 0.191176 0.323529 0.161765 0.0294118 0.0147059 0 0 0 0 0 

2208 2200 1600 94 0 0.727273 0 0 0 0 0 0 0 0 0 0 0 0 0 0 0 0 0 0 0.0147059 0 0.0441176 0.0735294 0.161765 0.294118 0.205882 0.117647 0.0735294 0.0147059 0 0 0 0 0 

2240 2214 1602 93 0 0.722674 0 0 0 0 0 0 0 0 0 0 0 0 0 0 0 0 0 0.0144928 0 0.0144928 0 0.130435 0.231884 0.202899 0.188406 0.101449 0.0869565 0.0289855 0 0 0 0 0 

2208 2179 1602 90 0 0.734282 0 0 0 0 0 0 0 0 0 0 0 0 0 0 0 0 0 0 0 0 0.0441176 0.0441176 0.205882 0.220588 0.161765 0.220588 0.0882353 0 0.0147059 0 0 0 0 

2208 2190 1602 97 0 0.730594 0 0 0 0 0 0 0 0 0 0 0 0 0 0 0 0 0 0 0 0.0147059 0.0294118 0.102941 0.147059 0.25 0.220588 0.102941 0.102941 0.0294118 0 0 0 0 0 

2208 2189 1602 88 0 0.730927 0 0 0 0 0 0 0 0 0 0 0 0 0 0 0 0 0 0 0 0 0.0294118 0.132353 0.132353 0.205882 0.220588 0.205882 0.0735294 0 0 0 0 0 0 

2208 2182 1602 98 0 0.733272 0 0 0 0 0 0 0 0 0 0 0 0 0 0 0 0 0 0 0 0 0.0294118 0.102941 0.117647 0.264706 0.220588 0.161765 0.0735294 0.0294118 0 0 0 0 0 

2208 2203 1600 97 0 0.726282 0 0 0 0 0 0 0 0 0 0 0 0 0 0 0 0 0 0 0.0147059 0 0.0441176 0.117647 0.117647 0.279412 0.235294 0.102941 0.0735294 0.0147059 0 0 0 0 0 

