2208 2194 1602 84 0 0.729262 0 0 0 0 0 0 0 0 0 0 0 0 0 0 0 0 0 0 0 0 0.0735294 0.117647 0.161765 0.161765 0.205882 0.161765 0.0882353 0.0294118 0 0 0 0 0 

2208 2196 1602 90 0 0.728597 0 0 0 0 0 0 0 0 0 0 0 0 0 0 0 0 0 0 0 0.0147059 0.0441176 0.102941 0.161765 0.220588 0.235294 0.117647 0.0588235 0.0441176 0 0 0 0 0 

2272 2245 1602 94 0 0.712695 0 0 0 0 0 0 0 0 0 0 0 0 0 0 0 0 0 0.0142857 0.0142857 0 0.128571 0.0571429 0.228571 0.157143 0.171429 0.157143 0.0714286 0 0 0 0 0 0 

2208 2200 1602 89 0 0.727273 0 0 0 0 0 0 0 0 0 0 0 0 0 0 0 0 0 0 0.0147059 0.0147059 0.0441176 0.0882353 0.147059 0.220588 0.235294 0.161765 0.0588235 0.0147059 0 0 0 0 0 

2208 2196 1602 95 0 0.728597 0 0 0 0 0 0 0 0 0 0 0 0 0 0 0 0 0 0 0 0.0441176 0.0441176 0.0882353 0.117647 0.235294 0.25 0.0882353 0.102941 0.0147059 0.0147059 0 0 0 0 

2240 2220 1602 95 0 0.720721 0 0 0 0 0 0 0 0 0 0 0 0 0 0 0 0 0 0 0.0144928 0.0289855 0.0289855 0.0434783 0.289855 0.26087 0.101449 0.15942 0.0289855 0.0289855 0.0144928 0 0 0 0 

2208 2193 1603 100 0 0.729594 0 0 0 0 0 0 0 0 0 0 0 0 0 0 0 0 0 0 0 0.0294118 0.0588235 0.102941 0.0882353 0.205882 0.279412 0.117647 0.0735294 0.0441176 0 0 0 0 0 

2176 2166 1602 90 0 0.738689 0 0 0 0 0 0 0 0 0 0 0 0 0 0 0 0 0 0 0 0.0149254 0 0.0746269 0.134328 0.223881 0.268657 0.19403 0.0895522 0 0 0 0 0 0 

2240 2216 1603 105 0 0.722022 0 0 0 0 0 0 0 0 0 0 0 0 0 0 0 0 0 0 0.0144928 0 0.115942 0.0434783 0.115942 0.275362 0.246377 0.0869565 0.0869565 0.0144928 0 0 0 0 0 

2272 2253 1603 100 0 0.710164 0 0 0 0 0 0 0 0 0 0 0 0 0 0 0 0 0 0 0 0.0714286 0.0714286 0.128571 0.142857 0.185714 0.2 0.185714 0.0142857 0 0 0 0 0 0 

