2208 2197 1602 93 0 0.728266 0 0 0 0 0 0 0 0 0 0 0 0 0 0 0 0 0 0 0 0 0.0735294 0.117647 0.132353 0.191176 0.205882 0.220588 0.0441176 0.0147059 0 0 0 0 0 

2208 2186 1602 92 0 0.73193 0 0 0 0 0 0 0 0 0 0 0 0 0 0 0 0 0 0 0 0.0294118 0.0588235 0.0735294 0.161765 0.117647 0.264706 0.161765 0.102941 0.0294118 0 0 0 0 0 

2208 2202 1601 92 0 0.726612 0 0 0 0 0 0 0 0 0 0 0 0 0 0 0 0 0 0 0 0.0147059 0.0735294 0.102941 0.161765 0.176471 0.235294 0.147059 0.0588235 0.0294118 0 0 0 0 0 

2240 2225 1602 90 0 0.719101 0 0 0 0 0 0 0 0 0 0 0 0 0 0 0 0 0 0 0 0.0434783 0.057971 0.0724638 0.202899 0.289855 0.144928 0.0724638 0.0869565 0.0289855 0 0 0 0 0 

2176 2164 1602 91 0 0.739372 0 0 0 0 0 0 0 0 0 0 0 0 0 0 0 0 0 0 0.0149254 0.0149254 0.0298507 0.0298507 0.119403 0.208955 0.268657 0.19403 0.119403 0 0 0 0 0 0 

2208 2191 1603 99 0 0.73026 0 0 0 0 0 0 0 0 0 0 0 0 0 0 0 0 0 0 0 0 0 0.0588235 0.220588 0.279412 0.25 0.132353 0.0588235 0 0 0 0 0 0 

2208 2200 1601 86 0 0.727273 0 0 0 0 0 0 0 0 0 0 0 0 0 0 0 0 0 0 0 0.0147059 0.0147059 0.102941 0.176471 0.264706 0.235294 0.117647 0.0735294 0 0 0 0 0 0 

2208 2196 1602 95 0 0.728597 0 0 0 0 0 0 0 0 0 0 0 0 0 0 0 0 0 0 0.0147059 0 0.0441176 0.0735294 0.147059 0.205882 0.308824 0.161765 0.0441176 0 0 0 0 0 0 

2240 2219 1603 102 0 0.721045 0 0 0 0 0 0 0 0 0 0 0 0 0 0 0 0 0 0.0289855 0.0144928 0.0289855 0.0434783 0.0434783 0.144928 0.246377 0.188406 0.188406 0.057971 0.0144928 0 0 0 0 0 

2240 2215 1603 103 0 0.722348 0 0 0 0 0 0 0 0 0 0 0 0 0 0 0 0 0 0 0.0289855 0.0434783 0.0724638 0.057971 0.0869565 0.231884 0.217391 0.173913 0.057971 0.0144928 0.0144928 0 0 0 0 

