2240 2229 1602 89 0 0.717811 0 0 0 0 0 0 0 0 0 0 0 0 0 0 0 0 0.0144928 0 0.0144928 0.0144928 0.0434783 0.101449 0.217391 0.144928 0.275362 0.115942 0.0434783 0.0144928 0 0 0 0 0 

2240 2215 1603 100 0 0.722348 0 0 0 0 0 0 0 0 0 0 0 0 0 0 0 0 0 0.0144928 0.0144928 0.0144928 0.0869565 0.0144928 0.115942 0.347826 0.15942 0.115942 0.101449 0.0144928 0 0 0 0 0 

2240 2212 1602 90 0 0.723327 0 0 0 0 0 0 0 0 0 0 0 0 0 0 0 0 0 0 0 0.0289855 0.0144928 0.0869565 0.246377 0.15942 0.26087 0.130435 0.0724638 0 0 0 0 0 0 

2208 2181 1602 90 0 0.733608 0 0 0 0 0 0 0 0 0 0 0 0 0 0 0 0 0 0 0.0147059 0.0147059 0.0294118 0.0588235 0.161765 0.176471 0.264706 0.161765 0.0735294 0.0441176 0 0 0 0 0 

2208 2202 1603 100 0 0.726612 0 0 0 0 0 0 0 0 0 0 0 0 0 0 0 0 0 0 0 0.0147059 0.0441176 0.0735294 0.205882 0.220588 0.235294 0.132353 0.0588235 0.0147059 0 0 0 0 0 

2208 2195 1602 93 0 0.728929 0 0 0 0 0 0 0 0 0 0 0 0 0 0 0 0 0 0 0 0 0.0588235 0.0882353 0.117647 0.323529 0.176471 0.147059 0.0735294 0.0147059 0 0 0 0 0 

2208 2193 1602 93 0 0.729594 0 0 0 0 0 0 0 0 0 0 0 0 0 0 0 0 0 0 0 0 0.0147059 0.147059 0.205882 0.191176 0.161765 0.176471 0.0735294 0.0294118 0 0 0 0 0 

2208 2199 1602 97 0 0.727603 0 0 0 0 0 0 0 0 0 0 0 0 0 0 0 0 0 0 0 0.0147059 0.0735294 0.0735294 0.147059 0.323529 0.117647 0.0882353 0.147059 0.0147059 0 0 0 0 0 

2208 2191 1602 95 0 0.73026 0 0 0 0 0 0 0 0 0 0 0 0 0 0 0 0 0 0 0.0294118 0 0.0294118 0.102941 0.132353 0.205882 0.235294 0.147059 0.0882353 0.0294118 0 0 0 0 0 

2208 2179 1602 90 0 0.734282 0 0 0 0 0 0 0 0 0 0 0 0 0 0 0 0 0 0 0 0 0.0441176 0.0735294 0.132353 0.220588 0.264706 0.176471 0.0441176 0.0441176 0 0 0 0 0 

