2176 2172 1601 102 0 0.736648 0 0 0 0 0 0 0 0 0 0 0 0 0 0 0 0 0 0 0 0.0298507 0.0149254 0.0895522 0.179104 0.164179 0.149254 0.253731 0.104478 0.0149254 0 0 0 0 0 

2208 2187 1602 95 0 0.731596 0 0 0 0 0 0 0 0 0 0 0 0 0 0 0 0 0 0 0.0147059 0.0294118 0.0588235 0.0294118 0.117647 0.25 0.205882 0.161765 0.117647 0.0147059 0 0 0 0 0 

2208 2191 1602 95 0 0.73026 0 0 0 0 0 0 0 0 0 0 0 0 0 0 0 0 0 0 0 0.0441176 0.0294118 0.0882353 0.147059 0.176471 0.191176 0.235294 0.0882353 0 0 0 0 0 0 

2272 2248 1602 95 0 0.711744 0 0 0 0 0 0 0 0 0 0 0 0 0 0 0 0 0 0 0 0.0142857 0.114286 0.0857143 0.142857 0.271429 0.285714 0.0571429 0.0285714 0 0 0 0 0 0 

2208 2198 1602 88 0 0.727934 0 0 0 0 0 0 0 0 0 0 0 0 0 0 0 0 0 0 0.0294118 0.0147059 0.0294118 0.0735294 0.161765 0.205882 0.205882 0.220588 0.0441176 0.0147059 0 0 0 0 0 

2240 2220 1603 103 0 0.720721 0 0 0 0 0 0 0 0 0 0 0 0 0 0 0 0 0.0144928 0 0 0.0144928 0.057971 0.057971 0.202899 0.26087 0.188406 0.101449 0.0869565 0.0144928 0 0 0 0 0 

2240 2212 1602 94 0 0.723327 0 0 0 0 0 0 0 0 0 0 0 0 0 0 0 0 0 0.0144928 0.0144928 0 0.0289855 0.115942 0.15942 0.246377 0.15942 0.173913 0.057971 0.0289855 0 0 0 0 0 

2240 2217 1603 99 0 0.721696 0 0 0 0 0 0 0 0 0 0 0 0 0 0 0 0 0 0 0 0.0144928 0.057971 0.0869565 0.173913 0.231884 0.246377 0.144928 0.0289855 0.0144928 0 0 0 0 0 

2240 2219 1602 90 0 0.721045 0 0 0 0 0 0 0 0 0 0 0 0 0 0 0 0 0 0 0 0.0144928 0.0434783 0.101449 0.231884 0.217391 0.202899 0.130435 0.0289855 0.0144928 0.0144928 0 0 0 0 

2208 2201 1602 90 0 0.726942 0 0 0 0 0 0 0 0 0 0 0 0 0 0 0 0 0 0 0 0 0 0.132353 0.205882 0.279412 0.147059 0.205882 0.0147059 0.0147059 0 0 0 0 0 

