2208 2195 1602 98 0 0.728929 0 0 0 0 0 0 0 0 0 0 0 0 0 0 0 0 0 0.0147059 0 0.0147059 0.0735294 0.0441176 0.132353 0.235294 0.205882 0.191176 0.0735294 0.0147059 0 0 0 0 0 

2208 2184 1603 100 0 0.732601 0 0 0 0 0 0 0 0 0 0 0 0 0 0 0 0 0 0 0 0.0147059 0.0588235 0.0441176 0.147059 0.205882 0.235294 0.205882 0.0735294 0.0147059 0 0 0 0 0 

2208 2192 1602 94 0 0.729927 0 0 0 0 0 0 0 0 0 0 0 0 0 0 0 0 0 0 0 0 0.0147059 0.0882353 0.191176 0.205882 0.308824 0.161765 0.0147059 0.0147059 0 0 0 0 0 

2240 2224 1603 99 0 0.719424 0 0 0 0 0 0 0 0 0 0 0 0 0 0 0 0 0 0 0.0144928 0.0289855 0.0289855 0.101449 0.173913 0.217391 0.246377 0.15942 0.0289855 0 0 0 0 0 0 

2208 2201 1602 91 0 0.726942 0 0 0 0 0 0 0 0 0 0 0 0 0 0 0 0 0 0 0.0147059 0.0147059 0.0147059 0.132353 0.220588 0.161765 0.161765 0.161765 0.102941 0.0147059 0 0 0 0 0 

2208 2203 1601 103 0 0.726282 0 0 0 0 0 0 0 0 0 0 0 0 0 0 0 0 0 0 0.0147059 0.0294118 0.0588235 0.102941 0.117647 0.176471 0.294118 0.117647 0.0294118 0.0441176 0.0147059 0 0 0 0 

2240 2216 1603 104 0 0.722022 0 0 0 0 0 0 0 0 0 0 0 0 0 0 0 0 0 0 0.0289855 0.0144928 0.0724638 0.0869565 0.0869565 0.202899 0.289855 0.144928 0.0724638 0 0 0 0 0 0 

2240 2217 1603 100 0 0.721696 0 0 0 0 0 0 0 0 0 0 0 0 0 0 0 0 0 0 0 0 0.0724638 0.0869565 0.115942 0.304348 0.26087 0.130435 0.0289855 0 0 0 0 0 0 

2176 2170 1601 101 0 0.737327 0 0 0 0 0 0 0 0 0 0 0 0 0 0 0 0 0 0 0.0149254 0.0298507 0.0149254 0.0746269 0.119403 0.19403 0.238806 0.179104 0.0895522 0.0447761 0 0 0 0 0 

2208 2188 1602 96 0 0.731261 0 0 0 0 0 0 0 0 0 0 0 0 0 0 0 0 0 0 0.0147059 0.0147059 0.0735294 0.0441176 0.147059 0.176471 0.205882 0.220588 0.0882353 0.0147059 0 0 0 0 0 

