2208 2192 1603 99 0 0.729927 0 0 0 0 0 0 0 0 0 0 0 0 0 0 0 0 0 0 0 0.0441176 0.0588235 0.0735294 0.102941 0.147059 0.338235 0.132353 0.0735294 0.0294118 0 0 0 0 0 

2176 2159 1602 82 0 0.741084 0 0 0 0 0 0 0 0 0 0 0 0 0 0 0 0 0 0 0.0149254 0 0 0.0895522 0.119403 0.19403 0.283582 0.179104 0.0746269 0.0298507 0.0149254 0 0 0 0 

2208 2191 1602 90 0 0.73026 0 0 0 0 0 0 0 0 0 0 0 0 0 0 0 0 0 0 0 0 0 0.117647 0.132353 0.294118 0.279412 0.102941 0.0735294 0 0 0 0 0 0 

2240 2215 1602 97 0 0.722348 0 0 0 0 0 0 0 0 0 0 0 0 0 0 0 0 0 0 0 0.0434783 0.0434783 0.0724638 0.217391 0.188406 0.188406 0.144928 0.101449 0 0 0 0 0 0 

2240 2216 1602 97 0 0.722022 0 0 0 0 0 0 0 0 0 0 0 0 0 0 0 0 0 0 0 0.0144928 0.0724638 0.101449 0.144928 0.217391 0.26087 0.115942 0.057971 0.0144928 0 0 0 0 0 

2208 2181 1602 88 0 0.733608 0 0 0 0 0 0 0 0 0 0 0 0 0 0 0 0 0 0 0 0.0294118 0.0147059 0.102941 0.117647 0.220588 0.235294 0.132353 0.117647 0.0294118 0 0 0 0 0 

2240 2223 1602 96 0 0.719748 0 0 0 0 0 0 0 0 0 0 0 0 0 0 0 0 0 0 0.0144928 0 0.057971 0.115942 0.188406 0.202899 0.246377 0.115942 0.0434783 0.0144928 0 0 0 0 0 

2176 2164 1602 86 0 0.739372 0 0 0 0 0 0 0 0 0 0 0 0 0 0 0 0 0 0 0 0 0.0298507 0.0746269 0.134328 0.208955 0.253731 0.179104 0.104478 0.0149254 0 0 0 0 0 

2176 2167 1602 90 0 0.738348 0 0 0 0 0 0 0 0 0 0 0 0 0 0 0 0 0 0 0.0149254 0.0149254 0.0298507 0.0746269 0.104478 0.238806 0.208955 0.134328 0.149254 0.0298507 0 0 0 0 0 

2240 2216 1602 98 0 0.722022 0 0 0 0 0 0 0 0 0 0 0 0 0 0 0 0 0 0 0.0144928 0.0144928 0.0289855 0.130435 0.0869565 0.289855 0.26087 0.115942 0.057971 0 0 0 0 0 0 

