2240 2212 1603 101 0 0.723327 0 0 0 0 0 0 0 0 0 0 0 0 0 0 0 0 0 0 0 0.0434783 0.0289855 0.057971 0.231884 0.188406 0.217391 0.144928 0.0724638 0.0144928 0 0 0 0 0 

2208 2186 1602 98 0 0.73193 0 0 0 0 0 0 0 0 0 0 0 0 0 0 0 0 0 0 0 0 0.0588235 0.0735294 0.191176 0.235294 0.205882 0.0735294 0.117647 0.0147059 0.0147059 0.0147059 0 0 0 

2208 2202 1602 95 0 0.726612 0 0 0 0 0 0 0 0 0 0 0 0 0 0 0 0 0 0 0 0 0.0735294 0.117647 0.147059 0.235294 0.161765 0.205882 0.0294118 0.0294118 0 0 0 0 0 

2208 2190 1602 90 0 0.730594 0 0 0 0 0 0 0 0 0 0 0 0 0 0 0 0 0 0.0147059 0 0 0.0441176 0.102941 0.117647 0.132353 0.338235 0.191176 0.0588235 0 0 0 0 0 0 

2240 2215 1602 92 0 0.722348 0 0 0 0 0 0 0 0 0 0 0 0 0 0 0 0 0 0 0.0144928 0.0289855 0.0144928 0.057971 0.202899 0.289855 0.231884 0.0724638 0.057971 0.0289855 0 0 0 0 0 

2208 2187 1602 91 0 0.731596 0 0 0 0 0 0 0 0 0 0 0 0 0 0 0 0 0 0 0.0147059 0.0147059 0.0294118 0.102941 0.0882353 0.25 0.25 0.132353 0.0735294 0.0441176 0 0 0 0 0 

2208 2196 1602 86 0 0.728597 0 0 0 0 0 0 0 0 0 0 0 0 0 0 0 0 0 0 0.0147059 0.0147059 0.0441176 0.0147059 0.205882 0.25 0.25 0.117647 0.0735294 0.0147059 0 0 0 0 0 

2240 2226 1603 101 0 0.718778 0 0 0 0 0 0 0 0 0 0 0 0 0 0 0 0 0 0 0 0.0144928 0.101449 0.15942 0.115942 0.217391 0.130435 0.173913 0.0724638 0 0.0144928 0 0 0 0 

2240 2217 1602 87 0 0.721696 0 0 0 0 0 0 0 0 0 0 0 0 0 0 0 0 0 0 0.0144928 0.0144928 0.0724638 0.057971 0.130435 0.26087 0.318841 0.057971 0.0434783 0.0289855 0 0 0 0 0 

2240 2228 1602 93 0 0.718133 0 0 0 0 0 0 0 0 0 0 0 0 0 0 0 0 0 0 0.0144928 0.0289855 0.0144928 0.130435 0.130435 0.333333 0.173913 0.144928 0.0289855 0 0 0 0 0 0 

