2208 2187 1602 88 0 0.731596 0 0 0 0 0 0 0 0 0 0 0 0 0 0 0 0 0 0.0147059 0 0 0.0147059 0.0588235 0.132353 0.235294 0.323529 0.205882 0.0147059 0 0 0 0 0 0 

2208 2190 1603 102 0 0.730594 0 0 0 0 0 0 0 0 0 0 0 0 0 0 0 0 0 0 0.0147059 0.0441176 0 0.102941 0.147059 0.176471 0.25 0.117647 0.102941 0.0441176 0 0 0 0 0 

2208 2188 1602 89 0 0.731261 0 0 0 0 0 0 0 0 0 0 0 0 0 0 0 0 0 0 0.0147059 0.0147059 0.0294118 0.0735294 0.205882 0.147059 0.191176 0.205882 0.117647 0 0 0 0 0 0 

2240 2231 1603 100 0 0.717167 0 0 0 0 0 0 0 0 0 0 0 0 0 0 0 0 0 0 0 0.0289855 0.0869565 0.15942 0.144928 0.173913 0.15942 0.188406 0.0289855 0.0289855 0 0 0 0 0 

2208 2191 1602 82 0 0.73026 0 0 0 0 0 0 0 0 0 0 0 0 0 0 0 0 0 0 0.0147059 0 0.0147059 0.132353 0.132353 0.205882 0.235294 0.176471 0.0882353 0 0 0 0 0 0 

2240 2213 1603 101 0 0.723 0 0 0 0 0 0 0 0 0 0 0 0 0 0 0 0 0 0.0144928 0.0144928 0 0.0289855 0.0724638 0.217391 0.188406 0.246377 0.144928 0.057971 0.0144928 0 0 0 0 0 

2208 2195 1603 103 0 0.728929 0 0 0 0 0 0 0 0 0 0 0 0 0 0 0 0 0 0.0147059 0 0.0441176 0.0147059 0.102941 0.147059 0.205882 0.147059 0.176471 0.132353 0.0147059 0 0 0 0 0 

2208 2188 1602 95 0 0.731261 0 0 0 0 0 0 0 0 0 0 0 0 0 0 0 0 0 0 0 0 0.0588235 0.0441176 0.220588 0.191176 0.220588 0.176471 0.0588235 0.0294118 0 0 0 0 0 

2208 2180 1602 91 0 0.733945 0 0 0 0 0 0 0 0 0 0 0 0 0 0 0 0 0 0.0147059 0 0 0.0294118 0.0588235 0.147059 0.205882 0.25 0.205882 0.0735294 0.0147059 0 0 0 0 0 

2240 2214 1602 92 0 0.722674 0 0 0 0 0 0 0 0 0 0 0 0 0 0 0 0 0 0 0 0.0289855 0.0724638 0.0724638 0.202899 0.202899 0.173913 0.115942 0.115942 0.0144928 0 0 0 0 0 

