2208 2193 1603 100 0 0.729594 0 0 0 0 0 0 0 0 0 0 0 0 0 0 0 0 0 0.0147059 0 0.0147059 0.0294118 0.0441176 0.220588 0.191176 0.25 0.0882353 0.147059 0 0 0 0 0 0 

2208 2185 1602 85 0 0.732265 0 0 0 0 0 0 0 0 0 0 0 0 0 0 0 0 0 0 0.0147059 0.0147059 0 0.102941 0.176471 0.205882 0.191176 0.176471 0.0735294 0.0441176 0 0 0 0 0 

2272 2249 1602 96 0 0.711427 0 0 0 0 0 0 0 0 0 0 0 0 0 0 0 0 0 0 0 0.0142857 0.0428571 0.185714 0.242857 0.171429 0.157143 0.157143 0.0285714 0 0 0 0 0 0 

2240 2218 1602 92 0 0.721371 0 0 0 0 0 0 0 0 0 0 0 0 0 0 0 0 0 0.0144928 0 0 0.0144928 0.101449 0.246377 0.217391 0.246377 0.0869565 0.057971 0.0144928 0 0 0 0 0 

2240 2216 1602 94 0 0.722022 0 0 0 0 0 0 0 0 0 0 0 0 0 0 0 0 0 0.0144928 0 0.0144928 0.0144928 0.057971 0.202899 0.362319 0.130435 0.15942 0.0144928 0.0289855 0 0 0 0 0 

2208 2197 1602 94 0 0.728266 0 0 0 0 0 0 0 0 0 0 0 0 0 0 0 0 0 0.0147059 0 0 0.0294118 0.0588235 0.235294 0.176471 0.264706 0.176471 0.0147059 0.0294118 0 0 0 0 0 

2208 2199 1601 92 0 0.727603 0 0 0 0 0 0 0 0 0 0 0 0 0 0 0 0 0 0 0.0294118 0.0294118 0.0294118 0.0588235 0.132353 0.235294 0.25 0.132353 0.102941 0 0 0 0 0 0 

2144 2137 1601 84 0 0.748713 0 0 0 0 0 0 0 0 0 0 0 0 0 0 0 0 0 0 0 0 0.0454545 0.0606061 0.0757576 0.166667 0.242424 0.272727 0.106061 0.030303 0 0 0 0 0 

2240 2213 1602 90 0 0.723 0 0 0 0 0 0 0 0 0 0 0 0 0 0 0 0 0 0 0 0 0.0289855 0.130435 0.188406 0.231884 0.188406 0.202899 0.0289855 0 0 0 0 0 0 

2240 2223 1603 99 0 0.719748 0 0 0 0 0 0 0 0 0 0 0 0 0 0 0 0 0 0 0.0289855 0.0144928 0.0434783 0.0434783 0.289855 0.15942 0.231884 0.101449 0.0724638 0 0.0144928 0 0 0 0 

