2240 2222 1602 91 0 0.720072 0 0 0 0 0 0 0 0 0 0 0 0 0 0 0 0 0 0 0.0289855 0.0144928 0.057971 0.0869565 0.115942 0.275362 0.246377 0.130435 0 0.0434783 0 0 0 0 0 

2208 2193 1602 97 0 0.729594 0 0 0 0 0 0 0 0 0 0 0 0 0 0 0 0 0 0 0 0 0.0882353 0.0588235 0.161765 0.176471 0.279412 0.147059 0.0735294 0.0147059 0 0 0 0 0 

2240 2221 1603 98 0 0.720396 0 0 0 0 0 0 0 0 0 0 0 0 0 0 0 0.0144928 0 0 0 0.0289855 0.0289855 0.115942 0.173913 0.202899 0.217391 0.115942 0.0869565 0.0144928 0 0 0 0 0 

2208 2195 1602 95 0 0.728929 0 0 0 0 0 0 0 0 0 0 0 0 0 0 0 0 0 0 0 0.0147059 0.0588235 0.0735294 0.191176 0.191176 0.191176 0.205882 0.0441176 0.0294118 0 0 0 0 0 

2240 2213 1602 98 0 0.723 0 0 0 0 0 0 0 0 0 0 0 0 0 0 0 0 0 0 0.0144928 0.0289855 0.101449 0.0434783 0.0869565 0.217391 0.275362 0.15942 0.0724638 0 0 0 0 0 0 

2208 2192 1602 89 0 0.729927 0 0 0 0 0 0 0 0 0 0 0 0 0 0 0 0 0 0 0 0.0147059 0.0882353 0.0294118 0.147059 0.191176 0.294118 0.147059 0.0882353 0 0 0 0 0 0 

2176 2162 1602 90 0 0.740056 0 0 0 0 0 0 0 0 0 0 0 0 0 0 0 0 0 0 0 0 0.0447761 0.0597015 0.149254 0.179104 0.19403 0.268657 0.104478 0 0 0 0 0 0 

2208 2192 1602 95 0 0.729927 0 0 0 0 0 0 0 0 0 0 0 0 0 0 0 0 0 0 0 0 0.0735294 0.0882353 0.161765 0.176471 0.235294 0.176471 0.0588235 0.0294118 0 0 0 0 0 

2240 2219 1602 95 0 0.721045 0 0 0 0 0 0 0 0 0 0 0 0 0 0 0 0 0 0 0.0289855 0.0144928 0.0434783 0.0869565 0.144928 0.275362 0.188406 0.144928 0.057971 0.0144928 0 0 0 0 0 

2208 2201 1600 90 0 0.726942 0 0 0 0 0 0 0 0 0 0 0 0 0 0 0 0 0 0 0.0294118 0 0.0441176 0.102941 0.132353 0.25 0.191176 0.147059 0.0882353 0.0147059 0 0 0 0 0 

