2208 2187 1602 90 0 0.731596 0 0 0 0 0 0 0 0 0 0 0 0 0 0 0 0 0 0 0.0147059 0 0.0441176 0.117647 0.0735294 0.205882 0.264706 0.191176 0.0882353 0 0 0 0 0 0 

2208 2202 1601 87 0 0.726612 0 0 0 0 0 0 0 0 0 0 0 0 0 0 0 0 0 0 0 0.0147059 0.0588235 0.0294118 0.25 0.25 0.220588 0.0735294 0.0735294 0.0147059 0.0147059 0 0 0 0 

2208 2187 1602 93 0 0.731596 0 0 0 0 0 0 0 0 0 0 0 0 0 0 0 0 0 0 0 0 0 0.117647 0.132353 0.294118 0.191176 0.235294 0.0147059 0.0147059 0 0 0 0 0 

2208 2181 1602 88 0 0.733608 0 0 0 0 0 0 0 0 0 0 0 0 0 0 0 0 0 0 0 0 0.0147059 0.0588235 0.161765 0.264706 0.264706 0.191176 0.0147059 0.0294118 0 0 0 0 0 

2208 2196 1602 95 0 0.728597 0 0 0 0 0 0 0 0 0 0 0 0 0 0 0 0 0 0 0 0.0294118 0.0294118 0.0294118 0.205882 0.205882 0.323529 0.117647 0.0588235 0 0 0 0 0 0 

2208 2197 1603 106 0 0.728266 0 0 0 0 0 0 0 0 0 0 0 0 0 0 0 0 0 0.0147059 0 0 0.0735294 0.0441176 0.220588 0.132353 0.264706 0.147059 0.0882353 0.0147059 0 0 0 0 0 

2208 2192 1602 92 0 0.729927 0 0 0 0 0 0 0 0 0 0 0 0 0 0 0 0 0 0 0 0.0147059 0 0.132353 0.117647 0.25 0.294118 0.132353 0.0294118 0.0294118 0 0 0 0 0 

2208 2193 1602 96 0 0.729594 0 0 0 0 0 0 0 0 0 0 0 0 0 0 0 0 0 0 0 0 0.0441176 0.0588235 0.235294 0.235294 0.205882 0.117647 0.0588235 0.0441176 0 0 0 0 0 

2176 2165 1602 89 0 0.73903 0 0 0 0 0 0 0 0 0 0 0 0 0 0 0 0 0 0 0 0 0 0.0746269 0.164179 0.208955 0.283582 0.179104 0.0895522 0 0 0 0 0 0 

2176 2168 1602 92 0 0.738007 0 0 0 0 0 0 0 0 0 0 0 0 0 0 0 0 0 0 0.0149254 0 0.0149254 0.0597015 0.179104 0.19403 0.223881 0.238806 0.0447761 0.0149254 0.0149254 0 0 0 0 

