2240 2214 1602 91 0 0.722674 0 0 0 0 0 0 0 0 0 0 0 0 0 0 0 0 0 0.0144928 0 0.0434783 0.0434783 0.0869565 0.173913 0.15942 0.202899 0.173913 0.0869565 0.0144928 0 0 0 0 0 

2208 2197 1602 93 0 0.728266 0 0 0 0 0 0 0 0 0 0 0 0 0 0 0 0 0 0 0.0147059 0.0294118 0.0588235 0.0588235 0.102941 0.264706 0.205882 0.176471 0.0735294 0.0147059 0 0 0 0 0 

2208 2184 1602 95 0 0.732601 0 0 0 0 0 0 0 0 0 0 0 0 0 0 0 0 0 0 0.0147059 0.0147059 0 0.0294118 0.161765 0.264706 0.294118 0.161765 0.0588235 0 0 0 0 0 0 

2240 2235 1600 106 0 0.715884 0 0 0 0 0 0 0 0 0 0 0 0 0 0 0 0 0 0 0.0289855 0.0289855 0.057971 0.0869565 0.188406 0.231884 0.217391 0.101449 0.0289855 0.0144928 0.0144928 0 0 0 0 

2272 2255 1603 101 0 0.709534 0 0 0 0 0 0 0 0 0 0 0 0 0 0 0 0 0 0 0.0142857 0.0285714 0.0142857 0.157143 0.257143 0.242857 0.157143 0.0714286 0.0428571 0.0142857 0 0 0 0 0 

2240 2216 1602 98 0 0.722022 0 0 0 0 0 0 0 0 0 0 0 0 0 0 0 0 0 0 0.0144928 0 0.0724638 0.057971 0.217391 0.231884 0.202899 0.115942 0.057971 0.0289855 0 0 0 0 0 

2208 2191 1603 99 0 0.73026 0 0 0 0 0 0 0 0 0 0 0 0 0 0 0 0 0 0 0 0 0.0588235 0.0441176 0.191176 0.205882 0.294118 0.117647 0.0735294 0.0147059 0 0 0 0 0 

2176 2155 1602 89 0 0.742459 0 0 0 0 0 0 0 0 0 0 0 0 0 0 0 0 0 0 0 0 0.0298507 0.0597015 0.149254 0.208955 0.19403 0.19403 0.134328 0.0298507 0 0 0 0 0 

2208 2185 1603 106 0 0.732265 0 0 0 0 0 0 0 0 0 0 0 0 0 0 0 0 0 0.0147059 0 0.0147059 0.0147059 0.117647 0.132353 0.147059 0.25 0.220588 0.0588235 0.0147059 0.0147059 0 0 0 0 

2240 2232 1603 101 0 0.716846 0 0 0 0 0 0 0 0 0 0 0 0 0 0 0 0 0 0 0 0.0289855 0.057971 0.101449 0.231884 0.202899 0.188406 0.144928 0.0434783 0 0 0 0 0 0 

