2208 2191 1602 86 0 0.73026 0 0 0 0 0 0 0 0 0 0 0 0 0 0 0 0 0 0 0.0147059 0 0.0294118 0.102941 0.147059 0.264706 0.132353 0.220588 0.0735294 0.0147059 0 0 0 0 0 

2240 2229 1602 96 0 0.717811 0 0 0 0 0 0 0 0 0 0 0 0 0 0 0 0 0 0 0 0.0289855 0.057971 0.0869565 0.202899 0.26087 0.217391 0.0869565 0.0434783 0.0144928 0 0 0 0 0 

2240 2231 1603 100 0 0.717167 0 0 0 0 0 0 0 0 0 0 0 0 0 0 0 0 0 0 0.0144928 0.0144928 0 0.173913 0.173913 0.275362 0.202899 0.0869565 0.057971 0 0 0 0 0 0 

2240 2223 1602 95 0 0.719748 0 0 0 0 0 0 0 0 0 0 0 0 0 0 0 0 0 0 0 0.0289855 0.057971 0.115942 0.173913 0.217391 0.217391 0.101449 0.0724638 0.0144928 0 0 0 0 0 

2208 2180 1602 92 0 0.733945 0 0 0 0 0 0 0 0 0 0 0 0 0 0 0 0 0 0 0 0 0.0294118 0.0294118 0.132353 0.308824 0.279412 0.161765 0.0588235 0 0 0 0 0 0 

2240 2221 1602 94 0 0.720396 0 0 0 0 0 0 0 0 0 0 0 0 0 0 0 0 0 0 0 0.0144928 0.057971 0.0869565 0.26087 0.217391 0.130435 0.15942 0.0434783 0.0289855 0 0 0 0 0 

2240 2218 1603 101 0 0.721371 0 0 0 0 0 0 0 0 0 0 0 0 0 0 0 0 0 0 0 0.0289855 0.0289855 0.130435 0.202899 0.144928 0.26087 0.130435 0.057971 0.0144928 0 0 0 0 0 

2240 2215 1602 92 0 0.722348 0 0 0 0 0 0 0 0 0 0 0 0 0 0 0 0 0 0 0.0144928 0.0289855 0.0434783 0.057971 0.231884 0.130435 0.289855 0.115942 0.0869565 0 0 0 0 0 0 

2208 2200 1601 88 0 0.727273 0 0 0 0 0 0 0 0 0 0 0 0 0 0 0 0 0 0 0.0147059 0 0.0441176 0.0588235 0.220588 0.235294 0.191176 0.161765 0.0588235 0.0147059 0 0 0 0 0 

2208 2180 1603 100 0 0.733945 0 0 0 0 0 0 0 0 0 0 0 0 0 0 0 0 0 0 0 0 0 0.0735294 0.235294 0.132353 0.308824 0.176471 0.0588235 0.0147059 0 0 0 0 0 

