2208 2192 1602 86 0 0.729927 0 0 0 0 0 0 0 0 0 0 0 0 0 0 0 0 0 0 0 0.0294118 0.0441176 0.0735294 0.132353 0.205882 0.235294 0.235294 0.0294118 0.0147059 0 0 0 0 0 

2208 2181 1602 93 0 0.733608 0 0 0 0 0 0 0 0 0 0 0 0 0 0 0 0 0 0 0 0 0.0735294 0.0441176 0.147059 0.220588 0.294118 0.0882353 0.0588235 0.0735294 0 0 0 0 0 

2240 2214 1603 99 0 0.722674 0 0 0 0 0 0 0 0 0 0 0 0 0 0 0 0 0 0 0.0144928 0.0289855 0.057971 0.0434783 0.173913 0.26087 0.188406 0.144928 0.0724638 0 0.0144928 0 0 0 0 

2208 2181 1602 92 0 0.733608 0 0 0 0 0 0 0 0 0 0 0 0 0 0 0 0 0 0 0 0.0294118 0.0588235 0.0294118 0.161765 0.235294 0.161765 0.176471 0.117647 0.0147059 0.0147059 0 0 0 0 

2208 2201 1601 91 0 0.726942 0 0 0 0 0 0 0 0 0 0 0 0 0 0 0 0 0 0 0 0 0.0735294 0.0735294 0.147059 0.264706 0.235294 0.147059 0.0588235 0 0 0 0 0 0 

2208 2198 1602 89 0 0.727934 0 0 0 0 0 0 0 0 0 0 0 0 0 0 0 0 0 0 0 0.0147059 0.0441176 0.0882353 0.117647 0.323529 0.161765 0.191176 0.0588235 0 0 0 0 0 0 

2240 2214 1602 94 0 0.722674 0 0 0 0 0 0 0 0 0 0 0 0 0 0 0 0 0 0 0.0289855 0.057971 0 0.0724638 0.130435 0.26087 0.231884 0.130435 0.057971 0.0289855 0 0 0 0 0 

2176 2162 1601 81 0 0.740056 0 0 0 0 0 0 0 0 0 0 0 0 0 0 0 0 0 0.0149254 0 0 0.0149254 0.0597015 0.149254 0.223881 0.19403 0.223881 0.0895522 0.0298507 0 0 0 0 0 

2208 2205 1601 99 0 0.725624 0 0 0 0 0 0 0 0 0 0 0 0 0 0 0 0 0 0 0 0.0294118 0.0441176 0.132353 0.132353 0.220588 0.205882 0.176471 0.0147059 0.0294118 0.0147059 0 0 0 0 

2208 2195 1602 87 0 0.728929 0 0 0 0 0 0 0 0 0 0 0 0 0 0 0 0 0 0 0 0 0.0147059 0.117647 0.176471 0.294118 0.147059 0.161765 0.0882353 0 0 0 0 0 0 

