2208 2199 1601 93 0 0.727603 0 0 0 0 0 0 0 0 0 0 0 0 0 0 0 0 0 0 0.0147059 0.0147059 0.0294118 0.102941 0.117647 0.205882 0.308824 0.161765 0.0441176 0 0 0 0 0 0 

2240 2220 1602 92 0 0.720721 0 0 0 0 0 0 0 0 0 0 0 0 0 0 0 0 0 0.0144928 0 0 0.0724638 0.101449 0.144928 0.26087 0.217391 0.0869565 0.101449 0 0 0 0 0 0 

2240 2217 1603 99 0 0.721696 0 0 0 0 0 0 0 0 0 0 0 0 0 0 0 0 0 0 0.0144928 0 0.0724638 0.0434783 0.15942 0.304348 0.246377 0.115942 0.0144928 0.0289855 0 0 0 0 0 

2208 2193 1602 97 0 0.729594 0 0 0 0 0 0 0 0 0 0 0 0 0 0 0 0 0 0 0 0.0147059 0.0735294 0.0588235 0.161765 0.264706 0.147059 0.161765 0.0735294 0.0441176 0 0 0 0 0 

2240 2224 1603 100 0 0.719424 0 0 0 0 0 0 0 0 0 0 0 0 0 0 0 0 0 0 0 0.0144928 0.0144928 0.15942 0.188406 0.289855 0.15942 0.115942 0.0289855 0.0144928 0.0144928 0 0 0 0 

2208 2197 1602 95 0 0.728266 0 0 0 0 0 0 0 0 0 0 0 0 0 0 0 0 0 0 0.0147059 0.0147059 0.0441176 0.0588235 0.205882 0.161765 0.323529 0.0588235 0.0735294 0.0441176 0 0 0 0 0 

2208 2197 1602 85 0 0.728266 0 0 0 0 0 0 0 0 0 0 0 0 0 0 0 0 0 0 0 0 0.0441176 0.0588235 0.147059 0.338235 0.235294 0.132353 0.0294118 0.0147059 0 0 0 0 0 

2208 2197 1602 95 0 0.728266 0 0 0 0 0 0 0 0 0 0 0 0 0 0 0 0 0 0 0 0 0.0588235 0.102941 0.132353 0.25 0.205882 0.191176 0.0588235 0 0 0 0 0 0 

2208 2186 1602 94 0 0.73193 0 0 0 0 0 0 0 0 0 0 0 0 0 0 0 0 0 0 0 0 0.0294118 0.0735294 0.191176 0.205882 0.25 0.161765 0.0882353 0 0 0 0 0 0 

2176 2163 1602 88 0 0.739713 0 0 0 0 0 0 0 0 0 0 0 0 0 0 0 0 0 0 0.0149254 0 0.0149254 0.0447761 0.134328 0.223881 0.253731 0.238806 0.0597015 0.0149254 0 0 0 0 0 

