2208 2192 1602 90 0 0.729927 0 0 0 0 0 0 0 0 0 0 0 0 0 0 0 0 0 0 0 0.0147059 0.0147059 0.0882353 0.205882 0.205882 0.25 0.117647 0.0882353 0.0147059 0 0 0 0 0 

2240 2220 1603 104 0 0.720721 0 0 0 0 0 0 0 0 0 0 0 0 0 0 0 0 0 0 0 0 0.115942 0.101449 0.144928 0.188406 0.188406 0.217391 0.0434783 0 0 0 0 0 0 

2208 2185 1603 101 0 0.732265 0 0 0 0 0 0 0 0 0 0 0 0 0 0 0 0 0 0 0 0.0147059 0.0147059 0.0882353 0.191176 0.176471 0.235294 0.191176 0.0588235 0.0294118 0 0 0 0 0 

2208 2196 1602 95 0 0.728597 0 0 0 0 0 0 0 0 0 0 0 0 0 0 0 0 0 0 0.0441176 0.0294118 0.0147059 0.0882353 0.0735294 0.220588 0.25 0.205882 0.0588235 0.0147059 0 0 0 0 0 

2208 2185 1602 89 0 0.732265 0 0 0 0 0 0 0 0 0 0 0 0 0 0 0 0 0 0 0 0.0147059 0.0147059 0.0735294 0.176471 0.235294 0.205882 0.220588 0.0294118 0.0294118 0 0 0 0 0 

2208 2198 1602 95 0 0.727934 0 0 0 0 0 0 0 0 0 0 0 0 0 0 0 0 0 0 0 0 0.0588235 0.132353 0.161765 0.220588 0.147059 0.176471 0.0735294 0.0294118 0 0 0 0 0 

2208 2190 1602 90 0 0.730594 0 0 0 0 0 0 0 0 0 0 0 0 0 0 0 0 0 0 0 0 0.0294118 0.0882353 0.176471 0.220588 0.308824 0.0588235 0.102941 0.0147059 0 0 0 0 0 

2208 2198 1602 88 0 0.727934 0 0 0 0 0 0 0 0 0 0 0 0 0 0 0 0 0 0 0.0147059 0 0.0441176 0.102941 0.191176 0.176471 0.25 0.0882353 0.117647 0.0147059 0 0 0 0 0 

2240 2225 1603 104 0 0.719101 0 0 0 0 0 0 0 0 0 0 0 0 0 0 0 0 0 0 0 0.0289855 0.0289855 0.101449 0.202899 0.217391 0.289855 0.101449 0.0144928 0.0144928 0 0 0 0 0 

2176 2162 1602 90 0 0.740056 0 0 0 0 0 0 0 0 0 0 0 0 0 0 0 0 0 0 0 0 0.0447761 0.0597015 0.0746269 0.238806 0.313433 0.164179 0.0895522 0.0149254 0 0 0 0 0 

