2240 2232 1602 99 0 0.716846 0 0 0 0 0 0 0 0 0 0 0 0 0 0 0 0 0 0.0289855 0 0.0289855 0.057971 0.101449 0.144928 0.26087 0.130435 0.188406 0.0434783 0.0144928 0 0 0 0 0 

2176 2157 1602 87 0 0.741771 0 0 0 0 0 0 0 0 0 0 0 0 0 0 0 0 0 0 0 0.0149254 0.0149254 0.0149254 0.134328 0.283582 0.208955 0.208955 0.119403 0 0 0 0 0 0 

2208 2197 1602 87 0 0.728266 0 0 0 0 0 0 0 0 0 0 0 0 0 0 0 0 0 0 0 0.0588235 0.0147059 0.0588235 0.147059 0.235294 0.235294 0.191176 0.0588235 0 0 0 0 0 0 

2208 2200 1602 89 0 0.727273 0 0 0 0 0 0 0 0 0 0 0 0 0 0 0 0 0 0 0 0 0.0441176 0.0882353 0.220588 0.191176 0.25 0.132353 0.0735294 0 0 0 0 0 0 

2208 2179 1602 92 0 0.734282 0 0 0 0 0 0 0 0 0 0 0 0 0 0 0 0 0 0 0 0 0.0147059 0.132353 0.147059 0.176471 0.235294 0.176471 0.0882353 0.0294118 0 0 0 0 0 

2208 2198 1602 88 0 0.727934 0 0 0 0 0 0 0 0 0 0 0 0 0 0 0 0 0 0 0 0 0.0735294 0.102941 0.0882353 0.264706 0.279412 0.117647 0.0588235 0.0147059 0 0 0 0 0 

2240 2215 1602 94 0 0.722348 0 0 0 0 0 0 0 0 0 0 0 0 0 0 0 0 0 0 0 0.0144928 0.0289855 0.101449 0.217391 0.275362 0.144928 0.130435 0.0724638 0.0144928 0 0 0 0 0 

2176 2160 1602 90 0 0.740741 0 0 0 0 0 0 0 0 0 0 0 0 0 0 0 0 0 0 0 0.0149254 0.0149254 0.0447761 0.149254 0.298507 0.179104 0.104478 0.149254 0.0447761 0 0 0 0 0 

2240 2217 1602 95 0 0.721696 0 0 0 0 0 0 0 0 0 0 0 0 0 0 0 0 0 0 0 0.0289855 0.0434783 0.0869565 0.217391 0.173913 0.231884 0.15942 0.057971 0 0 0 0 0 0 

2208 2181 1602 93 0 0.733608 0 0 0 0 0 0 0 0 0 0 0 0 0 0 0 0 0 0 0 0.0294118 0 0.0735294 0.147059 0.220588 0.264706 0.191176 0.0441176 0.0294118 0 0 0 0 0 

