2208 2196 1602 91 0 0.728597 0 0 0 0 0 0 0 0 0 0 0 0 0 0 0 0 0 0 0.0294118 0.0294118 0.0147059 0.0294118 0.191176 0.220588 0.235294 0.161765 0.0882353 0 0 0 0 0 0 

2208 2192 1602 95 0 0.729927 0 0 0 0 0 0 0 0 0 0 0 0 0 0 0 0 0 0 0 0 0.0294118 0.132353 0.176471 0.132353 0.264706 0.220588 0.0294118 0.0147059 0 0 0 0 0 

2208 2198 1602 89 0 0.727934 0 0 0 0 0 0 0 0 0 0 0 0 0 0 0 0 0 0 0 0.0147059 0.0441176 0.0882353 0.191176 0.220588 0.176471 0.176471 0.0882353 0 0 0 0 0 0 

2240 2211 1602 98 0 0.723654 0 0 0 0 0 0 0 0 0 0 0 0 0 0 0 0 0 0 0 0 0.0434783 0.144928 0.144928 0.231884 0.217391 0.144928 0.057971 0.0144928 0 0 0 0 0 

2240 2229 1602 92 0 0.717811 0 0 0 0 0 0 0 0 0 0 0 0 0 0 0 0 0 0 0.0144928 0 0.0434783 0.188406 0.115942 0.231884 0.246377 0.115942 0.0434783 0 0 0 0 0 0 

2208 2202 1601 92 0 0.726612 0 0 0 0 0 0 0 0 0 0 0 0 0 0 0 0 0 0.0147059 0.0147059 0 0.0735294 0.0147059 0.191176 0.294118 0.191176 0.0735294 0.102941 0.0147059 0.0147059 0 0 0 0 

2208 2195 1602 86 0 0.728929 0 0 0 0 0 0 0 0 0 0 0 0 0 0 0 0 0 0 0.0147059 0 0.0294118 0.0882353 0.205882 0.161765 0.25 0.191176 0.0441176 0.0147059 0 0 0 0 0 

2272 2248 1603 99 0 0.711744 0 0 0 0 0 0 0 0 0 0 0 0 0 0 0 0 0 0.0142857 0.0142857 0.0285714 0.0714286 0.114286 0.0714286 0.314286 0.214286 0.114286 0.0428571 0 0 0 0 0 0 

2272 2249 1603 107 0 0.711427 0 0 0 0 0 0 0 0 0 0 0 0 0 0 0 0 0 0 0.0142857 0.0428571 0.0428571 0.1 0.242857 0.214286 0.171429 0.1 0.0714286 0 0 0 0 0 0 

2176 2160 1602 91 0 0.740741 0 0 0 0 0 0 0 0 0 0 0 0 0 0 0 0 0 0 0 0 0.0149254 0.104478 0.104478 0.208955 0.268657 0.164179 0.104478 0.0298507 0 0 0 0 0 

