2240 2226 1602 95 0 0.718778 0 0 0 0 0 0 0 0 0 0 0 0 0 0 0 0 0 0 0 0.0144928 0.0869565 0.130435 0.057971 0.333333 0.188406 0.173913 0 0.0144928 0 0 0 0 0 

2208 2193 1602 95 0 0.729594 0 0 0 0 0 0 0 0 0 0 0 0 0 0 0 0 0 0 0.0294118 0 0.0147059 0.0441176 0.176471 0.205882 0.367647 0.102941 0.0441176 0.0147059 0 0 0 0 0 

2208 2196 1602 89 0 0.728597 0 0 0 0 0 0 0 0 0 0 0 0 0 0 0 0 0 0 0 0 0.0294118 0.117647 0.220588 0.191176 0.191176 0.161765 0.0588235 0.0294118 0 0 0 0 0 

2208 2188 1602 98 0 0.731261 0 0 0 0 0 0 0 0 0 0 0 0 0 0 0 0 0 0 0 0 0.0294118 0.102941 0.147059 0.279412 0.191176 0.147059 0.0882353 0 0.0147059 0 0 0 0 

2208 2182 1602 94 0 0.733272 0 0 0 0 0 0 0 0 0 0 0 0 0 0 0 0 0 0 0 0 0.0441176 0.0882353 0.176471 0.220588 0.191176 0.132353 0.102941 0.0294118 0.0147059 0 0 0 0 

2272 2249 1602 85 0 0.711427 0 0 0 0 0 0 0 0 0 0 0 0 0 0 0 0 0 0 0.0142857 0.0285714 0.0571429 0.157143 0.2 0.171429 0.185714 0.128571 0.0428571 0.0142857 0 0 0 0 0 

2208 2186 1602 94 0 0.73193 0 0 0 0 0 0 0 0 0 0 0 0 0 0 0 0 0 0 0 0.0147059 0.0441176 0.0588235 0.132353 0.220588 0.25 0.235294 0.0441176 0 0 0 0 0 0 

2208 2196 1602 94 0 0.728597 0 0 0 0 0 0 0 0 0 0 0 0 0 0 0 0 0 0 0 0.0294118 0.0441176 0.0735294 0.147059 0.25 0.161765 0.235294 0.0588235 0 0 0 0 0 0 

2240 2231 1600 101 0 0.717167 0 0 0 0 0 0 0 0 0 0 0 0 0 0 0 0 0 0 0 0.0434783 0.0289855 0.130435 0.188406 0.217391 0.202899 0.15942 0.0289855 0 0 0 0 0 0 

2272 2250 1603 105 0 0.711111 0 0 0 0 0 0 0 0 0 0 0 0 0 0 0 0 0 0 0.0142857 0.0285714 0.142857 0.0571429 0.157143 0.214286 0.2 0.128571 0.0428571 0.0142857 0 0 0 0 0 

