2208 2185 1602 92 0 0.732265 0 0 0 0 0 0 0 0 0 0 0 0 0 0 0 0 0 0 0 0.0147059 0.0588235 0.0588235 0.0735294 0.235294 0.308824 0.220588 0.0147059 0.0147059 0 0 0 0 0 

2208 2190 1602 92 0 0.730594 0 0 0 0 0 0 0 0 0 0 0 0 0 0 0 0 0 0 0.0147059 0 0.0735294 0.0588235 0.161765 0.176471 0.25 0.132353 0.117647 0.0147059 0 0 0 0 0 

2240 2225 1603 101 0 0.719101 0 0 0 0 0 0 0 0 0 0 0 0 0 0 0 0 0 0 0 0.0289855 0.0434783 0.101449 0.231884 0.144928 0.304348 0.0724638 0.0724638 0 0 0 0 0 0 

2240 2229 1602 94 0 0.717811 0 0 0 0 0 0 0 0 0 0 0 0 0 0 0 0 0 0 0.0144928 0.0289855 0.0289855 0.0869565 0.217391 0.275362 0.188406 0.0869565 0.0724638 0 0 0 0 0 0 

2240 2221 1602 97 0 0.720396 0 0 0 0 0 0 0 0 0 0 0 0 0 0 0 0 0 0 0.0289855 0.0289855 0.0724638 0.057971 0.15942 0.173913 0.26087 0.144928 0.057971 0.0144928 0 0 0 0 0 

2240 2211 1602 95 0 0.723654 0 0 0 0 0 0 0 0 0 0 0 0 0 0 0 0 0 0 0.0144928 0.0434783 0.057971 0.0289855 0.15942 0.289855 0.130435 0.15942 0.101449 0.0144928 0 0 0 0 0 

2240 2232 1600 93 0 0.716846 0 0 0 0 0 0 0 0 0 0 0 0 0 0 0 0 0 0 0.0144928 0.0289855 0.0434783 0.0869565 0.173913 0.289855 0.217391 0.115942 0.0289855 0 0 0 0 0 0 

2240 2222 1602 91 0 0.720072 0 0 0 0 0 0 0 0 0 0 0 0 0 0 0 0 0 0.0144928 0.0144928 0.0144928 0.057971 0.057971 0.202899 0.26087 0.15942 0.130435 0.057971 0.0144928 0.0144928 0 0 0 0 

2240 2223 1602 92 0 0.719748 0 0 0 0 0 0 0 0 0 0 0 0 0 0 0 0 0 0 0 0.0289855 0.057971 0.101449 0.202899 0.202899 0.173913 0.173913 0.057971 0 0 0 0 0 0 

2208 2191 1602 93 0 0.73026 0 0 0 0 0 0 0 0 0 0 0 0 0 0 0 0 0 0 0.0147059 0.0147059 0.0294118 0.0882353 0.147059 0.176471 0.323529 0.102941 0.0588235 0.0441176 0 0 0 0 0 

