2240 2221 1603 102 0 0.720396 0 0 0 0 0 0 0 0 0 0 0 0 0 0 0 0 0 0 0 0.0434783 0.0724638 0.057971 0.144928 0.275362 0.231884 0.101449 0.0289855 0.0434783 0 0 0 0 0 

2208 2195 1602 96 0 0.728929 0 0 0 0 0 0 0 0 0 0 0 0 0 0 0 0 0 0.0147059 0 0.0147059 0.0441176 0.0882353 0.176471 0.191176 0.147059 0.220588 0.0882353 0.0147059 0 0 0 0 0 

2272 2248 1603 108 0 0.711744 0 0 0 0 0 0 0 0 0 0 0 0 0 0 0 0 0 0.0142857 0 0.0571429 0.0571429 0.114286 0.171429 0.2 0.185714 0.128571 0.0571429 0.0142857 0 0 0 0 0 

2208 2184 1602 93 0 0.732601 0 0 0 0 0 0 0 0 0 0 0 0 0 0 0 0 0 0 0 0.0294118 0.0441176 0.0588235 0.132353 0.191176 0.294118 0.117647 0.117647 0.0147059 0 0 0 0 0 

2240 2224 1602 88 0 0.719424 0 0 0 0 0 0 0 0 0 0 0 0 0 0 0 0 0 0 0.0144928 0.0289855 0.0724638 0.101449 0.144928 0.173913 0.26087 0.130435 0.0724638 0 0 0 0 0 0 

2240 2227 1602 91 0 0.718455 0 0 0 0 0 0 0 0 0 0 0 0 0 0 0 0 0 0 0.0144928 0.0289855 0.0144928 0.0724638 0.26087 0.304348 0.130435 0.115942 0.0144928 0.0434783 0 0 0 0 0 

2208 2184 1602 85 0 0.732601 0 0 0 0 0 0 0 0 0 0 0 0 0 0 0 0 0 0 0 0 0 0.102941 0.176471 0.235294 0.294118 0.0882353 0.0588235 0.0441176 0 0 0 0 0 

2240 2214 1602 91 0 0.722674 0 0 0 0 0 0 0 0 0 0 0 0 0 0 0 0 0 0 0 0.0144928 0.057971 0.101449 0.188406 0.231884 0.15942 0.15942 0.0724638 0.0144928 0 0 0 0 0 

2208 2189 1602 82 0 0.730927 0 0 0 0 0 0 0 0 0 0 0 0 0 0 0 0 0 0 0.0147059 0 0.0441176 0.0588235 0.205882 0.161765 0.25 0.176471 0.0588235 0.0294118 0 0 0 0 0 

2240 2223 1602 89 0 0.719748 0 0 0 0 0 0 0 0 0 0 0 0 0 0 0 0 0 0 0.0144928 0.0724638 0.0434783 0.0869565 0.130435 0.231884 0.144928 0.173913 0.101449 0 0 0 0 0 0 

