2240 2215 1603 101 0 0.722348 0 0 0 0 0 0 0 0 0 0 0 0 0 0 0 0 0 0 0 0.0434783 0.0434783 0.0869565 0.15942 0.231884 0.217391 0.115942 0.0869565 0.0144928 0 0 0 0 0 

2240 2216 1602 91 0 0.722022 0 0 0 0 0 0 0 0 0 0 0 0 0 0 0 0 0 0 0 0.0289855 0.0869565 0.0869565 0.173913 0.217391 0.115942 0.188406 0.0724638 0.0289855 0 0 0 0 0 

2240 2214 1602 90 0 0.722674 0 0 0 0 0 0 0 0 0 0 0 0 0 0 0 0 0 0 0 0.0144928 0 0.130435 0.202899 0.26087 0.217391 0.101449 0.057971 0.0144928 0 0 0 0 0 

2208 2195 1602 85 0 0.728929 0 0 0 0 0 0 0 0 0 0 0 0 0 0 0 0 0 0 0 0.0147059 0.0441176 0.117647 0.117647 0.25 0.220588 0.147059 0.0588235 0.0147059 0.0147059 0 0 0 0 

2240 2226 1602 96 0 0.718778 0 0 0 0 0 0 0 0 0 0 0 0 0 0 0 0 0.0144928 0 0 0 0.115942 0.0434783 0.188406 0.202899 0.246377 0.130435 0.057971 0 0 0 0 0 0 

2240 2215 1602 93 0 0.722348 0 0 0 0 0 0 0 0 0 0 0 0 0 0 0 0 0 0.0144928 0 0 0.057971 0.115942 0.15942 0.202899 0.202899 0.188406 0.0434783 0.0144928 0 0 0 0 0 

2208 2182 1603 103 0 0.733272 0 0 0 0 0 0 0 0 0 0 0 0 0 0 0 0 0 0.0147059 0 0 0.0441176 0.0735294 0.0882353 0.279412 0.205882 0.191176 0.0735294 0.0147059 0.0147059 0 0 0 0 

2208 2192 1602 82 0 0.729927 0 0 0 0 0 0 0 0 0 0 0 0 0 0 0 0 0 0 0 0.0147059 0.0294118 0.0735294 0.161765 0.25 0.235294 0.161765 0.0735294 0 0 0 0 0 0 

2240 2220 1603 100 0 0.720721 0 0 0 0 0 0 0 0 0 0 0 0 0 0 0 0 0 0.0144928 0.0289855 0 0.0724638 0.057971 0.115942 0.289855 0.202899 0.144928 0.0434783 0.0289855 0 0 0 0 0 

2240 2221 1603 102 0 0.720396 0 0 0 0 0 0 0 0 0 0 0 0 0 0 0 0 0.0144928 0 0 0.0289855 0.0724638 0.101449 0.173913 0.15942 0.173913 0.188406 0.0434783 0.0434783 0 0 0 0 0 

