2240 2220 1603 99 0 0.720721 0 0 0 0 0 0 0 0 0 0 0 0 0 0 0 0 0 0.0144928 0 0 0.0724638 0.115942 0.173913 0.188406 0.202899 0.144928 0.0724638 0.0144928 0 0 0 0 0 

2240 2218 1603 102 0 0.721371 0 0 0 0 0 0 0 0 0 0 0 0 0 0 0 0 0 0 0.0144928 0.0434783 0.0434783 0.057971 0.217391 0.231884 0.101449 0.202899 0.057971 0.0289855 0 0 0 0 0 

2208 2196 1602 95 0 0.728597 0 0 0 0 0 0 0 0 0 0 0 0 0 0 0 0 0 0.0147059 0 0 0.0147059 0.0588235 0.279412 0.205882 0.191176 0.132353 0.0735294 0.0294118 0 0 0 0 0 

2240 2212 1602 92 0 0.723327 0 0 0 0 0 0 0 0 0 0 0 0 0 0 0 0 0 0 0 0.0434783 0.115942 0.0434783 0.0869565 0.202899 0.246377 0.173913 0.0869565 0 0 0 0 0 0 

2208 2192 1602 95 0 0.729927 0 0 0 0 0 0 0 0 0 0 0 0 0 0 0 0 0 0 0 0 0.0441176 0.147059 0.147059 0.176471 0.191176 0.220588 0.0441176 0.0147059 0.0147059 0 0 0 0 

2208 2199 1603 101 0 0.727603 0 0 0 0 0 0 0 0 0 0 0 0 0 0 0 0 0 0 0 0.0147059 0.0294118 0.117647 0.147059 0.25 0.176471 0.220588 0.0294118 0.0147059 0 0 0 0 0 

2208 2198 1602 89 0 0.727934 0 0 0 0 0 0 0 0 0 0 0 0 0 0 0 0 0 0 0 0 0.0441176 0.102941 0.205882 0.176471 0.25 0.147059 0.0588235 0.0147059 0 0 0 0 0 

2240 2212 1603 100 0 0.723327 0 0 0 0 0 0 0 0 0 0 0 0 0 0 0 0 0 0 0 0.0434783 0.0289855 0.0869565 0.188406 0.130435 0.289855 0.188406 0.0434783 0 0 0 0 0 0 

2208 2190 1602 93 0 0.730594 0 0 0 0 0 0 0 0 0 0 0 0 0 0 0 0 0 0 0 0.0294118 0.0294118 0.0735294 0.147059 0.338235 0.0735294 0.191176 0.0882353 0.0147059 0.0147059 0 0 0 0 

2208 2187 1602 96 0 0.731596 0 0 0 0 0 0 0 0 0 0 0 0 0 0 0 0 0 0 0.0147059 0 0.0294118 0.0882353 0.176471 0.205882 0.205882 0.176471 0.0735294 0.0147059 0.0147059 0 0 0 0 

