2208 2179 1602 85 0 0.734282 0 0 0 0 0 0 0 0 0 0 0 0 0 0 0 0 0 0 0 0.0294118 0.0147059 0.0735294 0.102941 0.235294 0.308824 0.117647 0.102941 0 0.0147059 0 0 0 0 

2208 2181 1602 93 0 0.733608 0 0 0 0 0 0 0 0 0 0 0 0 0 0 0 0 0 0 0 0.0147059 0.0441176 0.102941 0.0882353 0.176471 0.279412 0.191176 0.102941 0 0 0 0 0 0 

2240 2226 1603 104 0 0.718778 0 0 0 0 0 0 0 0 0 0 0 0 0 0 0 0 0 0 0 0.057971 0.0869565 0.0724638 0.188406 0.173913 0.15942 0.144928 0.115942 0 0 0 0 0 0 

2272 2247 1603 104 0 0.712061 0 0 0 0 0 0 0 0 0 0 0 0 0 0 0 0 0.0142857 0 0.0142857 0.0142857 0.0714286 0.128571 0.157143 0.171429 0.3 0.0428571 0.0714286 0.0142857 0 0 0 0 0 

2208 2190 1603 101 0 0.730594 0 0 0 0 0 0 0 0 0 0 0 0 0 0 0 0 0 0 0 0.0294118 0.0588235 0.0588235 0.191176 0.176471 0.161765 0.191176 0.102941 0.0294118 0 0 0 0 0 

2240 2215 1603 100 0 0.722348 0 0 0 0 0 0 0 0 0 0 0 0 0 0 0 0 0 0 0 0.057971 0.0434783 0.0869565 0.173913 0.144928 0.231884 0.173913 0.0869565 0 0 0 0 0 0 

2240 2223 1603 99 0 0.719748 0 0 0 0 0 0 0 0 0 0 0 0 0 0 0 0 0 0 0.0144928 0.0144928 0.057971 0.130435 0.144928 0.173913 0.246377 0.188406 0.0144928 0.0144928 0 0 0 0 0 

2208 2183 1602 97 0 0.732936 0 0 0 0 0 0 0 0 0 0 0 0 0 0 0 0 0 0 0.0147059 0.0147059 0.0294118 0.117647 0.102941 0.161765 0.220588 0.235294 0.0882353 0.0147059 0 0 0 0 0 

2208 2185 1602 92 0 0.732265 0 0 0 0 0 0 0 0 0 0 0 0 0 0 0 0 0 0 0 0.0147059 0 0.0882353 0.191176 0.25 0.205882 0.147059 0.0735294 0.0147059 0.0147059 0 0 0 0 

2208 2193 1603 101 0 0.729594 0 0 0 0 0 0 0 0 0 0 0 0 0 0 0 0 0 0 0 0.0294118 0.0735294 0.0735294 0.132353 0.191176 0.191176 0.205882 0.0735294 0.0294118 0 0 0 0 0 

