2240 2212 1602 95 0 0.723327 0 0 0 0 0 0 0 0 0 0 0 0 0 0 0 0 0 0 0 0.0144928 0.057971 0.101449 0.115942 0.275362 0.246377 0.130435 0.0289855 0.0289855 0 0 0 0 0 

2208 2198 1602 93 0 0.727934 0 0 0 0 0 0 0 0 0 0 0 0 0 0 0 0 0 0.0147059 0 0.0294118 0.0147059 0.0735294 0.191176 0.191176 0.220588 0.191176 0.0735294 0 0 0 0 0 0 

2208 2200 1602 86 0 0.727273 0 0 0 0 0 0 0 0 0 0 0 0 0 0 0 0 0 0 0 0.0294118 0.0441176 0.0882353 0.220588 0.132353 0.25 0.132353 0.0735294 0.0294118 0 0 0 0 0 

2272 2245 1603 100 0 0.712695 0 0 0 0 0 0 0 0 0 0 0 0 0 0 0 0 0.0142857 0 0 0.0142857 0.0285714 0.142857 0.257143 0.185714 0.185714 0.1 0.0571429 0.0142857 0 0 0 0 0 

2208 2186 1603 103 0 0.73193 0 0 0 0 0 0 0 0 0 0 0 0 0 0 0 0 0 0 0 0 0.0441176 0.117647 0.117647 0.191176 0.220588 0.235294 0.0735294 0 0 0 0 0 0 

2208 2180 1602 91 0 0.733945 0 0 0 0 0 0 0 0 0 0 0 0 0 0 0 0 0 0 0 0 0.0294118 0.102941 0.132353 0.176471 0.264706 0.220588 0.0735294 0 0 0 0 0 0 

2240 2219 1602 86 0 0.721045 0 0 0 0 0 0 0 0 0 0 0 0 0 0 0 0 0 0 0 0.0289855 0.0434783 0.0869565 0.217391 0.289855 0.101449 0.115942 0.101449 0.0144928 0 0 0 0 0 

2208 2195 1602 83 0 0.728929 0 0 0 0 0 0 0 0 0 0 0 0 0 0 0 0 0 0 0 0.0588235 0.0294118 0.0735294 0.117647 0.220588 0.264706 0.147059 0.0588235 0.0147059 0.0147059 0 0 0 0 

2240 2217 1602 96 0 0.721696 0 0 0 0 0 0 0 0 0 0 0 0 0 0 0 0 0 0 0 0 0.057971 0.115942 0.188406 0.173913 0.275362 0.15942 0.0289855 0 0 0 0 0 0 

2240 2215 1603 99 0 0.722348 0 0 0 0 0 0 0 0 0 0 0 0 0 0 0 0 0 0 0 0.0144928 0.0869565 0.101449 0.173913 0.15942 0.202899 0.173913 0.0724638 0.0144928 0 0 0 0 0 

