2208 2196 1603 100 0 0.728597 0 0 0 0 0 0 0 0 0 0 0 0 0 0 0 0 0 0 0 0.0441176 0.0441176 0.0882353 0.161765 0.176471 0.205882 0.161765 0.0735294 0.0441176 0 0 0 0 0 

2240 2217 1602 95 0 0.721696 0 0 0 0 0 0 0 0 0 0 0 0 0 0 0 0 0 0 0.0144928 0.0434783 0.0434783 0.115942 0.115942 0.188406 0.231884 0.15942 0.0869565 0 0 0 0 0 0 

2272 2248 1603 101 0 0.711744 0 0 0 0 0 0 0 0 0 0 0 0 0 0 0 0 0 0 0.0142857 0.0142857 0.1 0.128571 0.185714 0.171429 0.171429 0.157143 0.0571429 0 0 0 0 0 0 

2208 2203 1601 93 0 0.726282 0 0 0 0 0 0 0 0 0 0 0 0 0 0 0 0 0 0 0 0.0441176 0.0588235 0.102941 0.102941 0.220588 0.191176 0.205882 0.0735294 0 0 0 0 0 0 

2272 2244 1603 106 0 0.713012 0 0 0 0 0 0 0 0 0 0 0 0 0 0 0 0 0 0 0.0285714 0.0285714 0.0428571 0.128571 0.142857 0.214286 0.271429 0.0857143 0.0428571 0.0142857 0 0 0 0 0 

2208 2191 1602 85 0 0.73026 0 0 0 0 0 0 0 0 0 0 0 0 0 0 0 0 0 0 0 0 0.0441176 0.176471 0.0735294 0.220588 0.220588 0.176471 0.0441176 0.0294118 0.0147059 0 0 0 0 

2176 2162 1603 100 0 0.740056 0 0 0 0 0 0 0 0 0 0 0 0 0 0 0 0 0 0 0 0.0149254 0.0298507 0.104478 0.104478 0.179104 0.208955 0.19403 0.134328 0.0298507 0 0 0 0 0 

2208 2191 1602 93 0 0.73026 0 0 0 0 0 0 0 0 0 0 0 0 0 0 0 0 0.0147059 0.0147059 0 0.0147059 0.0147059 0.0735294 0.132353 0.294118 0.161765 0.132353 0.117647 0.0147059 0.0147059 0 0 0 0 

2176 2162 1602 92 0 0.740056 0 0 0 0 0 0 0 0 0 0 0 0 0 0 0 0 0 0 0.0149254 0.0149254 0.0447761 0.0149254 0.164179 0.19403 0.19403 0.19403 0.134328 0.0298507 0 0 0 0 0 

2208 2196 1602 88 0 0.728597 0 0 0 0 0 0 0 0 0 0 0 0 0 0 0 0 0 0.0147059 0 0.0294118 0.0147059 0.102941 0.102941 0.294118 0.191176 0.147059 0.0735294 0.0294118 0 0 0 0 0 

