2208 2186 1602 86 0 0.73193 0 0 0 0 0 0 0 0 0 0 0 0 0 0 0 0 0 0 0 0.0147059 0.0294118 0.0882353 0.161765 0.25 0.176471 0.147059 0.102941 0.0294118 0 0 0 0 0 

2240 2211 1602 96 0 0.723654 0 0 0 0 0 0 0 0 0 0 0 0 0 0 0 0 0 0.0144928 0 0.0144928 0.057971 0.115942 0.115942 0.15942 0.289855 0.144928 0.0869565 0 0 0 0 0 0 

2240 2219 1603 102 0 0.721045 0 0 0 0 0 0 0 0 0 0 0 0 0 0 0 0 0 0.0144928 0 0.0144928 0.0289855 0.144928 0.173913 0.202899 0.188406 0.130435 0.0869565 0.0144928 0 0 0 0 0 

2208 2202 1601 98 0 0.726612 0 0 0 0 0 0 0 0 0 0 0 0 0 0 0 0 0 0 0.0147059 0 0.0441176 0.0735294 0.220588 0.220588 0.191176 0.161765 0.0588235 0.0147059 0 0 0 0 0 

2240 2216 1603 100 0 0.722022 0 0 0 0 0 0 0 0 0 0 0 0 0.0144928 0 0 0 0 0 0 0.0144928 0.0434783 0.115942 0.115942 0.231884 0.217391 0.173913 0.0434783 0.0289855 0 0 0 0 0 

2176 2163 1602 91 0 0.739713 0 0 0 0 0 0 0 0 0 0 0 0 0 0 0 0 0 0 0 0 0.0298507 0.0746269 0.149254 0.134328 0.313433 0.208955 0.0746269 0.0149254 0 0 0 0 0 

2240 2231 1600 88 0 0.717167 0 0 0 0 0 0 0 0 0 0 0 0 0 0 0 0 0 0 0.0144928 0.0289855 0.057971 0.130435 0.188406 0.188406 0.173913 0.15942 0.0289855 0.0289855 0 0 0 0 0 

2240 2226 1603 104 0 0.718778 0 0 0 0 0 0 0 0 0 0 0 0 0 0 0 0 0 0.0144928 0 0.057971 0.0434783 0.144928 0.101449 0.188406 0.188406 0.173913 0.0724638 0.0144928 0 0 0 0 0 

2208 2182 1602 88 0 0.733272 0 0 0 0 0 0 0 0 0 0 0 0 0 0 0 0 0 0 0.0147059 0.0147059 0.0441176 0.0588235 0.132353 0.235294 0.235294 0.102941 0.102941 0.0588235 0 0 0 0 0 

2240 2214 1602 90 0 0.722674 0 0 0 0 0 0 0 0 0 0 0 0 0 0 0 0 0 0 0 0 0.057971 0.0869565 0.188406 0.275362 0.202899 0.115942 0.057971 0.0144928 0 0 0 0 0 

