2176 2169 1600 89 0 0.737667 0 0 0 0 0 0 0 0 0 0 0 0 0 0 0 0 0 0 0 0 0.0447761 0.0895522 0.0895522 0.253731 0.238806 0.164179 0.104478 0.0149254 0 0 0 0 0 

2208 2197 1602 88 0 0.728266 0 0 0 0 0 0 0 0 0 0 0 0 0 0 0 0 0 0 0 0.0441176 0 0.0882353 0.117647 0.308824 0.235294 0.147059 0.0441176 0.0147059 0 0 0 0 0 

2240 2213 1602 96 0 0.723 0 0 0 0 0 0 0 0 0 0 0 0 0 0 0 0 0 0 0.0144928 0.0144928 0.0144928 0.0724638 0.231884 0.289855 0.130435 0.144928 0.0724638 0.0144928 0 0 0 0 0 

2240 2211 1602 86 0 0.723654 0 0 0 0 0 0 0 0 0 0 0 0 0 0 0 0 0 0 0.0289855 0 0.0434783 0.101449 0.115942 0.217391 0.275362 0.15942 0.057971 0 0 0 0 0 0 

2240 2225 1602 94 0 0.719101 0 0 0 0 0 0 0 0 0 0 0 0 0 0 0 0 0 0.0144928 0 0.0144928 0.0869565 0.0724638 0.173913 0.231884 0.231884 0.057971 0.115942 0 0 0 0 0 0 

2208 2188 1602 88 0 0.731261 0 0 0 0 0 0 0 0 0 0 0 0 0 0 0 0 0 0 0 0 0.0294118 0.0882353 0.176471 0.191176 0.25 0.220588 0.0441176 0 0 0 0 0 0 

2240 2224 1603 99 0 0.719424 0 0 0 0 0 0 0 0 0 0 0 0 0 0 0 0 0 0.0144928 0.0144928 0 0.0724638 0.101449 0.115942 0.231884 0.26087 0.130435 0.057971 0 0 0 0 0 0 

2240 2228 1602 95 0 0.718133 0 0 0 0 0 0 0 0 0 0 0 0 0 0 0 0 0 0 0.0144928 0.0434783 0.057971 0.0724638 0.188406 0.231884 0.217391 0.0869565 0.057971 0.0289855 0 0 0 0 0 

2208 2196 1602 92 0 0.728597 0 0 0 0 0 0 0 0 0 0 0 0 0 0 0 0 0 0 0 0 0.0441176 0.0735294 0.25 0.176471 0.205882 0.176471 0.0588235 0.0147059 0 0 0 0 0 

2208 2195 1602 90 0 0.728929 0 0 0 0 0 0 0 0 0 0 0 0 0 0 0 0 0 0 0 0 0.0735294 0.117647 0.0882353 0.294118 0.161765 0.176471 0.0588235 0.0147059 0.0147059 0 0 0 0 

