2176 2164 1601 80 0 0.739372 0 0 0 0 0 0 0 0 0 0 0 0 0 0 0 0 0 0 0 0 0.0149254 0.0746269 0.164179 0.223881 0.223881 0.179104 0.104478 0.0149254 0 0 0 0 0 

2208 2195 1602 88 0 0.728929 0 0 0 0 0 0 0 0 0 0 0 0 0 0 0 0 0 0 0 0 0.0441176 0.102941 0.176471 0.264706 0.191176 0.0735294 0.132353 0.0147059 0 0 0 0 0 

2208 2190 1602 97 0 0.730594 0 0 0 0 0 0 0 0 0 0 0 0 0 0 0 0 0 0 0 0 0.0294118 0.0882353 0.191176 0.161765 0.308824 0.176471 0.0294118 0.0147059 0 0 0 0 0 

2208 2194 1602 95 0 0.729262 0 0 0 0 0 0 0 0 0 0 0 0 0 0 0 0 0 0 0.0147059 0 0.0294118 0.0735294 0.147059 0.294118 0.205882 0.176471 0.0441176 0.0147059 0 0 0 0 0 

2208 2180 1602 89 0 0.733945 0 0 0 0 0 0 0 0 0 0 0 0 0 0 0 0 0 0 0 0.0294118 0.0441176 0.0882353 0.0882353 0.176471 0.220588 0.279412 0.0588235 0.0147059 0 0 0 0 0 

2208 2188 1602 98 0 0.731261 0 0 0 0 0 0 0 0 0 0 0 0 0 0 0 0 0 0 0.0147059 0.0147059 0.0294118 0.0882353 0.161765 0.147059 0.205882 0.279412 0.0588235 0 0 0 0 0 0 

2208 2198 1602 86 0 0.727934 0 0 0 0 0 0 0 0 0 0 0 0 0 0 0 0 0 0.0147059 0 0.0147059 0.0441176 0.0588235 0.132353 0.279412 0.220588 0.191176 0.0147059 0.0294118 0 0 0 0 0 

2240 2219 1603 98 0 0.721045 0 0 0 0 0 0 0 0 0 0 0 0 0 0 0 0 0 0 0 0.0289855 0.101449 0.101449 0.115942 0.231884 0.144928 0.173913 0.0869565 0.0144928 0 0 0 0 0 

2208 2185 1602 88 0 0.732265 0 0 0 0 0 0 0 0 0 0 0 0 0 0 0 0 0 0 0 0.0294118 0.0735294 0.0735294 0.102941 0.235294 0.147059 0.161765 0.161765 0.0147059 0 0 0 0 0 

2240 2214 1602 95 0 0.722674 0 0 0 0 0 0 0 0 0 0 0 0 0 0 0 0 0 0 0 0 0.057971 0.15942 0.101449 0.231884 0.275362 0.0869565 0.0724638 0.0144928 0 0 0 0 0 

