2208 2194 1602 94 0 0.729262 0 0 0 0 0 0 0 0 0 0 0 0 0 0 0 0 0 0 0 0.0147059 0.0147059 0.102941 0.191176 0.191176 0.308824 0.0735294 0.0735294 0.0294118 0 0 0 0 0 

2208 2193 1602 89 0 0.729594 0 0 0 0 0 0 0 0 0 0 0 0 0 0 0 0 0 0 0 0.0147059 0.0735294 0.0882353 0.102941 0.161765 0.323529 0.191176 0.0147059 0.0294118 0 0 0 0 0 

2240 2218 1602 92 0 0.721371 0 0 0 0 0 0 0 0 0 0 0 0 0 0 0 0 0 0 0.0144928 0.0434783 0.0289855 0.101449 0.173913 0.217391 0.188406 0.115942 0.101449 0.0144928 0 0 0 0 0 

2208 2189 1602 89 0 0.730927 0 0 0 0 0 0 0 0 0 0 0 0 0 0 0 0 0 0 0 0.0147059 0.0441176 0.132353 0.161765 0.161765 0.161765 0.176471 0.117647 0.0294118 0 0 0 0 0 

2208 2200 1603 102 0 0.727273 0 0 0 0 0 0 0 0 0 0 0 0 0 0 0 0 0 0 0 0.0147059 0.0441176 0.0735294 0.176471 0.220588 0.294118 0.117647 0.0294118 0.0294118 0 0 0 0 0 

2208 2200 1600 94 0 0.727273 0 0 0 0 0 0 0 0 0 0 0 0 0 0 0 0 0 0 0.0147059 0 0.0441176 0.0147059 0.205882 0.264706 0.308824 0.102941 0.0441176 0 0 0 0 0 0 

2240 2217 1602 97 0 0.721696 0 0 0 0 0 0 0 0 0 0 0 0 0 0 0 0 0 0 0 0.0289855 0.115942 0.057971 0.0869565 0.26087 0.217391 0.15942 0.0724638 0 0 0 0 0 0 

2208 2186 1602 88 0 0.73193 0 0 0 0 0 0 0 0 0 0 0 0 0 0 0 0 0 0 0 0.0294118 0.0147059 0.102941 0.176471 0.176471 0.176471 0.220588 0.0735294 0.0294118 0 0 0 0 0 

2240 2224 1603 99 0 0.719424 0 0 0 0 0 0 0 0 0 0 0 0 0 0 0 0 0.0144928 0 0.0144928 0 0.057971 0.144928 0.101449 0.275362 0.173913 0.101449 0.101449 0.0144928 0 0 0 0 0 

2240 2216 1602 96 0 0.722022 0 0 0 0 0 0 0 0 0 0 0 0 0 0 0 0 0 0 0.0144928 0.0434783 0.0144928 0.0434783 0.217391 0.26087 0.15942 0.202899 0.0434783 0 0 0 0 0 0 

