2272 2247 1602 93 0 0.712061 0 0 0 0 0 0 0 0 0 0 0 0 0 0 0 0 0 0 0.0142857 0.0142857 0.0571429 0.0714286 0.271429 0.285714 0.142857 0.0714286 0.0714286 0 0 0 0 0 0 

2208 2196 1602 88 0 0.728597 0 0 0 0 0 0 0 0 0 0 0 0 0 0 0 0 0 0 0.0147059 0.0147059 0.0147059 0.147059 0.147059 0.176471 0.220588 0.147059 0.102941 0.0147059 0 0 0 0 0 

2240 2211 1602 95 0 0.723654 0 0 0 0 0 0 0 0 0 0 0 0 0 0 0 0 0 0.0144928 0 0.0289855 0.0289855 0.115942 0.130435 0.15942 0.289855 0.188406 0.0144928 0.0289855 0 0 0 0 0 

2240 2220 1603 102 0 0.720721 0 0 0 0 0 0 0 0 0 0 0 0 0 0 0 0 0 0 0 0.0434783 0.0289855 0.0869565 0.188406 0.202899 0.26087 0.144928 0.0434783 0 0 0 0 0 0 

2240 2215 1602 89 0 0.722348 0 0 0 0 0 0 0 0 0 0 0 0 0 0 0 0 0 0 0 0.0289855 0.0144928 0.101449 0.231884 0.217391 0.217391 0.101449 0.057971 0.0289855 0 0 0 0 0 

2208 2197 1602 88 0 0.728266 0 0 0 0 0 0 0 0 0 0 0 0 0 0 0 0 0 0 0 0 0.0735294 0.0735294 0.132353 0.294118 0.235294 0.0882353 0.0735294 0.0294118 0 0 0 0 0 

2208 2197 1601 94 0 0.728266 0 0 0 0 0 0 0 0 0 0 0 0 0 0 0 0 0 0.0147059 0 0 0.0441176 0.0588235 0.161765 0.235294 0.323529 0.0735294 0.0735294 0.0147059 0 0 0 0 0 

2272 2243 1602 97 0 0.71333 0 0 0 0 0 0 0 0 0 0 0 0 0 0 0 0 0.0142857 0 0 0.0142857 0.0428571 0.142857 0.214286 0.214286 0.142857 0.171429 0.0285714 0.0142857 0 0 0 0 0 

2240 2231 1601 102 0 0.717167 0 0 0 0 0 0 0 0 0 0 0 0 0 0 0 0 0 0.0144928 0 0 0.057971 0.144928 0.246377 0.15942 0.15942 0.15942 0.0289855 0.0144928 0.0144928 0 0 0 0 

2240 2211 1602 97 0 0.723654 0 0 0 0 0 0 0 0 0 0 0 0 0 0 0 0 0 0 0 0 0.057971 0.0869565 0.130435 0.304348 0.26087 0.0869565 0.0724638 0 0 0 0 0 0 

