2240 2225 1602 97 0 0.719101 0 0 0 0 0 0 0 0 0 0 0 0 0 0 0 0 0 0 0 0.0144928 0.057971 0.101449 0.15942 0.304348 0.188406 0.15942 0 0.0144928 0 0 0 0 0 

2272 2250 1603 105 0 0.711111 0 0 0 0 0 0 0 0 0 0 0 0 0 0 0 0 0 0 0.0285714 0.0428571 0.0285714 0.142857 0.2 0.228571 0.128571 0.1 0.0857143 0.0142857 0 0 0 0 0 

2208 2179 1602 94 0 0.734282 0 0 0 0 0 0 0 0 0 0 0 0 0 0 0 0 0 0 0 0 0.0147059 0.0588235 0.220588 0.205882 0.220588 0.191176 0.0588235 0.0294118 0 0 0 0 0 

2240 2220 1602 89 0 0.720721 0 0 0 0 0 0 0 0 0 0 0 0 0 0 0 0 0 0 0.0289855 0.0144928 0.0289855 0.101449 0.144928 0.217391 0.275362 0.15942 0.0289855 0 0 0 0 0 0 

2208 2182 1602 89 0 0.733272 0 0 0 0 0 0 0 0 0 0 0 0 0 0 0 0 0 0 0 0.0147059 0.0294118 0.0882353 0.102941 0.176471 0.411765 0.0882353 0.0441176 0.0441176 0 0 0 0 0 

2240 2222 1603 102 0 0.720072 0 0 0 0 0 0 0 0 0 0 0 0 0 0 0 0 0 0 0 0.0144928 0.057971 0.115942 0.15942 0.26087 0.188406 0.144928 0.057971 0 0 0 0 0 0 

2208 2190 1603 99 0 0.730594 0 0 0 0 0 0 0 0 0 0 0 0 0 0 0 0 0 0 0 0.0147059 0.0294118 0.117647 0.191176 0.102941 0.25 0.205882 0.0735294 0.0147059 0 0 0 0 0 

2208 2191 1602 85 0 0.73026 0 0 0 0 0 0 0 0 0 0 0 0 0 0 0 0 0 0.0294118 0 0.0147059 0.0294118 0.102941 0.102941 0.132353 0.264706 0.279412 0.0294118 0.0147059 0 0 0 0 0 

2208 2196 1603 100 0 0.728597 0 0 0 0 0 0 0 0 0 0 0 0 0 0 0 0 0 0 0 0.0294118 0.0147059 0.117647 0.191176 0.191176 0.220588 0.102941 0.102941 0.0147059 0.0147059 0 0 0 0 

2240 2214 1602 90 0 0.722674 0 0 0 0 0 0 0 0 0 0 0 0 0 0 0 0 0 0 0 0 0.0434783 0.101449 0.202899 0.217391 0.275362 0.101449 0.0434783 0.0144928 0 0 0 0 0 

