2208 2179 1602 93 0 0.734282 0 0 0 0 0 0 0 0 0 0 0 0 0 0 0 0 0 0 0 0.0147059 0.0441176 0.0882353 0.161765 0.147059 0.205882 0.220588 0.0735294 0.0441176 0 0 0 0 0 

2208 2188 1602 91 0 0.731261 0 0 0 0 0 0 0 0 0 0 0 0 0 0 0 0 0 0 0 0.0147059 0.0147059 0.0735294 0.161765 0.220588 0.308824 0.161765 0.0147059 0.0294118 0 0 0 0 0 

2208 2181 1602 98 0 0.733608 0 0 0 0 0 0 0 0 0 0 0 0 0 0 0 0 0.0147059 0 0 0.0147059 0.0147059 0.132353 0.117647 0.205882 0.132353 0.205882 0.117647 0.0441176 0 0 0 0 0 

2176 2157 1601 80 0 0.741771 0 0 0 0 0 0 0 0 0 0 0 0 0 0 0 0 0 0 0 0 0.0149254 0.104478 0.0746269 0.208955 0.268657 0.223881 0.104478 0 0 0 0 0 0 

2176 2165 1602 88 0 0.73903 0 0 0 0 0 0 0 0 0 0 0 0 0 0 0 0 0.0149254 0 0 0 0.0597015 0.0597015 0.104478 0.149254 0.328358 0.149254 0.0746269 0.0447761 0.0149254 0 0 0 0 

2240 2214 1602 93 0 0.722674 0 0 0 0 0 0 0 0 0 0 0 0 0 0 0 0 0 0.0144928 0 0.0144928 0.0144928 0.188406 0.130435 0.173913 0.202899 0.173913 0.0724638 0.0144928 0 0 0 0 0 

2272 2245 1603 100 0 0.712695 0 0 0 0 0 0 0 0 0 0 0 0 0 0 0 0 0 0 0.0142857 0.0285714 0.0285714 0.1 0.257143 0.271429 0.114286 0.128571 0.0428571 0.0142857 0 0 0 0 0 

2208 2185 1602 88 0 0.732265 0 0 0 0 0 0 0 0 0 0 0 0 0 0 0 0 0 0 0 0 0.0147059 0.0735294 0.205882 0.220588 0.25 0.161765 0.0441176 0.0294118 0 0 0 0 0 

2240 2213 1602 98 0 0.723 0 0 0 0 0 0 0 0 0 0 0 0 0 0 0 0 0 0 0 0.0434783 0.0434783 0.0869565 0.130435 0.246377 0.246377 0.130435 0.0434783 0.0289855 0 0 0 0 0 

2240 2225 1603 99 0 0.719101 0 0 0 0 0 0 0 0 0 0 0 0 0 0 0 0 0 0 0 0.0144928 0.0434783 0.0869565 0.26087 0.231884 0.188406 0.115942 0.0434783 0.0144928 0 0 0 0 0 

