2240 2228 1602 95 0 0.718133 0 0 0 0 0 0 0 0 0 0 0 0 0 0 0 0 0 0 0.0144928 0 0.0434783 0.15942 0.0869565 0.318841 0.231884 0.130435 0.0144928 0 0 0 0 0 0 

2208 2195 1602 92 0 0.728929 0 0 0 0 0 0 0 0 0 0 0 0 0 0 0 0 0 0 0 0 0.0294118 0.102941 0.102941 0.397059 0.176471 0.0882353 0.0882353 0.0147059 0 0 0 0 0 

2176 2172 1600 86 0 0.736648 0 0 0 0 0 0 0 0 0 0 0 0 0 0 0 0 0 0 0 0 0.0298507 0.119403 0.104478 0.238806 0.19403 0.238806 0.0447761 0.0298507 0 0 0 0 0 

2240 2211 1602 91 0 0.723654 0 0 0 0 0 0 0 0 0 0 0 0 0 0 0 0 0 0 0 0.0144928 0.057971 0.115942 0.130435 0.26087 0.202899 0.101449 0.101449 0.0144928 0 0 0 0 0 

2176 2160 1601 76 0 0.740741 0 0 0 0 0 0 0 0 0 0 0 0 0 0 0 0 0 0 0 0 0.0447761 0.0447761 0.149254 0.238806 0.164179 0.253731 0.0597015 0.0447761 0 0 0 0 0 

2208 2191 1602 89 0 0.73026 0 0 0 0 0 0 0 0 0 0 0 0 0 0 0 0 0 0 0.0147059 0.0147059 0.0588235 0 0.147059 0.308824 0.220588 0.147059 0.0735294 0.0147059 0 0 0 0 0 

2208 2192 1602 96 0 0.729927 0 0 0 0 0 0 0 0 0 0 0 0 0 0 0 0 0 0.0147059 0 0.0147059 0 0.0588235 0.161765 0.264706 0.308824 0.0882353 0.0882353 0 0 0 0 0 0 

2240 2214 1602 92 0 0.722674 0 0 0 0 0 0 0 0 0 0 0 0 0 0 0 0 0 0 0 0.0289855 0.057971 0.0724638 0.202899 0.188406 0.202899 0.188406 0.0434783 0.0144928 0 0 0 0 0 

2208 2189 1602 92 0 0.730927 0 0 0 0 0 0 0 0 0 0 0 0 0 0 0 0 0 0 0.0147059 0.0147059 0.0441176 0.0588235 0.161765 0.176471 0.294118 0.117647 0.0882353 0.0294118 0 0 0 0 0 

2208 2200 1601 94 0 0.727273 0 0 0 0 0 0 0 0 0 0 0 0 0 0 0 0 0 0 0.0147059 0.0147059 0.0294118 0.0735294 0.176471 0.25 0.25 0.0882353 0.0882353 0.0147059 0 0 0 0 0 

