2240 2221 1603 104 0 0.720396 0 0 0 0 0 0 0 0 0 0 0 0 0 0 0 0 0 0 0.0144928 0.0144928 0.057971 0.101449 0.188406 0.173913 0.231884 0.15942 0.0434783 0.0144928 0 0 0 0 0 

2208 2196 1602 92 0 0.728597 0 0 0 0 0 0 0 0 0 0 0 0 0 0 0 0 0 0 0.0294118 0.0294118 0.0441176 0.102941 0.117647 0.161765 0.205882 0.161765 0.132353 0.0147059 0 0 0 0 0 

2208 2201 1601 87 0 0.726942 0 0 0 0 0 0 0 0 0 0 0 0 0 0 0 0 0 0 0 0.0294118 0.0441176 0.117647 0.102941 0.25 0.205882 0.176471 0.0735294 0 0 0 0 0 0 

2240 2215 1603 100 0 0.722348 0 0 0 0 0 0 0 0 0 0 0 0 0 0 0 0 0 0.0144928 0 0.0289855 0.0144928 0.144928 0.15942 0.15942 0.231884 0.15942 0.0724638 0.0144928 0 0 0 0 0 

2208 2181 1602 98 0 0.733608 0 0 0 0 0 0 0 0 0 0 0 0 0 0 0 0 0 0 0 0 0.0294118 0.102941 0.132353 0.235294 0.25 0.102941 0.132353 0.0147059 0 0 0 0 0 

2208 2188 1602 98 0 0.731261 0 0 0 0 0 0 0 0 0 0 0 0 0 0 0 0 0 0.0147059 0.0147059 0 0.0147059 0.0441176 0.161765 0.25 0.264706 0.147059 0.0735294 0.0147059 0 0 0 0 0 

2208 2196 1602 90 0 0.728597 0 0 0 0 0 0 0 0 0 0 0 0 0 0 0 0 0 0 0 0 0.0735294 0.102941 0.117647 0.235294 0.235294 0.147059 0.0735294 0.0147059 0 0 0 0 0 

2240 2212 1603 99 0 0.723327 0 0 0 0 0 0 0 0 0 0 0 0 0 0 0 0 0 0 0 0.0144928 0.0434783 0.144928 0.130435 0.217391 0.231884 0.130435 0.057971 0.0289855 0 0 0 0 0 

2176 2169 1602 93 0 0.737667 0 0 0 0 0 0 0 0 0 0 0 0 0 0 0 0 0 0 0 0 0.0447761 0.0597015 0.134328 0.208955 0.313433 0.149254 0.0447761 0.0447761 0 0 0 0 0 

2208 2192 1603 101 0 0.729927 0 0 0 0 0 0 0 0 0 0 0 0 0 0 0 0 0 0.0147059 0 0.0441176 0.0294118 0.0588235 0.102941 0.264706 0.205882 0.161765 0.0882353 0.0294118 0 0 0 0 0 

