2176 2171 1600 102 0 0.736988 0 0 0 0 0 0 0 0 0 0 0 0 0 0 0 0 0 0 0 0.0298507 0.0149254 0.0746269 0.149254 0.238806 0.164179 0.19403 0.119403 0 0.0149254 0 0 0 0 

2176 2165 1601 92 0 0.73903 0 0 0 0 0 0 0 0 0 0 0 0 0 0 0 0 0 0 0 0 0.0298507 0.0149254 0.223881 0.223881 0.223881 0.164179 0.0895522 0.0298507 0 0 0 0 0 

2240 2218 1603 102 0 0.721371 0 0 0 0 0 0 0 0 0 0 0 0 0 0 0 0 0 0 0.0144928 0.0144928 0.057971 0.101449 0.144928 0.231884 0.188406 0.188406 0.057971 0 0 0 0 0 0 

2208 2192 1602 96 0 0.729927 0 0 0 0 0 0 0 0 0 0 0 0 0 0 0 0 0 0 0 0.0294118 0.0147059 0.0882353 0.205882 0.147059 0.279412 0.132353 0.0882353 0.0147059 0 0 0 0 0 

2240 2212 1602 89 0 0.723327 0 0 0 0 0 0 0 0 0 0 0 0 0 0 0 0 0 0 0.0289855 0.0144928 0.0434783 0.057971 0.202899 0.188406 0.231884 0.15942 0.0289855 0.0434783 0 0 0 0 0 

2240 2213 1602 97 0 0.723 0 0 0 0 0 0 0 0 0 0 0 0 0 0 0 0 0 0 0.0144928 0 0.0434783 0.115942 0.15942 0.246377 0.217391 0.101449 0.0869565 0.0144928 0 0 0 0 0 

2240 2229 1603 99 0 0.717811 0 0 0 0 0 0 0 0 0 0 0 0 0 0 0 0 0 0.0144928 0.0144928 0 0.057971 0.115942 0.173913 0.217391 0.217391 0.130435 0.0434783 0.0144928 0 0 0 0 0 

2240 2218 1602 97 0 0.721371 0 0 0 0 0 0 0 0 0 0 0 0 0 0 0 0 0 0 0.0144928 0 0.0724638 0.0869565 0.246377 0.188406 0.130435 0.15942 0.0869565 0 0.0144928 0 0 0 0 

2272 2243 1602 98 0 0.71333 0 0 0 0 0 0 0 0 0 0 0 0 0 0 0 0 0 0 0.0142857 0.0285714 0.0714286 0.0714286 0.257143 0.185714 0.171429 0.157143 0.0142857 0.0285714 0 0 0 0 0 

2208 2180 1602 91 0 0.733945 0 0 0 0 0 0 0 0 0 0 0 0 0 0 0 0 0 0 0 0 0.0294118 0.0735294 0.191176 0.176471 0.235294 0.191176 0.102941 0 0 0 0 0 0 

