2176 2163 1602 88 0 0.739713 0 0 0 0 0 0 0 0 0 0 0 0 0 0 0 0 0 0 0 0 0.0149254 0.0746269 0.119403 0.223881 0.298507 0.179104 0.0746269 0.0149254 0 0 0 0 0 

2208 2200 1602 98 0 0.727273 0 0 0 0 0 0 0 0 0 0 0 0 0 0 0 0 0 0 0.0147059 0.0147059 0.0588235 0.0735294 0.132353 0.25 0.161765 0.264706 0.0147059 0.0147059 0 0 0 0 0 

2240 2218 1603 102 0 0.721371 0 0 0 0 0 0 0 0 0 0 0 0 0 0 0 0 0 0 0 0.0434783 0.0869565 0.057971 0.173913 0.188406 0.173913 0.188406 0.0869565 0 0 0 0 0 0 

2208 2193 1602 90 0 0.729594 0 0 0 0 0 0 0 0 0 0 0 0 0 0 0 0 0 0 0 0.0147059 0.0294118 0.102941 0.117647 0.264706 0.279412 0.102941 0.0588235 0.0294118 0 0 0 0 0 

2208 2190 1602 94 0 0.730594 0 0 0 0 0 0 0 0 0 0 0 0 0 0 0 0 0 0 0 0.0294118 0.0294118 0.117647 0.102941 0.147059 0.352941 0.147059 0.0441176 0.0294118 0 0 0 0 0 

2208 2182 1602 98 0 0.733272 0 0 0 0 0 0 0 0 0 0 0 0 0 0 0 0 0 0 0.0147059 0 0.0147059 0.0735294 0.176471 0.191176 0.279412 0.147059 0.0735294 0.0294118 0 0 0 0 0 

2208 2195 1602 85 0 0.728929 0 0 0 0 0 0 0 0 0 0 0 0 0 0 0 0 0 0 0 0.0147059 0.0588235 0.0588235 0.191176 0.161765 0.294118 0.132353 0.0882353 0 0 0 0 0 0 

2208 2199 1602 97 0 0.727603 0 0 0 0 0 0 0 0 0 0 0 0 0 0 0 0 0 0 0 0 0.0294118 0.0294118 0.25 0.25 0.279412 0.147059 0.0147059 0 0 0 0 0 0 

2208 2195 1602 87 0 0.728929 0 0 0 0 0 0 0 0 0 0 0 0 0 0 0 0 0 0 0 0.0147059 0.0588235 0.0441176 0.220588 0.161765 0.294118 0.102941 0.0882353 0.0147059 0 0 0 0 0 

2240 2213 1602 97 0 0.723 0 0 0 0 0 0 0 0 0 0 0 0 0 0 0 0 0 0 0 0.0289855 0.0434783 0.0434783 0.231884 0.202899 0.246377 0.15942 0.0289855 0.0144928 0 0 0 0 0 

