2208 2185 1602 92 0 0.732265 0 0 0 0 0 0 0 0 0 0 0 0 0 0 0 0 0 0 0 0.0294118 0.0294118 0.0147059 0.205882 0.191176 0.294118 0.147059 0.0735294 0.0147059 0 0 0 0 0 

2240 2214 1603 103 0 0.722674 0 0 0 0 0 0 0 0 0 0 0 0 0 0 0 0 0 0 0 0 0.0144928 0.130435 0.26087 0.217391 0.173913 0.101449 0.0724638 0.0289855 0 0 0 0 0 

2208 2192 1602 91 0 0.729927 0 0 0 0 0 0 0 0 0 0 0 0 0 0 0 0 0 0 0 0.0147059 0.0735294 0.0441176 0.0735294 0.308824 0.294118 0.102941 0.0882353 0 0 0 0 0 0 

2240 2211 1602 90 0 0.723654 0 0 0 0 0 0 0 0 0 0 0 0 0 0 0 0 0 0 0 0.0289855 0.0289855 0.130435 0.130435 0.26087 0.15942 0.173913 0.0869565 0 0 0 0 0 0 

2208 2182 1602 95 0 0.733272 0 0 0 0 0 0 0 0 0 0 0 0 0 0 0 0 0 0 0 0.0294118 0.0735294 0.0441176 0.0882353 0.279412 0.205882 0.132353 0.0735294 0.0735294 0 0 0 0 0 

2208 2201 1602 90 0 0.726942 0 0 0 0 0 0 0 0 0 0 0 0 0 0 0 0 0 0 0 0.0147059 0.0735294 0.132353 0.0735294 0.235294 0.235294 0.161765 0.0441176 0.0294118 0 0 0 0 0 

2240 2221 1602 92 0 0.720396 0 0 0 0 0 0 0 0 0 0 0 0 0 0 0 0 0 0.0144928 0 0.0144928 0.0724638 0.0724638 0.202899 0.173913 0.246377 0.15942 0.0144928 0.0144928 0.0144928 0 0 0 0 

2208 2181 1602 94 0 0.733608 0 0 0 0 0 0 0 0 0 0 0 0 0 0 0 0 0 0 0 0 0.0147059 0.0441176 0.132353 0.397059 0.25 0.0441176 0.0735294 0.0294118 0.0147059 0 0 0 0 

2208 2196 1602 91 0 0.728597 0 0 0 0 0 0 0 0 0 0 0 0 0 0 0 0 0 0 0 0 0.0735294 0.102941 0.191176 0.161765 0.176471 0.191176 0.0882353 0.0147059 0 0 0 0 0 

2208 2182 1602 97 0 0.733272 0 0 0 0 0 0 0 0 0 0 0 0 0 0 0 0 0 0 0 0.0147059 0.0294118 0.0735294 0.132353 0.235294 0.264706 0.147059 0.0735294 0.0294118 0 0 0 0 0 

