2240 2212 1602 95 0 0.723327 0 0 0 0 0 0 0 0 0 0 0 0 0 0 0 0 0 0 0.0144928 0 0.057971 0.130435 0.15942 0.202899 0.15942 0.173913 0.0869565 0.0144928 0 0 0 0 0 

2240 2215 1602 91 0 0.722348 0 0 0 0 0 0 0 0 0 0 0 0 0 0 0 0 0 0 0 0.0289855 0.0724638 0.0869565 0.0724638 0.318841 0.202899 0.15942 0.057971 0 0 0 0 0 0 

2208 2200 1601 86 0 0.727273 0 0 0 0 0 0 0 0 0 0 0 0 0 0 0 0 0 0 0 0 0.0735294 0.0441176 0.220588 0.220588 0.220588 0.147059 0.0735294 0 0 0 0 0 0 

2208 2179 1602 98 0 0.734282 0 0 0 0 0 0 0 0 0 0 0 0 0 0 0 0 0 0 0 0 0.0147059 0.102941 0.117647 0.25 0.279412 0.117647 0.102941 0.0147059 0 0 0 0 0 

2240 2216 1603 104 0 0.722022 0 0 0 0 0 0 0 0 0 0 0 0 0 0 0 0 0 0 0 0.0289855 0.0289855 0.130435 0.130435 0.231884 0.26087 0.144928 0.0144928 0.0289855 0 0 0 0 0 

2208 2192 1602 94 0 0.729927 0 0 0 0 0 0 0 0 0 0 0 0 0 0 0 0 0 0 0.0147059 0 0.0294118 0.0588235 0.176471 0.191176 0.352941 0.102941 0.0735294 0 0 0 0 0 0 

2240 2218 1602 96 0 0.721371 0 0 0 0 0 0 0 0 0 0 0 0 0 0 0 0 0 0.0144928 0.0144928 0 0.057971 0.057971 0.202899 0.202899 0.26087 0.101449 0.0869565 0 0 0 0 0 0 

2240 2226 1602 93 0 0.718778 0 0 0 0 0 0 0 0 0 0 0 0 0 0 0 0 0 0 0.0144928 0.0144928 0.057971 0.144928 0.173913 0.130435 0.289855 0.0869565 0.0869565 0 0 0 0 0 0 

2208 2189 1602 90 0 0.730927 0 0 0 0 0 0 0 0 0 0 0 0 0 0 0 0 0 0 0.0147059 0.0147059 0.0588235 0.0441176 0.132353 0.235294 0.25 0.147059 0.0735294 0.0147059 0.0147059 0 0 0 0 

2240 2214 1602 93 0 0.722674 0 0 0 0 0 0 0 0 0 0 0 0 0 0 0 0 0 0 0 0.0144928 0.0434783 0.0869565 0.173913 0.231884 0.275362 0.144928 0.0144928 0.0144928 0 0 0 0 0 

