2176 2159 1602 87 0 0.741084 0 0 0 0 0 0 0 0 0 0 0 0 0 0 0 0 0 0 0 0.0298507 0.0447761 0.0298507 0.119403 0.179104 0.253731 0.164179 0.179104 0 0 0 0 0 0 

2240 2211 1602 89 0 0.723654 0 0 0 0 0 0 0 0 0 0 0 0 0 0 0 0 0 0 0 0.0144928 0.0434783 0.0724638 0.188406 0.26087 0.217391 0.144928 0.0434783 0.0144928 0 0 0 0 0 

2208 2199 1602 94 0 0.727603 0 0 0 0 0 0 0 0 0 0 0 0 0 0 0 0 0 0 0 0.0294118 0.0735294 0.132353 0.0882353 0.176471 0.191176 0.220588 0.0735294 0.0147059 0 0 0 0 0 

2208 2187 1602 93 0 0.731596 0 0 0 0 0 0 0 0 0 0 0 0 0 0 0 0 0 0 0 0 0.0588235 0.0588235 0.176471 0.176471 0.25 0.220588 0.0588235 0 0 0 0 0 0 

2240 2212 1602 86 0 0.723327 0 0 0 0 0 0 0 0 0 0 0 0 0 0 0 0 0 0 0 0.0144928 0.057971 0.101449 0.202899 0.202899 0.188406 0.115942 0.101449 0 0.0144928 0 0 0 0 

2240 2214 1602 94 0 0.722674 0 0 0 0 0 0 0 0 0 0 0 0 0 0 0 0 0 0 0.0144928 0.0434783 0.0289855 0.130435 0.0724638 0.275362 0.188406 0.130435 0.115942 0 0 0 0 0 0 

2208 2201 1600 96 0 0.726942 0 0 0 0 0 0 0 0 0 0 0 0 0 0 0 0 0.0147059 0 0 0.0147059 0.0294118 0.0882353 0.117647 0.294118 0.235294 0.132353 0.0588235 0.0147059 0 0 0 0 0 

2208 2182 1602 95 0 0.733272 0 0 0 0 0 0 0 0 0 0 0 0 0 0 0 0 0 0 0.0147059 0 0.0147059 0.0735294 0.161765 0.235294 0.279412 0.0735294 0.117647 0.0294118 0 0 0 0 0 

2240 2217 1602 97 0 0.721696 0 0 0 0 0 0 0 0 0 0 0 0 0 0 0 0 0 0 0 0.0144928 0.130435 0.0434783 0.173913 0.15942 0.246377 0.173913 0.0289855 0.0289855 0 0 0 0 0 

2272 2247 1603 101 0 0.712061 0 0 0 0 0 0 0 0 0 0 0 0 0 0 0 0 0 0.0142857 0 0.0428571 0.114286 0.0714286 0.128571 0.242857 0.142857 0.2 0.0428571 0 0 0 0 0 0 

