2240 2229 1600 98 0 0.717811 0 0 0 0 0 0 0 0 0 0 0 0 0 0 0 0 0 0 0 0.0144928 0.057971 0.115942 0.231884 0.15942 0.304348 0.0434783 0.0724638 0 0 0 0 0 0 

2176 2166 1602 84 0 0.738689 0 0 0 0 0 0 0 0 0 0 0 0 0 0 0 0 0 0 0 0.0149254 0.0597015 0.0447761 0.104478 0.208955 0.298507 0.119403 0.119403 0.0298507 0 0 0 0 0 

2208 2193 1602 94 0 0.729594 0 0 0 0 0 0 0 0 0 0 0 0 0 0 0 0 0 0 0.0147059 0.0147059 0.0441176 0.102941 0.147059 0.176471 0.205882 0.191176 0.0882353 0 0.0147059 0 0 0 0 

2208 2191 1602 92 0 0.73026 0 0 0 0 0 0 0 0 0 0 0 0 0 0 0 0 0 0 0.0147059 0.0147059 0 0.0882353 0.191176 0.220588 0.235294 0.117647 0.102941 0.0147059 0 0 0 0 0 

2176 2166 1601 94 0 0.738689 0 0 0 0 0 0 0 0 0 0 0 0 0 0 0 0 0 0 0 0.0298507 0.0149254 0.0597015 0.164179 0.19403 0.208955 0.19403 0.104478 0.0298507 0 0 0 0 0 

2208 2198 1602 93 0 0.727934 0 0 0 0 0 0 0 0 0 0 0 0 0 0 0 0 0 0 0.0147059 0 0 0.0882353 0.235294 0.205882 0.264706 0.132353 0.0441176 0.0147059 0 0 0 0 0 

2240 2212 1602 84 0 0.723327 0 0 0 0 0 0 0 0 0 0 0 0 0 0 0 0 0 0 0 0.0144928 0 0.15942 0.130435 0.289855 0.188406 0.188406 0.0144928 0.0144928 0 0 0 0 0 

2208 2199 1603 103 0 0.727603 0 0 0 0 0 0 0 0 0 0 0 0 0 0 0 0 0 0.0147059 0.0147059 0.0147059 0.0294118 0.0441176 0.176471 0.25 0.235294 0.102941 0.102941 0.0147059 0 0 0 0 0 

2208 2190 1603 100 0 0.730594 0 0 0 0 0 0 0 0 0 0 0 0 0 0 0 0 0 0.0147059 0 0.0147059 0.0441176 0.0882353 0.117647 0.191176 0.205882 0.25 0.0588235 0.0147059 0 0 0 0 0 

2240 2212 1602 96 0 0.723327 0 0 0 0 0 0 0 0 0 0 0 0 0 0 0 0 0 0 0 0.0144928 0.0724638 0.0869565 0.217391 0.202899 0.130435 0.15942 0.0869565 0.0289855 0 0 0 0 0 

