2208 2183 1602 88 0 0.732936 0 0 0 0 0 0 0 0 0 0 0 0 0 0 0 0 0 0 0 0.0147059 0.0588235 0.0588235 0.0735294 0.264706 0.323529 0.0735294 0.117647 0.0147059 0 0 0 0 0 

2208 2201 1600 96 0 0.726942 0 0 0 0 0 0 0 0 0 0 0 0 0 0 0 0 0 0.0147059 0 0 0.0147059 0.0588235 0.25 0.235294 0.25 0.117647 0.0294118 0.0294118 0 0 0 0 0 

2272 2243 1602 97 0 0.71333 0 0 0 0 0 0 0 0 0 0 0 0 0 0 0 0 0 0.0142857 0.0142857 0.0142857 0.0714286 0.1 0.185714 0.171429 0.271429 0.114286 0.0142857 0.0285714 0 0 0 0 0 

2208 2191 1602 86 0 0.73026 0 0 0 0 0 0 0 0 0 0 0 0 0 0 0 0 0 0 0 0 0 0.161765 0.161765 0.25 0.117647 0.235294 0.0588235 0.0147059 0 0 0 0 0 

2240 2234 1601 93 0 0.716204 0 0 0 0 0 0 0 0 0 0 0 0 0 0 0 0 0 0 0.0144928 0.0144928 0.057971 0.130435 0.188406 0.231884 0.173913 0.144928 0.0434783 0 0 0 0 0 0 

2176 2156 1602 84 0 0.742115 0 0 0 0 0 0 0 0 0 0 0 0 0 0 0 0 0 0 0 0 0.0597015 0.0447761 0.0746269 0.238806 0.223881 0.268657 0.0447761 0.0447761 0 0 0 0 0 

2208 2193 1602 86 0 0.729594 0 0 0 0 0 0 0 0 0 0 0 0 0 0 0 0 0 0 0 0 0.0294118 0.132353 0.176471 0.191176 0.235294 0.117647 0.102941 0.0147059 0 0 0 0 0 

2208 2196 1602 97 0 0.728597 0 0 0 0 0 0 0 0 0 0 0 0 0 0 0 0 0 0 0 0 0.0882353 0.0588235 0.176471 0.220588 0.191176 0.161765 0.102941 0 0 0 0 0 0 

2208 2180 1602 87 0 0.733945 0 0 0 0 0 0 0 0 0 0 0 0 0 0 0 0 0 0 0 0 0 0.0735294 0.191176 0.235294 0.220588 0.220588 0.0588235 0 0 0 0 0 0 

2176 2167 1602 90 0 0.738348 0 0 0 0 0 0 0 0 0 0 0 0 0 0 0 0 0 0 0 0 0 0.0746269 0.104478 0.298507 0.253731 0.238806 0.0298507 0 0 0 0 0 0 

