2240 2220 1602 97 0 0.720721 0 0 0 0 0 0 0 0 0 0 0 0 0 0 0 0 0 0 0.0144928 0.0434783 0.057971 0.0724638 0.188406 0.231884 0.15942 0.0869565 0.115942 0.0289855 0 0 0 0 0 

2240 2232 1602 98 0 0.716846 0 0 0 0 0 0 0 0 0 0 0 0 0 0 0 0 0 0 0.0434783 0.0144928 0.057971 0.0724638 0.173913 0.26087 0.202899 0.101449 0.057971 0.0144928 0 0 0 0 0 

2272 2251 1602 95 0 0.710795 0 0 0 0 0 0 0 0 0 0 0 0 0 0 0 0 0 0 0.0142857 0.0571429 0.0857143 0.0571429 0.171429 0.242857 0.242857 0.0714286 0.0428571 0.0142857 0 0 0 0 0 

2208 2202 1600 91 0 0.726612 0 0 0 0 0 0 0 0 0 0 0 0 0 0 0 0 0 0 0 0.0147059 0.0588235 0.0882353 0.147059 0.205882 0.294118 0.147059 0.0294118 0.0147059 0 0 0 0 0 

2208 2183 1602 95 0 0.732936 0 0 0 0 0 0 0 0 0 0 0 0 0 0 0 0 0 0.0147059 0 0.0147059 0 0.0882353 0.117647 0.25 0.235294 0.205882 0.0441176 0.0294118 0 0 0 0 0 

2208 2196 1602 92 0 0.728597 0 0 0 0 0 0 0 0 0 0 0 0 0 0 0 0 0 0 0 0 0.0588235 0.132353 0.0735294 0.264706 0.205882 0.220588 0.0441176 0 0 0 0 0 0 

2240 2214 1602 92 0 0.722674 0 0 0 0 0 0 0 0 0 0 0 0 0 0 0 0 0 0 0.0144928 0.0144928 0.057971 0.0724638 0.188406 0.202899 0.188406 0.217391 0.0289855 0.0144928 0 0 0 0 0 

2208 2198 1602 87 0 0.727934 0 0 0 0 0 0 0 0 0 0 0 0 0 0 0 0 0 0 0 0 0.0294118 0.0882353 0.176471 0.264706 0.220588 0.205882 0.0147059 0 0 0 0 0 0 

2240 2217 1602 93 0 0.721696 0 0 0 0 0 0 0 0 0 0 0 0 0 0 0 0 0 0 0.0144928 0.0289855 0 0.101449 0.144928 0.275362 0.26087 0.15942 0.0144928 0 0 0 0 0 0 

2240 2211 1602 95 0 0.723654 0 0 0 0 0 0 0 0 0 0 0 0 0 0 0 0 0 0 0.0144928 0.0144928 0.0434783 0.0434783 0.173913 0.246377 0.289855 0.130435 0.0289855 0.0144928 0 0 0 0 0 

