2208 2203 1600 92 0 0.726282 0 0 0 0 0 0 0 0 0 0 0 0 0 0 0 0 0 0 0.0147059 0.0441176 0.0294118 0.0882353 0.147059 0.220588 0.205882 0.147059 0.0882353 0.0147059 0 0 0 0 0 

2240 2211 1602 94 0 0.723654 0 0 0 0 0 0 0 0 0 0 0 0 0 0 0 0 0 0 0.0144928 0 0.0434783 0.0869565 0.15942 0.246377 0.246377 0.144928 0.057971 0 0 0 0 0 0 

2208 2201 1602 93 0 0.726942 0 0 0 0 0 0 0 0 0 0 0 0 0 0 0 0 0 0 0 0.0147059 0.0147059 0.132353 0.147059 0.25 0.235294 0.161765 0.0294118 0.0147059 0 0 0 0 0 

2240 2221 1602 93 0 0.720396 0 0 0 0 0 0 0 0 0 0 0 0 0 0 0 0 0 0 0 0.0289855 0.057971 0.130435 0.188406 0.15942 0.202899 0.144928 0.0724638 0.0144928 0 0 0 0 0 

2208 2198 1602 98 0 0.727934 0 0 0 0 0 0 0 0 0 0 0 0 0 0 0 0 0 0 0 0.0147059 0.0882353 0.161765 0.0882353 0.102941 0.264706 0.176471 0.0735294 0.0147059 0.0147059 0 0 0 0 

2208 2184 1602 86 0 0.732601 0 0 0 0 0 0 0 0 0 0 0 0 0 0 0 0 0 0 0 0 0.0735294 0.0882353 0.147059 0.161765 0.191176 0.25 0.0588235 0.0294118 0 0 0 0 0 

2208 2185 1602 92 0 0.732265 0 0 0 0 0 0 0 0 0 0 0 0 0 0 0 0 0 0 0 0.0147059 0.0147059 0.0294118 0.220588 0.25 0.220588 0.161765 0.0882353 0 0 0 0 0 0 

2208 2198 1602 91 0 0.727934 0 0 0 0 0 0 0 0 0 0 0 0 0 0 0 0 0 0 0.0294118 0 0.0294118 0.0588235 0.147059 0.264706 0.294118 0.0882353 0.0882353 0 0 0 0 0 0 

2240 2222 1602 93 0 0.720072 0 0 0 0 0 0 0 0 0 0 0 0 0 0 0 0 0 0 0 0.057971 0.0144928 0.130435 0.217391 0.144928 0.188406 0.188406 0.0289855 0.0289855 0 0 0 0 0 

2208 2183 1602 97 0 0.732936 0 0 0 0 0 0 0 0 0 0 0 0 0 0 0 0 0 0 0.0147059 0 0.0147059 0.0441176 0.161765 0.25 0.279412 0.161765 0.0735294 0 0 0 0 0 0 

