2240 2235 1601 93 0 0.715884 0 0 0 0 0 0 0 0 0 0 0 0 0 0 0 0 0 0.0144928 0.0144928 0.0289855 0.0289855 0.101449 0.15942 0.26087 0.275362 0.0724638 0.0434783 0 0 0 0 0 0 

2208 2180 1602 95 0 0.733945 0 0 0 0 0 0 0 0 0 0 0 0 0 0 0 0 0 0 0 0 0.0588235 0.102941 0.102941 0.220588 0.220588 0.132353 0.147059 0.0147059 0 0 0 0 0 

2208 2196 1602 97 0 0.728597 0 0 0 0 0 0 0 0 0 0 0 0 0 0 0 0 0 0.0147059 0 0.0147059 0.0441176 0.0735294 0.176471 0.147059 0.264706 0.205882 0.0441176 0.0147059 0 0 0 0 0 

2208 2185 1602 97 0 0.732265 0 0 0 0 0 0 0 0 0 0 0 0 0 0 0 0 0 0 0.0147059 0.0147059 0.0147059 0.0882353 0.147059 0.235294 0.220588 0.117647 0.117647 0.0294118 0 0 0 0 0 

2208 2186 1602 94 0 0.73193 0 0 0 0 0 0 0 0 0 0 0 0 0 0 0 0 0 0 0.0147059 0 0.0441176 0.0735294 0.132353 0.220588 0.235294 0.176471 0.102941 0 0 0 0 0 0 

2240 2218 1603 99 0 0.721371 0 0 0 0 0 0 0 0 0 0 0 0 0 0 0 0 0 0 0 0 0.057971 0.0869565 0.217391 0.26087 0.217391 0.0724638 0.057971 0.0289855 0 0 0 0 0 

2176 2171 1602 100 0 0.736988 0 0 0 0 0 0 0 0 0 0 0 0 0 0 0 0 0 0 0 0 0.0447761 0.0447761 0.164179 0.223881 0.268657 0.134328 0.104478 0.0149254 0 0 0 0 0 

2208 2201 1600 92 0 0.726942 0 0 0 0 0 0 0 0 0 0 0 0 0 0 0 0 0 0 0.0147059 0 0.0735294 0.0735294 0.161765 0.205882 0.235294 0.161765 0.0588235 0.0147059 0 0 0 0 0 

2176 2172 1601 89 0 0.736648 0 0 0 0 0 0 0 0 0 0 0 0 0 0 0 0 0 0 0 0 0.0298507 0.0597015 0.119403 0.283582 0.283582 0.134328 0.0895522 0 0 0 0 0 0 

2208 2198 1602 96 0 0.727934 0 0 0 0 0 0 0 0 0 0 0 0 0 0 0 0 0 0 0.0147059 0.0588235 0.0441176 0.0588235 0.0735294 0.25 0.264706 0.132353 0.0882353 0 0.0147059 0 0 0 0 

