2208 2184 1602 98 0 0.732601 0 0 0 0 0 0 0 0 0 0 0 0 0 0 0 0 0 0 0.0147059 0 0.0147059 0.147059 0.0882353 0.161765 0.279412 0.220588 0.0735294 0 0 0 0 0 0 

2240 2211 1602 92 0 0.723654 0 0 0 0 0 0 0 0 0 0 0 0 0 0 0 0 0 0.0144928 0 0.0289855 0.0144928 0.101449 0.15942 0.231884 0.231884 0.115942 0.0869565 0.0144928 0 0 0 0 0 

2176 2161 1602 85 0 0.740398 0 0 0 0 0 0 0 0 0 0 0 0 0 0 0 0 0.0149254 0 0 0.0149254 0 0.0597015 0.104478 0.149254 0.402985 0.149254 0.0746269 0.0298507 0 0 0 0 0 

2240 2217 1603 99 0 0.721696 0 0 0 0 0 0 0 0 0 0 0 0 0 0 0 0 0 0 0 0.0144928 0.057971 0.115942 0.231884 0.173913 0.130435 0.188406 0.057971 0.0289855 0 0 0 0 0 

2208 2190 1602 95 0 0.730594 0 0 0 0 0 0 0 0 0 0 0 0 0 0 0 0 0 0.0147059 0 0 0.0294118 0.0735294 0.161765 0.235294 0.161765 0.294118 0.0294118 0 0 0 0 0 0 

2208 2195 1602 95 0 0.728929 0 0 0 0 0 0 0 0 0 0 0 0 0 0 0 0 0 0.0147059 0 0.0147059 0.0588235 0.0735294 0.147059 0.147059 0.294118 0.161765 0.0735294 0.0147059 0 0 0 0 0 

2208 2184 1602 94 0 0.732601 0 0 0 0 0 0 0 0 0 0 0 0 0 0 0 0 0 0 0 0 0.0588235 0.102941 0.117647 0.176471 0.279412 0.161765 0.0735294 0.0294118 0 0 0 0 0 

2208 2200 1600 97 0 0.727273 0 0 0 0 0 0 0 0 0 0 0 0 0 0 0 0 0 0 0.0147059 0 0.0441176 0.0588235 0.132353 0.294118 0.294118 0.132353 0.0147059 0.0147059 0 0 0 0 0 

2240 2228 1602 91 0 0.718133 0 0 0 0 0 0 0 0 0 0 0 0 0 0 0 0 0 0 0.0434783 0.0144928 0.0289855 0.101449 0.231884 0.188406 0.173913 0.130435 0.0724638 0 0.0144928 0 0 0 0 

2208 2192 1602 87 0 0.729927 0 0 0 0 0 0 0 0 0 0 0 0 0 0 0 0.0147059 0 0 0 0 0.0147059 0.0735294 0.191176 0.235294 0.220588 0.161765 0.0735294 0.0147059 0 0 0 0 0 

