2208 2184 1602 90 0 0.732601 0 0 0 0 0 0 0 0 0 0 0 0 0 0 0 0 0 0 0 0 0.0588235 0.0441176 0.147059 0.205882 0.294118 0.191176 0.0588235 0 0 0 0 0 0 

2208 2200 1601 91 0 0.727273 0 0 0 0 0 0 0 0 0 0 0 0 0 0 0 0 0 0 0.0147059 0.0147059 0.0147059 0.102941 0.220588 0.176471 0.220588 0.132353 0.0882353 0.0147059 0 0 0 0 0 

2208 2189 1602 89 0 0.730927 0 0 0 0 0 0 0 0 0 0 0 0 0 0 0 0 0 0 0.0147059 0.0441176 0.0294118 0.0588235 0.0441176 0.235294 0.338235 0.176471 0.0588235 0 0 0 0 0 0 

2176 2158 1602 95 0 0.741427 0 0 0 0 0 0 0 0 0 0 0 0 0 0 0 0 0 0 0.0149254 0 0.0149254 0.0298507 0.149254 0.238806 0.238806 0.179104 0.119403 0 0.0149254 0 0 0 0 

2208 2202 1600 87 0 0.726612 0 0 0 0 0 0 0 0 0 0 0 0 0 0 0 0 0 0 0 0.0441176 0 0.102941 0.176471 0.220588 0.25 0.161765 0.0147059 0.0294118 0 0 0 0 0 

2208 2190 1602 96 0 0.730594 0 0 0 0 0 0 0 0 0 0 0 0 0 0 0 0 0 0 0.0147059 0.0147059 0.0441176 0.0735294 0.0882353 0.279412 0.220588 0.161765 0.102941 0 0 0 0 0 0 

2240 2224 1602 95 0 0.719424 0 0 0 0 0 0 0 0 0 0 0 0 0 0 0 0 0 0 0 0.0144928 0.0434783 0.15942 0.188406 0.15942 0.231884 0.173913 0.0144928 0.0144928 0 0 0 0 0 

2272 2247 1603 108 0 0.712061 0 0 0 0 0 0 0 0 0 0 0 0 0 0 0 0 0 0 0.0142857 0.0285714 0.0571429 0.142857 0.157143 0.214286 0.2 0.157143 0.0285714 0 0 0 0 0 0 

2240 2234 1600 91 0 0.716204 0 0 0 0 0 0 0 0 0 0 0 0 0 0 0 0 0 0.0144928 0.0144928 0.0289855 0.057971 0.057971 0.217391 0.217391 0.217391 0.130435 0.0289855 0.0144928 0 0 0 0 0 

2208 2190 1602 92 0 0.730594 0 0 0 0 0 0 0 0 0 0 0 0 0 0 0 0 0 0 0.0147059 0.0294118 0.0147059 0.0882353 0.147059 0.205882 0.205882 0.205882 0.0588235 0.0294118 0 0 0 0 0 

