2240 2213 1602 88 0 0.723 0 0 0 0 0 0 0 0 0 0 0 0 0 0 0 0 0 0.0144928 0 0 0.0724638 0.0724638 0.202899 0.144928 0.275362 0.144928 0.057971 0.0144928 0 0 0 0 0 

2176 2158 1602 92 0 0.741427 0 0 0 0 0 0 0 0 0 0 0 0 0 0 0 0 0 0 0 0 0.0149254 0.0298507 0.223881 0.238806 0.119403 0.223881 0.134328 0.0149254 0 0 0 0 0 

2240 2225 1602 97 0 0.719101 0 0 0 0 0 0 0 0 0 0 0 0 0 0 0 0 0 0 0 0 0.115942 0.173913 0.115942 0.144928 0.188406 0.202899 0.0434783 0.0144928 0 0 0 0 0 

2208 2195 1602 87 0 0.728929 0 0 0 0 0 0 0 0 0 0 0 0 0 0 0 0 0 0 0 0.0147059 0.0588235 0.132353 0.147059 0.191176 0.191176 0.117647 0.102941 0.0294118 0.0147059 0 0 0 0 

2208 2184 1602 87 0 0.732601 0 0 0 0 0 0 0 0 0 0 0 0 0 0 0 0 0 0 0.0147059 0 0.0147059 0.0294118 0.191176 0.25 0.25 0.191176 0.0588235 0 0 0 0 0 0 

2240 2215 1602 92 0 0.722348 0 0 0 0 0 0 0 0 0 0 0 0 0 0 0 0 0 0 0 0.0434783 0.0434783 0.0724638 0.144928 0.275362 0.217391 0.115942 0.0869565 0 0 0 0 0 0 

2208 2191 1602 94 0 0.73026 0 0 0 0 0 0 0 0 0 0 0 0 0 0 0 0 0 0 0 0.0294118 0.0441176 0.0735294 0.191176 0.147059 0.235294 0.205882 0.0147059 0.0588235 0 0 0 0 0 

2208 2197 1602 95 0 0.728266 0 0 0 0 0 0 0 0 0 0 0 0 0 0 0 0 0 0 0 0 0.0147059 0.0735294 0.220588 0.264706 0.25 0.117647 0.0588235 0 0 0 0 0 0 

2208 2197 1602 87 0 0.728266 0 0 0 0 0 0 0 0 0 0 0 0 0 0 0 0 0 0 0 0.0147059 0.0147059 0.0882353 0.176471 0.205882 0.323529 0.147059 0.0294118 0 0 0 0 0 0 

2240 2220 1602 87 0 0.720721 0 0 0 0 0 0 0 0 0 0 0 0 0 0 0 0 0 0 0 0 0.0289855 0.101449 0.26087 0.246377 0.173913 0.144928 0.0434783 0 0 0 0 0 0 

