2240 2218 1602 93 0 0.721371 0 0 0 0 0 0 0 0 0 0 0 0 0 0 0 0 0 0 0.0144928 0.0144928 0.0434783 0.15942 0.130435 0.231884 0.173913 0.101449 0.115942 0.0144928 0 0 0 0 0 

2208 2180 1602 95 0 0.733945 0 0 0 0 0 0 0 0 0 0 0 0 0 0 0 0 0 0 0 0.0294118 0.0147059 0.102941 0.132353 0.220588 0.205882 0.161765 0.0882353 0.0147059 0.0294118 0 0 0 0 

2272 2244 1603 106 0 0.713012 0 0 0 0 0 0 0 0 0 0 0 0 0 0 0 0 0 0 0.0285714 0.0285714 0.0714286 0.0857143 0.1 0.314286 0.214286 0.128571 0.0142857 0 0.0142857 0 0 0 0 

2208 2199 1600 99 0 0.727603 0 0 0 0 0 0 0 0 0 0 0 0 0 0 0 0 0 0 0.0147059 0.0147059 0.0588235 0.102941 0.117647 0.205882 0.205882 0.205882 0.0441176 0.0294118 0 0 0 0 0 

2240 2218 1602 93 0 0.721371 0 0 0 0 0 0 0 0 0 0 0 0 0 0 0 0 0 0 0 0.0144928 0.0724638 0.0869565 0.144928 0.318841 0.173913 0.115942 0.0434783 0.0144928 0.0144928 0 0 0 0 

2208 2196 1602 97 0 0.728597 0 0 0 0 0 0 0 0 0 0 0 0 0 0 0 0 0 0 0.0147059 0 0.0588235 0.0882353 0.0735294 0.264706 0.279412 0.176471 0.0441176 0 0 0 0 0 0 

2208 2182 1602 95 0 0.733272 0 0 0 0 0 0 0 0 0 0 0 0 0 0 0 0 0 0 0 0.0147059 0.0147059 0.117647 0.117647 0.220588 0.25 0.147059 0.0882353 0.0294118 0 0 0 0 0 

2240 2223 1603 107 0 0.719748 0 0 0 0 0 0 0 0 0 0 0 0 0 0 0 0 0 0.0144928 0 0.0289855 0.0144928 0.115942 0.246377 0.188406 0.15942 0.144928 0.057971 0.0289855 0 0 0 0 0 

2208 2195 1602 95 0 0.728929 0 0 0 0 0 0 0 0 0 0 0 0 0 0 0 0 0 0 0.0147059 0 0.0294118 0.0588235 0.147059 0.323529 0.176471 0.220588 0.0294118 0 0 0 0 0 0 

2208 2182 1602 93 0 0.733272 0 0 0 0 0 0 0 0 0 0 0 0 0 0 0 0 0 0 0 0 0.0147059 0.0882353 0.191176 0.176471 0.279412 0.191176 0.0294118 0.0147059 0.0147059 0 0 0 0 

