2208 2195 1602 95 0 0.728929 0 0 0 0 0 0 0 0 0 0 0 0 0 0 0 0 0 0 0 0 0.0441176 0.0735294 0.220588 0.220588 0.176471 0.205882 0.0441176 0.0147059 0 0 0 0 0 

2240 2227 1602 96 0 0.718455 0 0 0 0 0 0 0 0 0 0 0 0 0 0 0 0 0.0144928 0.0144928 0.0144928 0.0289855 0.0434783 0.115942 0.130435 0.217391 0.202899 0.0869565 0.0869565 0.0434783 0 0 0 0 0 

2208 2202 1600 90 0 0.726612 0 0 0 0 0 0 0 0 0 0 0 0 0 0 0 0 0 0 0 0 0.0147059 0.161765 0.161765 0.25 0.220588 0.102941 0.0735294 0.0147059 0 0 0 0 0 

2208 2183 1602 95 0 0.732936 0 0 0 0 0 0 0 0 0 0 0 0 0 0 0 0 0 0 0 0.0147059 0.0294118 0.0441176 0.161765 0.279412 0.220588 0.147059 0.0882353 0 0.0147059 0 0 0 0 

2208 2182 1603 100 0 0.733272 0 0 0 0 0 0 0 0 0 0 0 0 0 0 0 0 0 0 0 0.0147059 0.0441176 0.102941 0.147059 0.117647 0.205882 0.279412 0.0882353 0 0 0 0 0 0 

2272 2249 1602 90 0 0.711427 0 0 0 0 0 0 0 0 0 0 0 0 0 0 0 0 0 0 0.0285714 0.0428571 0.0857143 0.128571 0.128571 0.185714 0.157143 0.171429 0.0714286 0 0 0 0 0 0 

2208 2200 1601 92 0 0.727273 0 0 0 0 0 0 0 0 0 0 0 0 0 0 0 0 0 0 0.0147059 0 0.0294118 0.0882353 0.220588 0.161765 0.279412 0.147059 0.0441176 0.0147059 0 0 0 0 0 

2208 2193 1603 104 0 0.729594 0 0 0 0 0 0 0 0 0 0 0 0 0 0 0 0 0 0 0 0.0147059 0.0441176 0.0882353 0.147059 0.205882 0.25 0.161765 0.0882353 0 0 0 0 0 0 

2208 2197 1602 96 0 0.728266 0 0 0 0 0 0 0 0 0 0 0 0 0 0 0 0 0 0 0 0.0147059 0.0441176 0.0735294 0.161765 0.308824 0.161765 0.132353 0.0882353 0.0147059 0 0 0 0 0 

2240 2216 1603 100 0 0.722022 0 0 0 0 0 0 0 0 0 0 0 0 0 0 0 0 0 0 0.0144928 0.0144928 0.0434783 0.144928 0.188406 0.15942 0.144928 0.188406 0.0869565 0 0.0144928 0 0 0 0 

