2208 2193 1602 92 0 0.729594 0 0 0 0 0 0 0 0 0 0 0 0 0 0 0 0 0 0 0 0 0.0588235 0.0588235 0.191176 0.279412 0.132353 0.191176 0.0735294 0.0147059 0 0 0 0 0 

2208 2196 1602 87 0 0.728597 0 0 0 0 0 0 0 0 0 0 0 0 0 0 0 0 0 0 0 0.0147059 0.0441176 0.0441176 0.205882 0.235294 0.205882 0.205882 0.0441176 0 0 0 0 0 0 

2240 2225 1603 102 0 0.719101 0 0 0 0 0 0 0 0 0 0 0 0 0 0 0 0 0 0 0 0.0289855 0.057971 0.0434783 0.217391 0.318841 0.130435 0.15942 0.0434783 0 0 0 0 0 0 

2208 2190 1602 91 0 0.730594 0 0 0 0 0 0 0 0 0 0 0 0 0 0 0 0 0 0 0 0.0147059 0 0.0882353 0.161765 0.220588 0.308824 0.176471 0.0294118 0 0 0 0 0 0 

2240 2232 1600 96 0 0.716846 0 0 0 0 0 0 0 0 0 0 0 0 0 0 0 0 0 0.0144928 0 0.0144928 0.115942 0.0869565 0.188406 0.15942 0.188406 0.15942 0.0724638 0 0 0 0 0 0 

2240 2218 1602 89 0 0.721371 0 0 0 0 0 0 0 0 0 0 0 0 0 0 0 0 0 0 0 0 0.0144928 0.173913 0.173913 0.217391 0.231884 0.15942 0.0289855 0 0 0 0 0 0 

2208 2197 1602 95 0 0.728266 0 0 0 0 0 0 0 0 0 0 0 0 0 0 0 0 0 0 0 0.0441176 0 0.0882353 0.205882 0.220588 0.176471 0.161765 0.102941 0 0 0 0 0 0 

2240 2225 1602 89 0 0.719101 0 0 0 0 0 0 0 0 0 0 0 0 0 0 0 0 0 0 0.0144928 0.0144928 0.0434783 0.101449 0.130435 0.231884 0.391304 0.0434783 0.0289855 0 0 0 0 0 0 

2208 2198 1601 80 0 0.727934 0 0 0 0 0 0 0 0 0 0 0 0 0 0 0 0 0 0.0147059 0 0.0147059 0.0147059 0.161765 0.147059 0.205882 0.161765 0.147059 0.102941 0.0294118 0 0 0 0 0 

2272 2243 1602 93 0 0.71333 0 0 0 0 0 0 0 0 0 0 0 0 0 0 0 0 0 0 0 0.0142857 0.0571429 0.128571 0.185714 0.257143 0.214286 0.128571 0.0142857 0 0 0 0 0 0 

