2240 2213 1602 98 0 0.723 0 0 0 0 0 0 0 0 0 0 0 0 0 0 0 0 0 0 0.0144928 0.0434783 0.0434783 0.173913 0.0724638 0.144928 0.231884 0.144928 0.101449 0.0289855 0 0 0 0 0 

2240 2230 1603 102 0 0.717489 0 0 0 0 0 0 0 0 0 0 0 0 0 0 0 0 0 0.0144928 0 0.0289855 0.0144928 0.144928 0.246377 0.202899 0.130435 0.101449 0.101449 0.0144928 0 0 0 0 0 

2240 2216 1602 96 0 0.722022 0 0 0 0 0 0 0 0 0 0 0 0 0 0 0 0 0 0.0144928 0.0144928 0.0434783 0.0144928 0.101449 0.130435 0.188406 0.275362 0.144928 0.0434783 0.0289855 0 0 0 0 0 

2208 2199 1601 93 0 0.727603 0 0 0 0 0 0 0 0 0 0 0 0 0 0 0 0 0 0 0 0.0294118 0.0588235 0.0588235 0.147059 0.235294 0.235294 0.161765 0.0735294 0 0 0 0 0 0 

2208 2196 1602 87 0 0.728597 0 0 0 0 0 0 0 0 0 0 0 0 0 0 0 0 0 0 0.0147059 0.0147059 0.0294118 0.0735294 0.161765 0.235294 0.205882 0.220588 0.0294118 0.0147059 0 0 0 0 0 

2272 2244 1602 93 0 0.713012 0 0 0 0 0 0 0 0 0 0 0 0 0 0 0 0 0 0 0.0142857 0.0571429 0.0285714 0.142857 0.171429 0.142857 0.285714 0.1 0.0428571 0.0142857 0 0 0 0 0 

2208 2199 1601 83 0 0.727603 0 0 0 0 0 0 0 0 0 0 0 0 0 0 0 0 0 0 0 0.0441176 0.0294118 0.0294118 0.220588 0.191176 0.308824 0.0882353 0.0735294 0.0147059 0 0 0 0 0 

2240 2212 1603 107 0 0.723327 0 0 0 0 0 0 0 0 0 0 0 0 0 0 0 0 0 0 0 0 0.0724638 0.144928 0.057971 0.275362 0.202899 0.202899 0.0434783 0 0 0 0 0 0 

2208 2183 1602 87 0 0.732936 0 0 0 0 0 0 0 0 0 0 0 0 0 0 0 0 0 0 0 0.0294118 0.0441176 0.0294118 0.147059 0.205882 0.308824 0.117647 0.102941 0.0147059 0 0 0 0 0 

2240 2215 1602 93 0 0.722348 0 0 0 0 0 0 0 0 0 0 0 0 0 0 0 0 0 0 0 0 0.0434783 0.130435 0.275362 0.130435 0.188406 0.115942 0.101449 0.0144928 0 0 0 0 0 

