2208 2186 1602 92 0 0.73193 0 0 0 0 0 0 0 0 0 0 0 0 0 0 0 0 0.0147059 0 0 0.0147059 0 0.0735294 0.147059 0.205882 0.279412 0.220588 0.0294118 0.0147059 0 0 0 0 0 

2176 2157 1602 98 0 0.741771 0 0 0 0 0 0 0 0 0 0 0 0 0 0 0 0 0 0 0 0 0.0149254 0.0597015 0.179104 0.164179 0.238806 0.223881 0.104478 0.0149254 0 0 0 0 0 

2240 2211 1602 93 0 0.723654 0 0 0 0 0 0 0 0 0 0 0 0 0 0 0 0 0 0 0.0144928 0.0289855 0.0434783 0.115942 0.115942 0.173913 0.246377 0.188406 0.0724638 0 0 0 0 0 0 

2240 2226 1602 98 0 0.718778 0 0 0 0 0 0 0 0 0 0 0 0 0 0 0 0 0 0 0 0.0434783 0.057971 0.101449 0.217391 0.144928 0.217391 0.144928 0.0724638 0 0 0 0 0 0 

2208 2190 1602 87 0 0.730594 0 0 0 0 0 0 0 0 0 0 0 0 0 0 0 0 0 0 0 0.0147059 0.0294118 0.132353 0.132353 0.205882 0.220588 0.147059 0.0882353 0.0294118 0 0 0 0 0 

2240 2219 1602 94 0 0.721045 0 0 0 0 0 0 0 0 0 0 0 0 0 0 0 0 0 0 0 0.0289855 0.0434783 0.057971 0.246377 0.202899 0.26087 0.0869565 0.057971 0.0144928 0 0 0 0 0 

2208 2182 1602 93 0 0.733272 0 0 0 0 0 0 0 0 0 0 0 0 0 0 0 0 0 0 0 0.0147059 0.0441176 0.0735294 0.117647 0.191176 0.308824 0.176471 0.0294118 0.0441176 0 0 0 0 0 

2240 2219 1603 99 0 0.721045 0 0 0 0 0 0 0 0 0 0 0 0 0 0 0 0 0 0 0 0.057971 0.0724638 0.0724638 0.130435 0.202899 0.217391 0.173913 0.057971 0.0144928 0 0 0 0 0 

2240 2220 1602 97 0 0.720721 0 0 0 0 0 0 0 0 0 0 0 0 0 0 0 0 0 0 0.0434783 0.0144928 0.0724638 0.0724638 0.0724638 0.275362 0.188406 0.231884 0.0144928 0.0144928 0 0 0 0 0 

2208 2186 1602 85 0 0.73193 0 0 0 0 0 0 0 0 0 0 0 0 0 0 0 0 0 0 0 0 0.0294118 0.0735294 0.102941 0.352941 0.220588 0.132353 0.0882353 0 0 0 0 0 0 

