2176 2164 1602 92 0 0.739372 0 0 0 0 0 0 0 0 0 0 0 0 0 0 0 0 0 0 0 0.0149254 0 0.104478 0.119403 0.208955 0.238806 0.208955 0.0895522 0 0.0149254 0 0 0 0 

2240 2212 1602 86 0 0.723327 0 0 0 0 0 0 0 0 0 0 0 0 0 0 0 0 0 0 0 0 0.0289855 0.0869565 0.289855 0.115942 0.333333 0.0724638 0.057971 0.0144928 0 0 0 0 0 

2240 2219 1602 96 0 0.721045 0 0 0 0 0 0 0 0 0 0 0 0 0 0 0 0 0 0 0.0144928 0.0289855 0.057971 0.0869565 0.202899 0.202899 0.130435 0.15942 0.115942 0 0 0 0 0 0 

2272 2245 1602 91 0 0.712695 0 0 0 0 0 0 0 0 0 0 0 0 0 0 0 0 0 0 0 0 0.114286 0.157143 0.128571 0.228571 0.214286 0.114286 0.0142857 0.0285714 0 0 0 0 0 

2208 2196 1602 93 0 0.728597 0 0 0 0 0 0 0 0 0 0 0 0 0 0 0 0 0 0 0.0147059 0 0.0735294 0.0294118 0.132353 0.279412 0.235294 0.205882 0.0147059 0.0147059 0 0 0 0 0 

2208 2185 1602 97 0 0.732265 0 0 0 0 0 0 0 0 0 0 0 0 0 0 0 0 0 0.0147059 0 0.0147059 0.0294118 0.0147059 0.205882 0.220588 0.264706 0.117647 0.0882353 0.0147059 0.0147059 0 0 0 0 

2208 2179 1602 90 0 0.734282 0 0 0 0 0 0 0 0 0 0 0 0 0 0 0 0 0 0 0 0.0147059 0.0147059 0.117647 0.0882353 0.294118 0.176471 0.161765 0.0882353 0.0441176 0 0 0 0 0 

2208 2201 1602 90 0 0.726942 0 0 0 0 0 0 0 0 0 0 0 0 0 0 0 0 0 0 0 0.0294118 0.0294118 0.102941 0.161765 0.220588 0.205882 0.205882 0.0294118 0.0147059 0 0 0 0 0 

2208 2202 1600 88 0 0.726612 0 0 0 0 0 0 0 0 0 0 0 0 0 0 0 0 0 0 0 0 0.0294118 0.102941 0.264706 0.176471 0.205882 0.161765 0.0441176 0 0.0147059 0 0 0 0 

2208 2191 1603 101 0 0.73026 0 0 0 0 0 0 0 0 0 0 0 0 0 0 0 0 0 0 0 0.0147059 0.0294118 0.0294118 0.191176 0.294118 0.191176 0.191176 0.0588235 0 0 0 0 0 0 

