2208 2189 1602 92 0 0.730927 0 0 0 0 0 0 0 0 0 0 0 0 0 0 0 0 0 0.0147059 0 0 0.0294118 0.102941 0.161765 0.205882 0.25 0.0882353 0.102941 0.0441176 0 0 0 0 0 

2240 2212 1603 101 0 0.723327 0 0 0 0 0 0 0 0 0 0 0 0 0 0 0 0 0 0 0.0144928 0.0144928 0.0289855 0.130435 0.115942 0.26087 0.246377 0.057971 0.115942 0.0144928 0 0 0 0 0 

2240 2215 1602 96 0 0.722348 0 0 0 0 0 0 0 0 0 0 0 0 0 0 0 0 0 0 0 0.0144928 0.0434783 0.130435 0.173913 0.217391 0.15942 0.202899 0.057971 0 0 0 0 0 0 

2176 2157 1602 85 0 0.741771 0 0 0 0 0 0 0 0 0 0 0 0 0 0 0 0 0 0 0.0149254 0 0.0298507 0.0298507 0.119403 0.223881 0.268657 0.19403 0.0895522 0.0149254 0.0149254 0 0 0 0 

2208 2193 1602 98 0 0.729594 0 0 0 0 0 0 0 0 0 0 0 0 0 0 0 0 0 0 0 0.0147059 0.0147059 0.0735294 0.147059 0.367647 0.147059 0.147059 0.0882353 0 0 0 0 0 0 

2208 2191 1602 95 0 0.73026 0 0 0 0 0 0 0 0 0 0 0 0 0 0 0 0 0 0.0147059 0 0 0.0147059 0.176471 0.0882353 0.191176 0.264706 0.132353 0.0882353 0.0294118 0 0 0 0 0 

2176 2168 1601 91 0 0.738007 0 0 0 0 0 0 0 0 0 0 0 0 0 0 0 0 0 0 0 0.0149254 0.0447761 0.0597015 0.164179 0.164179 0.253731 0.179104 0.0746269 0.0298507 0.0149254 0 0 0 0 

2176 2159 1602 89 0 0.741084 0 0 0 0 0 0 0 0 0 0 0 0 0 0 0 0 0 0 0 0 0.0149254 0.0597015 0.149254 0.223881 0.208955 0.253731 0.0746269 0.0149254 0 0 0 0 0 

2208 2186 1602 89 0 0.73193 0 0 0 0 0 0 0 0 0 0 0 0 0 0 0 0 0 0 0 0.0147059 0.0294118 0.0294118 0.205882 0.235294 0.264706 0.117647 0.0882353 0.0147059 0 0 0 0 0 

2240 2220 1603 99 0 0.720721 0 0 0 0 0 0 0 0 0 0 0 0 0 0 0 0 0 0 0.0144928 0.0144928 0.0869565 0.0724638 0.15942 0.173913 0.289855 0.130435 0.0289855 0.0289855 0 0 0 0 0 

