2208 2192 1602 95 0 0.729927 0 0 0 0 0 0 0 0 0 0 0 0 0 0 0 0 0 0 0 0 0.0735294 0.102941 0.0735294 0.235294 0.294118 0.161765 0.0294118 0.0294118 0 0 0 0 0 

2208 2183 1602 89 0 0.732936 0 0 0 0 0 0 0 0 0 0 0 0 0 0 0 0 0 0 0 0.0294118 0 0.132353 0.0735294 0.205882 0.279412 0.205882 0.0735294 0 0 0 0 0 0 

2240 2230 1602 95 0 0.717489 0 0 0 0 0 0 0 0 0 0 0 0 0 0 0 0 0 0.0144928 0 0.0434783 0.0289855 0.101449 0.202899 0.188406 0.246377 0.130435 0.0289855 0.0144928 0 0 0 0 0 

2240 2215 1603 99 0 0.722348 0 0 0 0 0 0 0 0 0 0 0 0 0 0 0 0 0 0 0 0 0.057971 0.101449 0.188406 0.231884 0.246377 0.101449 0.057971 0 0.0144928 0 0 0 0 

2176 2160 1602 87 0 0.740741 0 0 0 0 0 0 0 0 0 0 0 0 0 0 0 0 0 0 0 0 0.0149254 0.0746269 0.149254 0.164179 0.268657 0.238806 0.0895522 0 0 0 0 0 0 

2240 2217 1603 102 0 0.721696 0 0 0 0 0 0 0 0 0 0 0 0 0 0 0 0 0 0 0 0.0144928 0.0434783 0.0869565 0.188406 0.231884 0.275362 0.101449 0.057971 0 0 0 0 0 0 

2240 2214 1602 98 0 0.722674 0 0 0 0 0 0 0 0 0 0 0 0 0 0 0 0 0 0 0.0144928 0 0.0434783 0.0869565 0.173913 0.217391 0.26087 0.188406 0.0144928 0 0 0 0 0 0 

2208 2204 1601 101 0 0.725953 0 0 0 0 0 0 0 0 0 0 0 0 0 0 0 0 0 0 0 0 0.0294118 0.117647 0.235294 0.220588 0.176471 0.132353 0.0735294 0.0147059 0 0 0 0 0 

2240 2212 1603 107 0 0.723327 0 0 0 0 0 0 0 0 0 0 0 0 0 0 0 0 0 0 0 0 0.0289855 0.057971 0.289855 0.202899 0.246377 0.115942 0.0434783 0.0144928 0 0 0 0 0 

2208 2185 1602 88 0 0.732265 0 0 0 0 0 0 0 0 0 0 0 0 0 0 0 0 0.0147059 0 0 0.0147059 0 0.0735294 0.117647 0.205882 0.338235 0.191176 0.0441176 0 0 0 0 0 0 

