2240 2216 1602 95 0 0.722022 0 0 0 0 0 0 0 0 0 0 0 0 0 0 0 0 0 0 0.0144928 0.0144928 0.0144928 0.0869565 0.26087 0.144928 0.275362 0.130435 0.057971 0 0 0 0 0 0 

2208 2189 1602 92 0 0.730927 0 0 0 0 0 0 0 0 0 0 0 0 0 0 0 0 0 0 0 0.0147059 0.0147059 0.117647 0.147059 0.205882 0.235294 0.176471 0.0882353 0 0 0 0 0 0 

2208 2186 1602 98 0 0.73193 0 0 0 0 0 0 0 0 0 0 0 0 0 0 0 0 0 0 0.0147059 0.0294118 0.0294118 0.0735294 0.102941 0.235294 0.205882 0.191176 0.117647 0 0 0 0 0 0 

2176 2164 1602 95 0 0.739372 0 0 0 0 0 0 0 0 0 0 0 0 0 0 0 0 0 0 0.0149254 0.0149254 0.0149254 0.0447761 0.149254 0.283582 0.164179 0.164179 0.0895522 0.0447761 0 0.0149254 0 0 0 

2240 2232 1602 88 0 0.716846 0 0 0 0 0 0 0 0 0 0 0 0 0 0 0 0 0 0 0.0144928 0.0289855 0.0289855 0.130435 0.188406 0.289855 0.115942 0.144928 0.0434783 0.0144928 0 0 0 0 0 

2208 2193 1602 94 0 0.729594 0 0 0 0 0 0 0 0 0 0 0 0 0 0 0 0 0 0 0 0 0.0441176 0.0735294 0.191176 0.191176 0.308824 0.132353 0.0294118 0.0294118 0 0 0 0 0 

2240 2223 1603 99 0 0.719748 0 0 0 0 0 0 0 0 0 0 0 0 0 0 0 0 0 0 0 0.0434783 0.0289855 0.101449 0.188406 0.246377 0.202899 0.115942 0.057971 0.0144928 0 0 0 0 0 

2208 2192 1602 94 0 0.729927 0 0 0 0 0 0 0 0 0 0 0 0 0 0 0 0 0 0 0 0 0.0294118 0.0882353 0.205882 0.191176 0.294118 0.102941 0.0735294 0 0.0147059 0 0 0 0 

2240 2224 1602 96 0 0.719424 0 0 0 0 0 0 0 0 0 0 0 0 0 0 0 0 0 0 0 0 0 0.173913 0.173913 0.304348 0.231884 0.101449 0 0 0.0144928 0 0 0 0 

2208 2197 1602 85 0 0.728266 0 0 0 0 0 0 0 0 0 0 0 0 0 0 0 0 0 0 0 0 0.0588235 0.0882353 0.205882 0.220588 0.176471 0.132353 0.102941 0.0147059 0 0 0 0 0 

