2208 2194 1602 96 0 0.729262 0 0 0 0 0 0 0 0 0 0 0 0 0 0 0 0 0 0 0 0 0.0294118 0.117647 0.117647 0.25 0.279412 0.161765 0.0441176 0 0 0 0 0 0 

2240 2216 1602 93 0 0.722022 0 0 0 0 0 0 0 0 0 0 0 0 0 0 0 0 0 0 0 0 0.0869565 0.101449 0.144928 0.246377 0.202899 0.144928 0.0724638 0 0 0 0 0 0 

2208 2193 1603 102 0 0.729594 0 0 0 0 0 0 0 0 0 0 0 0 0 0 0 0 0 0 0 0.0294118 0.0735294 0.0735294 0.117647 0.220588 0.176471 0.205882 0.0882353 0 0.0147059 0 0 0 0 

2208 2197 1602 93 0 0.728266 0 0 0 0 0 0 0 0 0 0 0 0 0 0 0 0 0 0 0 0.0441176 0.0441176 0.102941 0.161765 0.102941 0.308824 0.132353 0.0735294 0.0147059 0.0147059 0 0 0 0 

2208 2180 1602 98 0 0.733945 0 0 0 0 0 0 0 0 0 0 0 0 0 0 0 0 0 0 0 0.0147059 0.0147059 0.0882353 0.161765 0.25 0.176471 0.161765 0.0882353 0.0441176 0 0 0 0 0 

2272 2246 1603 99 0 0.712378 0 0 0 0 0 0 0 0 0 0 0 0 0 0 0 0 0 0 0 0.0571429 0.0428571 0.1 0.228571 0.142857 0.3 0.0857143 0.0428571 0 0 0 0 0 0 

2208 2193 1602 98 0 0.729594 0 0 0 0 0 0 0 0 0 0 0 0 0 0 0 0 0 0 0.0147059 0.0441176 0.0294118 0.0588235 0.117647 0.25 0.235294 0.117647 0.117647 0.0147059 0 0 0 0 0 

2208 2192 1602 89 0 0.729927 0 0 0 0 0 0 0 0 0 0 0 0 0 0 0 0 0.0147059 0 0 0.0441176 0.0294118 0.0588235 0.161765 0.191176 0.191176 0.191176 0.0735294 0.0441176 0 0 0 0 0 

2208 2188 1602 91 0 0.731261 0 0 0 0 0 0 0 0 0 0 0 0 0 0 0 0 0 0 0.0147059 0 0.0147059 0.0588235 0.176471 0.25 0.25 0.176471 0.0441176 0.0147059 0 0 0 0 0 

2272 2248 1602 95 0 0.711744 0 0 0 0 0 0 0 0 0 0 0 0 0 0 0 0 0 0 0 0.0285714 0.0714286 0.157143 0.171429 0.214286 0.214286 0.0714286 0.0571429 0.0142857 0 0 0 0 0 

