2176 2165 1602 93 0 0.73903 0 0 0 0 0 0 0 0 0 0 0 0 0 0 0 0 0 0 0 0 0.0298507 0.0597015 0.134328 0.238806 0.253731 0.179104 0.0895522 0.0149254 0 0 0 0 0 

2208 2191 1602 88 0 0.73026 0 0 0 0 0 0 0 0 0 0 0 0 0 0 0 0 0 0 0 0.0147059 0.0441176 0.0588235 0.117647 0.308824 0.205882 0.220588 0.0147059 0 0.0147059 0 0 0 0 

2176 2161 1602 91 0 0.740398 0 0 0 0 0 0 0 0 0 0 0 0 0 0 0 0 0 0 0 0 0.0298507 0.0597015 0.149254 0.164179 0.283582 0.223881 0.0746269 0.0149254 0 0 0 0 0 

2208 2187 1602 88 0 0.731596 0 0 0 0 0 0 0 0 0 0 0 0 0 0 0 0 0 0 0 0 0.0588235 0.117647 0.147059 0.191176 0.176471 0.176471 0.102941 0.0294118 0 0 0 0 0 

2240 2229 1603 100 0 0.717811 0 0 0 0 0 0 0 0 0 0 0 0 0 0 0 0 0 0 0.0144928 0.0434783 0.0434783 0.0434783 0.15942 0.376812 0.188406 0.057971 0.0434783 0.0289855 0 0 0 0 0 

2272 2253 1602 97 0 0.710164 0 0 0 0 0 0 0 0 0 0 0 0 0 0 0 0 0 0 0.0142857 0.0714286 0.0571429 0.1 0.185714 0.171429 0.242857 0.114286 0.0285714 0.0142857 0 0 0 0 0 

2208 2192 1602 96 0 0.729927 0 0 0 0 0 0 0 0 0 0 0 0 0 0 0 0 0 0 0 0.0147059 0.0294118 0.0294118 0.161765 0.308824 0.279412 0.117647 0.0588235 0 0 0 0 0 0 

2240 2218 1602 93 0 0.721371 0 0 0 0 0 0 0 0 0 0 0 0 0 0 0 0 0 0 0 0.0144928 0.0724638 0.144928 0.130435 0.231884 0.202899 0.115942 0.0434783 0.0144928 0.0289855 0 0 0 0 

2208 2190 1602 96 0 0.730594 0 0 0 0 0 0 0 0 0 0 0 0 0 0 0 0 0 0 0 0 0.0147059 0.102941 0.205882 0.176471 0.294118 0.117647 0.0735294 0.0147059 0 0 0 0 0 

2208 2198 1602 90 0 0.727934 0 0 0 0 0 0 0 0 0 0 0 0 0 0 0 0 0 0 0.0147059 0.0147059 0 0.0294118 0.205882 0.352941 0.205882 0.117647 0.0441176 0.0147059 0 0 0 0 0 

