2208 2192 1602 90 0 0.729927 0 0 0 0 0 0 0 0 0 0 0 0 0 0 0 0 0 0 0.0147059 0 0.0441176 0.0882353 0.161765 0.191176 0.25 0.147059 0.0882353 0.0147059 0 0 0 0 0 

2272 2245 1603 104 0 0.712695 0 0 0 0 0 0 0 0 0 0 0 0 0 0 0 0 0 0 0.0142857 0.0285714 0.0857143 0.114286 0.157143 0.214286 0.2 0.114286 0.0571429 0.0142857 0 0 0 0 0 

2240 2223 1603 99 0 0.719748 0 0 0 0 0 0 0 0 0 0 0 0 0 0 0 0 0 0.0289855 0 0.057971 0.057971 0.0144928 0.188406 0.202899 0.202899 0.173913 0.0434783 0.0144928 0.0144928 0 0 0 0 

2176 2166 1600 82 0 0.738689 0 0 0 0 0 0 0 0 0 0 0 0 0 0 0 0 0 0 0 0 0.0149254 0.104478 0.134328 0.19403 0.283582 0.149254 0.0895522 0.0298507 0 0 0 0 0 

2176 2164 1602 85 0 0.739372 0 0 0 0 0 0 0 0 0 0 0 0 0 0 0 0 0 0 0 0 0.0149254 0.119403 0.134328 0.149254 0.268657 0.179104 0.134328 0 0 0 0 0 0 

2240 2215 1603 102 0 0.722348 0 0 0 0 0 0 0 0 0 0 0 0 0 0 0 0 0 0 0 0.0144928 0.0144928 0.115942 0.188406 0.26087 0.246377 0.0724638 0.0869565 0 0 0 0 0 0 

2240 2234 1600 91 0 0.716204 0 0 0 0 0 0 0 0 0 0 0 0 0 0 0 0 0 0 0 0.0289855 0.0434783 0.144928 0.202899 0.246377 0.15942 0.115942 0.0434783 0.0144928 0 0 0 0 0 

2208 2194 1602 98 0 0.729262 0 0 0 0 0 0 0 0 0 0 0 0 0 0 0 0 0 0 0 0 0.0588235 0.0735294 0.132353 0.323529 0.191176 0.117647 0.0882353 0.0147059 0 0 0 0 0 

2240 2228 1602 94 0 0.718133 0 0 0 0 0 0 0 0 0 0 0 0 0 0 0 0 0 0 0 0 0.0724638 0.15942 0.130435 0.26087 0.217391 0.115942 0.0289855 0.0144928 0 0 0 0 0 

2240 2213 1602 93 0 0.723 0 0 0 0 0 0 0 0 0 0 0 0 0 0 0 0 0 0 0 0 0.0869565 0.144928 0.130435 0.144928 0.26087 0.15942 0.0434783 0.0289855 0 0 0 0 0 

