2208 2190 1602 90 0 0.730594 0 0 0 0 0 0 0 0 0 0 0 0 0 0 0 0 0 0 0.0147059 0.0147059 0.0294118 0.0588235 0.161765 0.220588 0.205882 0.235294 0.0588235 0 0 0 0 0 0 

2240 2216 1603 100 0 0.722022 0 0 0 0 0 0 0 0 0 0 0 0 0 0 0 0 0 0.0144928 0 0 0.057971 0.130435 0.057971 0.304348 0.246377 0.115942 0.0724638 0 0 0 0 0 0 

2208 2194 1602 93 0 0.729262 0 0 0 0 0 0 0 0 0 0 0 0 0 0 0 0 0.0147059 0 0 0 0.0294118 0.117647 0.132353 0.25 0.191176 0.132353 0.132353 0 0 0 0 0 0 

2208 2199 1602 85 0 0.727603 0 0 0 0 0 0 0 0 0 0 0 0 0 0 0 0 0 0 0.0147059 0.0294118 0.0441176 0.117647 0.117647 0.176471 0.235294 0.161765 0.0882353 0 0.0147059 0 0 0 0 

2240 2211 1602 93 0 0.723654 0 0 0 0 0 0 0 0 0 0 0 0 0 0 0 0 0 0 0.0144928 0 0.057971 0.057971 0.15942 0.275362 0.246377 0.115942 0.0724638 0 0 0 0 0 0 

2208 2184 1603 99 0 0.732601 0 0 0 0 0 0 0 0 0 0 0 0 0 0 0 0 0 0 0 0 0.0147059 0.0882353 0.161765 0.279412 0.147059 0.25 0.0441176 0.0147059 0 0 0 0 0 

2208 2198 1602 97 0 0.727934 0 0 0 0 0 0 0 0 0 0 0 0 0 0 0 0 0 0 0.0147059 0.0294118 0.0588235 0.102941 0.0735294 0.205882 0.220588 0.235294 0.0441176 0.0147059 0 0 0 0 0 

2208 2193 1602 90 0 0.729594 0 0 0 0 0 0 0 0 0 0 0 0 0 0 0 0 0 0 0 0 0.0441176 0.102941 0.161765 0.220588 0.25 0.117647 0.0882353 0.0147059 0 0 0 0 0 

2208 2195 1602 96 0 0.728929 0 0 0 0 0 0 0 0 0 0 0 0 0 0 0 0 0 0 0 0.0147059 0.0147059 0.117647 0.117647 0.294118 0.220588 0.147059 0.0735294 0 0 0 0 0 0 

2240 2225 1602 98 0 0.719101 0 0 0 0 0 0 0 0 0 0 0 0 0 0 0 0 0 0.0144928 0 0.0434783 0 0.15942 0.15942 0.202899 0.246377 0.0869565 0.0724638 0 0.0144928 0 0 0 0 

