2208 2180 1602 90 0 0.733945 0 0 0 0 0 0 0 0 0 0 0 0 0 0 0 0 0 0 0 0 0.0441176 0.117647 0.102941 0.235294 0.191176 0.191176 0.0735294 0.0441176 0 0 0 0 0 

2208 2192 1603 100 0 0.729927 0 0 0 0 0 0 0 0 0 0 0 0 0 0 0 0 0 0 0 0.0147059 0.0294118 0.0441176 0.235294 0.205882 0.235294 0.147059 0.0735294 0.0147059 0 0 0 0 0 

2272 2255 1602 94 0 0.709534 0 0 0 0 0 0 0 0 0 0 0 0 0 0 0 0 0 0 0 0.0571429 0.0857143 0.1 0.185714 0.2 0.242857 0.0857143 0.0428571 0 0 0 0 0 0 

2208 2194 1602 82 0 0.729262 0 0 0 0 0 0 0 0 0 0 0 0 0 0 0 0 0 0 0 0.0294118 0.0441176 0.0735294 0.161765 0.220588 0.191176 0.191176 0.0735294 0.0147059 0 0 0 0 0 

2208 2189 1602 90 0 0.730927 0 0 0 0 0 0 0 0 0 0 0 0 0 0 0 0 0 0 0.0147059 0 0.0294118 0.0441176 0.191176 0.176471 0.338235 0.147059 0.0588235 0 0 0 0 0 0 

2208 2191 1602 86 0 0.73026 0 0 0 0 0 0 0 0 0 0 0 0 0 0 0 0 0 0 0 0.0147059 0.0147059 0.102941 0.102941 0.264706 0.323529 0.102941 0.0735294 0 0 0 0 0 0 

2208 2197 1602 90 0 0.728266 0 0 0 0 0 0 0 0 0 0 0 0 0 0 0 0 0 0 0.0147059 0 0.0147059 0.132353 0.176471 0.25 0.161765 0.117647 0.117647 0.0147059 0 0 0 0 0 

2208 2197 1602 90 0 0.728266 0 0 0 0 0 0 0 0 0 0 0 0 0 0 0 0 0 0 0 0.0147059 0.0735294 0.0735294 0.205882 0.102941 0.308824 0.0882353 0.132353 0 0 0 0 0 0 

2208 2186 1602 92 0 0.73193 0 0 0 0 0 0 0 0 0 0 0 0 0 0 0 0 0 0 0 0.0294118 0.0147059 0.0294118 0.161765 0.264706 0.294118 0.147059 0.0294118 0.0294118 0 0 0 0 0 

2176 2162 1602 89 0 0.740056 0 0 0 0 0 0 0 0 0 0 0 0 0 0 0 0 0 0 0 0.0149254 0.0298507 0.0447761 0.0895522 0.268657 0.268657 0.179104 0.0746269 0.0298507 0 0 0 0 0 

