2176 2166 1602 93 0 0.738689 0 0 0 0 0 0 0 0 0 0 0 0 0 0 0 0 0 0 0.0149254 0.0149254 0.0298507 0.104478 0.0746269 0.164179 0.223881 0.268657 0.0895522 0.0149254 0 0 0 0 0 

2240 2221 1602 90 0 0.720396 0 0 0 0 0 0 0 0 0 0 0 0 0 0 0 0 0.0144928 0 0 0.0289855 0.0724638 0.0869565 0.115942 0.202899 0.275362 0.144928 0.0434783 0.0144928 0 0 0 0 0 

2208 2189 1602 93 0 0.730927 0 0 0 0 0 0 0 0 0 0 0 0 0 0 0 0 0 0 0 0.0294118 0.0588235 0.0294118 0.205882 0.176471 0.147059 0.279412 0.0735294 0 0 0 0 0 0 

2176 2158 1602 88 0 0.741427 0 0 0 0 0 0 0 0 0 0 0 0 0 0 0 0 0 0 0 0 0.0298507 0.0447761 0.134328 0.208955 0.298507 0.164179 0.104478 0 0.0149254 0 0 0 0 

2176 2165 1602 82 0 0.73903 0 0 0 0 0 0 0 0 0 0 0 0 0 0 0 0 0 0 0 0.0149254 0.0298507 0.0447761 0.0895522 0.253731 0.313433 0.164179 0.0746269 0.0149254 0 0 0 0 0 

2208 2195 1602 92 0 0.728929 0 0 0 0 0 0 0 0 0 0 0 0 0 0 0 0 0 0 0 0.0294118 0.0441176 0.0735294 0.161765 0.205882 0.220588 0.176471 0.0882353 0 0 0 0 0 0 

2208 2194 1602 93 0 0.729262 0 0 0 0 0 0 0 0 0 0 0 0 0 0 0 0 0 0 0 0 0.0147059 0.0882353 0.191176 0.279412 0.220588 0.132353 0.0735294 0 0 0 0 0 0 

2176 2165 1602 95 0 0.73903 0 0 0 0 0 0 0 0 0 0 0 0 0 0 0 0 0 0 0 0.0149254 0.0149254 0.0597015 0.164179 0.179104 0.268657 0.179104 0.119403 0 0 0 0 0 0 

2240 2223 1602 94 0 0.719748 0 0 0 0 0 0 0 0 0 0 0 0 0 0 0 0 0 0 0.0144928 0.0434783 0.0434783 0.0869565 0.144928 0.217391 0.304348 0.0869565 0.0144928 0.0434783 0 0 0 0 0 

2240 2221 1602 87 0 0.720396 0 0 0 0 0 0 0 0 0 0 0 0 0 0 0 0 0 0 0.0144928 0.0289855 0.0289855 0.144928 0.188406 0.173913 0.130435 0.217391 0.0724638 0 0 0 0 0 0 

