2208 2196 1602 94 0 0.728597 0 0 0 0 0 0 0 0 0 0 0 0 0 0 0 0 0 0 0 0.0294118 0.0147059 0.117647 0.161765 0.191176 0.25 0.147059 0.0735294 0.0147059 0 0 0 0 0 

2176 2161 1602 94 0 0.740398 0 0 0 0 0 0 0 0 0 0 0 0 0 0 0 0 0 0 0 0 0.0298507 0.0895522 0.104478 0.238806 0.253731 0.119403 0.119403 0.0447761 0 0 0 0 0 

2240 2213 1602 94 0 0.723 0 0 0 0 0 0 0 0 0 0 0 0 0 0 0 0 0 0 0 0.057971 0.0434783 0.057971 0.15942 0.26087 0.144928 0.188406 0.0869565 0 0 0 0 0 0 

2240 2211 1602 95 0 0.723654 0 0 0 0 0 0 0 0 0 0 0 0 0 0 0 0 0 0 0.0144928 0 0.0434783 0.115942 0.188406 0.130435 0.304348 0.130435 0.057971 0.0144928 0 0 0 0 0 

2240 2213 1603 103 0 0.723 0 0 0 0 0 0 0 0 0 0 0 0 0 0 0 0 0 0.0144928 0 0.0434783 0 0.0869565 0.130435 0.289855 0.275362 0.057971 0.0724638 0.0289855 0 0 0 0 0 

2240 2228 1601 96 0 0.718133 0 0 0 0 0 0 0 0 0 0 0 0 0 0 0 0 0 0 0 0 0.0434783 0.144928 0.202899 0.246377 0.202899 0.130435 0.0289855 0 0 0 0 0 0 

2240 2218 1603 101 0 0.721371 0 0 0 0 0 0 0 0 0 0 0 0 0 0 0 0 0 0 0 0.0144928 0.0869565 0.115942 0.130435 0.217391 0.173913 0.188406 0.0724638 0 0 0 0 0 0 

2272 2249 1603 108 0 0.711427 0 0 0 0 0 0 0 0 0 0 0 0 0 0 0 0 0 0 0 0.0571429 0.0571429 0.128571 0.114286 0.228571 0.285714 0.128571 0 0 0 0 0 0 0 

2208 2192 1603 99 0 0.729927 0 0 0 0 0 0 0 0 0 0 0 0 0 0 0 0 0 0 0.0147059 0 0.0147059 0.102941 0.176471 0.205882 0.25 0.117647 0.117647 0 0 0 0 0 0 

2208 2198 1602 92 0 0.727934 0 0 0 0 0 0 0 0 0 0 0 0 0 0 0 0 0 0 0 0.0294118 0.0294118 0.132353 0.117647 0.220588 0.220588 0.147059 0.102941 0 0 0 0 0 0 

