2208 2194 1602 94 0 0.729262 0 0 0 0 0 0 0 0 0 0 0 0 0 0 0 0 0 0 0 0 0.0588235 0.0882353 0.176471 0.25 0.235294 0.0441176 0.0882353 0.0588235 0 0 0 0 0 

2208 2190 1602 90 0 0.730594 0 0 0 0 0 0 0 0 0 0 0 0 0 0 0 0 0 0 0 0 0.0294118 0.0882353 0.191176 0.25 0.176471 0.176471 0.0735294 0.0147059 0 0 0 0 0 

2272 2244 1602 94 0 0.713012 0 0 0 0 0 0 0 0 0 0 0 0 0 0 0 0 0 0 0 0.0142857 0.0714286 0.114286 0.171429 0.314286 0.157143 0.142857 0 0.0142857 0 0 0 0 0 

2208 2179 1602 94 0 0.734282 0 0 0 0 0 0 0 0 0 0 0 0 0 0 0 0 0 0 0 0 0 0.0882353 0.147059 0.25 0.264706 0.191176 0.0441176 0.0147059 0 0 0 0 0 

2240 2214 1602 95 0 0.722674 0 0 0 0 0 0 0 0 0 0 0 0 0 0 0 0 0 0 0 0.0144928 0.057971 0.0869565 0.217391 0.188406 0.202899 0.188406 0.0144928 0.0144928 0.0144928 0 0 0 0 

2240 2223 1602 88 0 0.719748 0 0 0 0 0 0 0 0 0 0 0 0 0 0 0 0 0 0.0144928 0.0144928 0 0.0289855 0.115942 0.188406 0.26087 0.173913 0.144928 0.0289855 0.0289855 0 0 0 0 0 

2208 2190 1602 95 0 0.730594 0 0 0 0 0 0 0 0 0 0 0 0 0 0 0 0 0 0 0 0.0441176 0.0147059 0.0441176 0.161765 0.235294 0.279412 0.117647 0.102941 0 0 0 0 0 0 

2240 2234 1601 101 0 0.716204 0 0 0 0 0 0 0 0 0 0 0 0 0 0 0 0 0 0 0.0289855 0 0.0434783 0.144928 0.202899 0.188406 0.217391 0.115942 0.057971 0 0 0 0 0 0 

2208 2193 1603 100 0 0.729594 0 0 0 0 0 0 0 0 0 0 0 0 0 0 0 0 0 0 0 0.0147059 0.0588235 0.0588235 0.205882 0.176471 0.205882 0.161765 0.117647 0 0 0 0 0 0 

2208 2204 1601 88 0 0.725953 0 0 0 0 0 0 0 0 0 0 0 0 0 0 0 0 0 0.0147059 0.0147059 0.0147059 0.0294118 0.0441176 0.161765 0.25 0.264706 0.176471 0.0294118 0 0 0 0 0 0 

