2208 2198 1602 87 0 0.727934 0 0 0 0 0 0 0 0 0 0 0 0 0 0 0 0 0 0.0147059 0 0.0147059 0.0147059 0.132353 0.132353 0.235294 0.176471 0.205882 0.0588235 0.0147059 0 0 0 0 0 

2208 2183 1602 95 0 0.732936 0 0 0 0 0 0 0 0 0 0 0 0 0 0 0 0 0 0 0 0 0 0.117647 0.25 0.176471 0.117647 0.205882 0.117647 0.0147059 0 0 0 0 0 

2240 2215 1603 99 0 0.722348 0 0 0 0 0 0 0 0 0 0 0 0 0 0 0 0 0 0.0144928 0 0.0144928 0.057971 0.0289855 0.144928 0.318841 0.217391 0.173913 0.0289855 0 0 0 0 0 0 

2272 2246 1602 96 0 0.712378 0 0 0 0 0 0 0 0 0 0 0 0 0 0 0 0 0 0 0 0.0285714 0.0857143 0.1 0.157143 0.228571 0.285714 0.1 0.0142857 0 0 0 0 0 0 

2240 2227 1602 98 0 0.718455 0 0 0 0 0 0 0 0 0 0 0 0 0 0 0 0 0 0 0.0144928 0.0289855 0.0724638 0.0724638 0.188406 0.202899 0.231884 0.130435 0.0434783 0.0144928 0 0 0 0 0 

2208 2204 1600 87 0 0.725953 0 0 0 0 0 0 0 0 0 0 0 0 0 0 0 0 0 0.0147059 0 0 0.0882353 0.102941 0.132353 0.147059 0.294118 0.132353 0.0735294 0.0147059 0 0 0 0 0 

2208 2182 1602 94 0 0.733272 0 0 0 0 0 0 0 0 0 0 0 0 0 0 0 0 0 0 0 0.0147059 0.0147059 0.0735294 0.132353 0.279412 0.205882 0.205882 0.0588235 0.0147059 0 0 0 0 0 

2208 2189 1602 91 0 0.730927 0 0 0 0 0 0 0 0 0 0 0 0 0 0 0 0 0 0 0.0147059 0.0294118 0.0441176 0.0588235 0.176471 0.176471 0.220588 0.132353 0.102941 0.0294118 0.0147059 0 0 0 0 

2240 2234 1601 98 0 0.716204 0 0 0 0 0 0 0 0 0 0 0 0 0 0 0 0 0 0 0 0 0.0434783 0.15942 0.26087 0.15942 0.26087 0.057971 0.057971 0 0 0 0 0 0 

2240 2221 1602 93 0 0.720396 0 0 0 0 0 0 0 0 0 0 0 0 0 0 0 0 0 0 0 0.0289855 0.115942 0.101449 0.173913 0.115942 0.202899 0.130435 0.115942 0.0144928 0 0 0 0 0 

