2208 2182 1602 91 0 0.733272 0 0 0 0 0 0 0 0 0 0 0 0 0 0 0 0 0 0.0147059 0 0 0.0588235 0.0588235 0.132353 0.279412 0.176471 0.102941 0.117647 0.0441176 0.0147059 0 0 0 0 

2208 2198 1602 90 0 0.727934 0 0 0 0 0 0 0 0 0 0 0 0 0 0 0 0 0 0 0 0 0.0882353 0.0882353 0.117647 0.220588 0.264706 0.147059 0.0588235 0.0147059 0 0 0 0 0 

2208 2190 1602 88 0 0.730594 0 0 0 0 0 0 0 0 0 0 0 0 0 0 0 0 0 0 0 0.0147059 0.0441176 0.0147059 0.191176 0.279412 0.220588 0.161765 0.0735294 0 0 0 0 0 0 

2208 2187 1602 91 0 0.731596 0 0 0 0 0 0 0 0 0 0 0 0 0 0 0 0 0 0 0.0147059 0.0294118 0.0147059 0.0735294 0.132353 0.191176 0.279412 0.161765 0.102941 0 0 0 0 0 0 

2240 2216 1602 95 0 0.722022 0 0 0 0 0 0 0 0 0 0 0 0 0 0 0 0 0 0 0 0.0144928 0.0434783 0.057971 0.231884 0.217391 0.275362 0.130435 0.0144928 0.0144928 0 0 0 0 0 

2208 2204 1601 90 0 0.725953 0 0 0 0 0 0 0 0 0 0 0 0 0 0 0 0 0 0 0 0 0.0147059 0.102941 0.205882 0.323529 0.176471 0.102941 0.0735294 0 0 0 0 0 0 

2208 2197 1602 82 0 0.728266 0 0 0 0 0 0 0 0 0 0 0 0 0 0 0 0 0 0 0.0147059 0 0.0147059 0.132353 0.191176 0.25 0.147059 0.102941 0.132353 0 0.0147059 0 0 0 0 

2176 2169 1602 96 0 0.737667 0 0 0 0 0 0 0 0 0 0 0 0 0 0 0 0 0 0 0.0149254 0 0.0298507 0.0447761 0.164179 0.19403 0.283582 0.164179 0.0746269 0.0298507 0 0 0 0 0 

2208 2186 1602 94 0 0.73193 0 0 0 0 0 0 0 0 0 0 0 0 0 0 0 0 0 0 0 0 0 0.0882353 0.147059 0.279412 0.294118 0.147059 0.0294118 0.0147059 0 0 0 0 0 

2208 2189 1603 100 0 0.730927 0 0 0 0 0 0 0 0 0 0 0 0 0 0 0 0 0 0.0147059 0 0.0147059 0.0588235 0.0294118 0.147059 0.264706 0.205882 0.147059 0.0588235 0.0588235 0 0 0 0 0 

