2240 2217 1603 101 0 0.721696 0 0 0 0 0 0 0 0 0 0 0 0 0 0 0 0 0 0 0 0.0144928 0.101449 0.057971 0.144928 0.231884 0.231884 0.173913 0.0289855 0.0144928 0 0 0 0 0 

2240 2212 1602 93 0 0.723327 0 0 0 0 0 0 0 0 0 0 0 0 0 0 0 0 0 0.0144928 0.0144928 0.0144928 0.0144928 0.115942 0.173913 0.173913 0.217391 0.173913 0.0869565 0 0 0 0 0 0 

2240 2224 1602 89 0 0.719424 0 0 0 0 0 0 0 0 0 0 0 0 0 0 0 0 0 0 0.0144928 0.0434783 0.0434783 0.0869565 0.188406 0.202899 0.202899 0.130435 0.0869565 0 0 0 0 0 0 

2240 2221 1603 102 0 0.720396 0 0 0 0 0 0 0 0 0 0 0 0 0 0 0 0 0 0 0 0.0289855 0.0724638 0.057971 0.217391 0.15942 0.304348 0.0724638 0.0869565 0 0 0 0 0 0 

2208 2201 1600 89 0 0.726942 0 0 0 0 0 0 0 0 0 0 0 0 0 0 0 0 0 0 0 0.0294118 0.0441176 0.0441176 0.220588 0.176471 0.279412 0.161765 0.0294118 0.0147059 0 0 0 0 0 

2208 2201 1600 87 0 0.726942 0 0 0 0 0 0 0 0 0 0 0 0 0 0 0 0 0 0 0 0.0147059 0.0735294 0.0882353 0.132353 0.264706 0.205882 0.117647 0.0735294 0.0294118 0 0 0 0 0 

2240 2218 1603 99 0 0.721371 0 0 0 0 0 0 0 0 0 0 0 0 0 0 0 0 0 0 0 0.0144928 0.057971 0.101449 0.15942 0.231884 0.231884 0.15942 0.0434783 0 0 0 0 0 0 

2208 2194 1602 95 0 0.729262 0 0 0 0 0 0 0 0 0 0 0 0 0 0 0 0 0 0 0 0.0147059 0.0294118 0.0882353 0.147059 0.294118 0.235294 0.0588235 0.117647 0.0147059 0 0 0 0 0 

2208 2194 1602 98 0 0.729262 0 0 0 0 0 0 0 0 0 0 0 0 0 0 0 0 0 0 0 0 0.0147059 0.117647 0.117647 0.323529 0.235294 0.117647 0.0735294 0 0 0 0 0 0 

2208 2199 1602 93 0 0.727603 0 0 0 0 0 0 0 0 0 0 0 0 0 0 0 0 0 0 0 0 0.0588235 0.102941 0.147059 0.308824 0.132353 0.132353 0.117647 0 0 0 0 0 0 

