2240 2212 1602 97 0 0.723327 0 0 0 0 0 0 0 0 0 0 0 0 0 0 0 0 0.0144928 0 0 0.0144928 0.057971 0.0869565 0.115942 0.275362 0.188406 0.15942 0.0724638 0.0144928 0 0 0 0 0 

2240 2214 1603 100 0 0.722674 0 0 0 0 0 0 0 0 0 0 0 0 0 0 0 0 0 0 0.0144928 0.0144928 0.057971 0.057971 0.246377 0.15942 0.217391 0.130435 0.0724638 0.0289855 0 0 0 0 0 

2208 2193 1602 86 0 0.729594 0 0 0 0 0 0 0 0 0 0 0 0 0 0 0 0 0 0 0 0.0147059 0.0147059 0.117647 0.161765 0.220588 0.264706 0.0882353 0.102941 0.0147059 0 0 0 0 0 

2208 2193 1602 98 0 0.729594 0 0 0 0 0 0 0 0 0 0 0 0 0 0 0 0 0 0 0 0 0.0441176 0.0882353 0.161765 0.220588 0.25 0.176471 0.0588235 0 0 0 0 0 0 

2240 2212 1602 91 0 0.723327 0 0 0 0 0 0 0 0 0 0 0 0 0 0 0 0 0 0 0 0.0289855 0.0434783 0.0724638 0.15942 0.26087 0.231884 0.130435 0.0724638 0 0 0 0 0 0 

2208 2196 1602 88 0 0.728597 0 0 0 0 0 0 0 0 0 0 0 0 0 0 0 0 0 0 0 0 0.0147059 0.147059 0.147059 0.220588 0.279412 0.117647 0.0588235 0.0147059 0 0 0 0 0 

2208 2194 1602 88 0 0.729262 0 0 0 0 0 0 0 0 0 0 0 0 0 0 0 0 0 0 0 0 0.0588235 0.102941 0.161765 0.147059 0.294118 0.176471 0.0441176 0.0147059 0 0 0 0 0 

2208 2195 1602 84 0 0.728929 0 0 0 0 0 0 0 0 0 0 0 0 0 0 0 0 0 0 0 0.0441176 0.0441176 0.102941 0.117647 0.191176 0.235294 0.147059 0.102941 0 0.0147059 0 0 0 0 

2272 2255 1603 107 0 0.709534 0 0 0 0 0 0 0 0 0 0 0 0 0 0 0 0 0 0.0142857 0.0142857 0 0.0428571 0.171429 0.2 0.185714 0.271429 0.0571429 0.0428571 0 0 0 0 0 0 

2208 2181 1602 95 0 0.733608 0 0 0 0 0 0 0 0 0 0 0 0 0 0 0 0 0 0 0 0 0.0441176 0.0882353 0.117647 0.220588 0.264706 0.161765 0.0882353 0.0147059 0 0 0 0 0 

