2240 2223 1602 92 0 0.719748 0 0 0 0 0 0 0 0 0 0 0 0 0 0 0 0 0 0 0.0144928 0.0144928 0.0434783 0.101449 0.188406 0.217391 0.275362 0.0869565 0.0289855 0.0289855 0 0 0 0 0 

2208 2195 1602 97 0 0.728929 0 0 0 0 0 0 0 0 0 0 0 0 0 0 0 0 0 0 0 0.0147059 0.0588235 0.0882353 0.117647 0.264706 0.220588 0.147059 0.0588235 0.0294118 0 0 0 0 0 

2208 2192 1602 84 0 0.729927 0 0 0 0 0 0 0 0 0 0 0 0 0 0 0 0 0 0 0 0.0147059 0.0294118 0.0588235 0.235294 0.205882 0.25 0.0735294 0.102941 0.0294118 0 0 0 0 0 

2208 2181 1602 90 0 0.733608 0 0 0 0 0 0 0 0 0 0 0 0 0 0 0 0 0 0 0.0147059 0.0147059 0 0.0735294 0.176471 0.220588 0.191176 0.191176 0.102941 0.0147059 0 0 0 0 0 

2240 2216 1602 91 0 0.722022 0 0 0 0 0 0 0 0 0 0 0 0 0 0 0 0 0 0 0 0 0.0434783 0.101449 0.202899 0.289855 0.188406 0.0724638 0.101449 0 0 0 0 0 0 

2240 2212 1603 100 0 0.723327 0 0 0 0 0 0 0 0 0 0 0 0 0 0 0 0 0 0 0 0.0289855 0.0434783 0.0289855 0.202899 0.246377 0.275362 0.130435 0.0289855 0.0144928 0 0 0 0 0 

2208 2198 1602 86 0 0.727934 0 0 0 0 0 0 0 0 0 0 0 0 0 0 0 0 0 0 0 0.0147059 0.0441176 0.102941 0.147059 0.235294 0.235294 0.147059 0.0588235 0 0.0147059 0 0 0 0 

2208 2184 1602 96 0 0.732601 0 0 0 0 0 0 0 0 0 0 0 0 0 0 0 0 0 0 0 0 0 0.0735294 0.25 0.205882 0.235294 0.117647 0.102941 0.0147059 0 0 0 0 0 

2208 2188 1602 93 0 0.731261 0 0 0 0 0 0 0 0 0 0 0 0 0 0 0 0 0 0 0 0.0294118 0.0882353 0.0441176 0.102941 0.176471 0.25 0.25 0.0294118 0.0294118 0 0 0 0 0 

2240 2217 1602 88 0 0.721696 0 0 0 0 0 0 0 0 0 0 0 0 0 0 0 0 0 0 0.0144928 0 0.0724638 0.115942 0.101449 0.289855 0.173913 0.188406 0.0289855 0 0.0144928 0 0 0 0 

