2240 2217 1602 96 0 0.721696 0 0 0 0 0 0 0 0 0 0 0 0 0 0 0 0 0 0 0.0434783 0.0144928 0.057971 0.057971 0.115942 0.26087 0.275362 0.0724638 0.057971 0.0434783 0 0 0 0 0 

2176 2167 1602 98 0 0.738348 0 0 0 0 0 0 0 0 0 0 0 0 0 0 0 0 0 0 0 0 0.0597015 0.0298507 0.134328 0.268657 0.179104 0.223881 0.104478 0 0 0 0 0 0 

2208 2205 1600 100 0 0.725624 0 0 0 0 0 0 0 0 0 0 0 0 0 0 0 0 0 0 0 0.0147059 0.0441176 0.102941 0.161765 0.294118 0.161765 0.147059 0.0588235 0 0.0147059 0 0 0 0 

2208 2192 1602 94 0 0.729927 0 0 0 0 0 0 0 0 0 0 0 0 0 0 0 0 0 0 0.0147059 0 0.0588235 0.102941 0.161765 0.191176 0.176471 0.176471 0.0588235 0.0588235 0 0 0 0 0 

2240 2212 1602 96 0 0.723327 0 0 0 0 0 0 0 0 0 0 0 0 0 0 0 0 0 0 0 0.0144928 0.057971 0.0869565 0.15942 0.217391 0.289855 0.0869565 0.0869565 0 0 0 0 0 0 

2208 2187 1603 109 0 0.731596 0 0 0 0 0 0 0 0 0 0 0 0 0 0 0 0 0 0 0 0.0147059 0.0588235 0.0882353 0.117647 0.205882 0.205882 0.205882 0.0882353 0.0147059 0 0 0 0 0 

2240 2225 1602 94 0 0.719101 0 0 0 0 0 0 0 0 0 0 0 0 0 0 0 0 0 0 0.0144928 0.0289855 0.0724638 0.0724638 0.173913 0.246377 0.188406 0.115942 0.0724638 0.0144928 0 0 0 0 0 

2208 2186 1602 97 0 0.73193 0 0 0 0 0 0 0 0 0 0 0 0 0 0 0 0 0 0 0.0147059 0 0.0441176 0.102941 0.0882353 0.235294 0.264706 0.147059 0.0588235 0.0441176 0 0 0 0 0 

2240 2227 1602 98 0 0.718455 0 0 0 0 0 0 0 0 0 0 0 0 0 0 0 0 0 0.0289855 0 0 0.0724638 0.0869565 0.144928 0.231884 0.26087 0.130435 0.0434783 0 0 0 0 0 0 

2176 2170 1603 99 0 0.737327 0 0 0 0 0 0 0 0 0 0 0 0 0 0 0 0 0 0 0 0 0.0298507 0.0746269 0.134328 0.238806 0.223881 0.238806 0.0298507 0.0298507 0 0 0 0 0 

