2176 2163 1602 97 0 0.739713 0 0 0 0 0 0 0 0 0 0 0 0 0 0 0 0 0 0 0 0.0298507 0.0298507 0.0597015 0.119403 0.179104 0.238806 0.238806 0.0597015 0.0447761 0 0 0 0 0 

2208 2189 1602 97 0 0.730927 0 0 0 0 0 0 0 0 0 0 0 0 0 0 0 0 0 0 0 0.0294118 0.0294118 0.0588235 0.161765 0.25 0.220588 0.161765 0.0588235 0.0147059 0.0147059 0 0 0 0 

2208 2182 1602 93 0 0.733272 0 0 0 0 0 0 0 0 0 0 0 0 0 0 0 0 0 0 0.0147059 0 0.0588235 0.0588235 0.117647 0.191176 0.279412 0.176471 0.0882353 0.0147059 0 0 0 0 0 

2240 2226 1603 107 0 0.718778 0 0 0 0 0 0 0 0 0 0 0 0 0 0 0 0 0 0 0.0289855 0.0434783 0.0434783 0.0724638 0.101449 0.318841 0.202899 0.115942 0.057971 0.0144928 0 0 0 0 0 

2208 2203 1601 100 0 0.726282 0 0 0 0 0 0 0 0 0 0 0 0 0 0 0 0.0147059 0.0147059 0 0 0.0147059 0.0294118 0.132353 0.147059 0.147059 0.220588 0.147059 0.0882353 0.0441176 0 0 0 0 0 

2208 2187 1602 87 0 0.731596 0 0 0 0 0 0 0 0 0 0 0 0 0 0 0 0 0 0 0 0 0.0735294 0.0735294 0.0588235 0.264706 0.338235 0.117647 0.0441176 0.0294118 0 0 0 0 0 

2240 2213 1603 102 0 0.723 0 0 0 0 0 0 0 0 0 0 0 0 0 0 0 0 0 0 0 0.0289855 0.0869565 0.101449 0.115942 0.173913 0.231884 0.188406 0.0434783 0.0289855 0 0 0 0 0 

2208 2190 1602 89 0 0.730594 0 0 0 0 0 0 0 0 0 0 0 0 0 0 0 0 0 0 0 0.0147059 0.0441176 0.0882353 0.176471 0.176471 0.176471 0.25 0.0735294 0 0 0 0 0 0 

2240 2212 1602 89 0 0.723327 0 0 0 0 0 0 0 0 0 0 0 0 0 0 0 0 0 0 0 0.0144928 0.057971 0.057971 0.188406 0.231884 0.275362 0.115942 0.0434783 0.0144928 0 0 0 0 0 

2240 2218 1603 102 0 0.721371 0 0 0 0 0 0 0 0 0 0 0 0 0 0 0 0 0 0.0289855 0.0144928 0 0.0434783 0.0869565 0.130435 0.246377 0.231884 0.144928 0.0434783 0.0289855 0 0 0 0 0 

