2240 2222 1603 100 0 0.720072 0 0 0 0 0 0 0 0 0 0 0 0 0 0 0 0 0 0 0 0.0289855 0.057971 0.101449 0.115942 0.275362 0.26087 0.101449 0.057971 0 0 0 0 0 0 

2176 2172 1601 106 0 0.736648 0 0 0 0 0 0 0 0 0 0 0 0 0 0 0 0 0 0 0 0.0447761 0.0298507 0.0447761 0.179104 0.164179 0.223881 0.208955 0.0447761 0.0447761 0 0.0149254 0 0 0 

2208 2194 1602 91 0 0.729262 0 0 0 0 0 0 0 0 0 0 0 0 0 0 0 0 0 0 0 0.0147059 0.0441176 0.0882353 0.147059 0.220588 0.220588 0.205882 0.0588235 0 0 0 0 0 0 

2208 2199 1601 96 0 0.727603 0 0 0 0 0 0 0 0 0 0 0 0 0 0 0 0 0 0 0.0147059 0 0.0441176 0.0588235 0.191176 0.220588 0.25 0.176471 0.0441176 0 0 0 0 0 0 

2240 2211 1602 94 0 0.723654 0 0 0 0 0 0 0 0 0 0 0 0 0 0 0 0 0 0 0.0144928 0 0.0724638 0.0724638 0.173913 0.246377 0.173913 0.130435 0.115942 0 0 0 0 0 0 

2240 2214 1602 94 0 0.722674 0 0 0 0 0 0 0 0 0 0 0 0 0 0 0 0 0 0 0 0.0289855 0.057971 0.101449 0.15942 0.217391 0.202899 0.115942 0.115942 0 0 0 0 0 0 

2208 2200 1603 99 0 0.727273 0 0 0 0 0 0 0 0 0 0 0 0 0 0 0 0 0 0 0 0 0.0294118 0.132353 0.161765 0.279412 0.205882 0.0882353 0.0588235 0.0441176 0 0 0 0 0 

2176 2152 1601 78 0 0.743494 0 0 0 0 0 0 0 0 0 0 0 0 0 0 0 0 0 0 0 0 0 0.119403 0.119403 0.179104 0.208955 0.253731 0.0597015 0.0597015 0 0 0 0 0 

2240 2218 1602 98 0 0.721371 0 0 0 0 0 0 0 0 0 0 0 0 0 0 0 0 0 0 0 0.0434783 0.0144928 0.144928 0.101449 0.304348 0.202899 0.130435 0.0144928 0.0434783 0 0 0 0 0 

2208 2180 1602 90 0 0.733945 0 0 0 0 0 0 0 0 0 0 0 0 0 0 0 0 0 0 0 0 0 0.0735294 0.220588 0.235294 0.205882 0.161765 0.0735294 0.0294118 0 0 0 0 0 

