2208 2186 1602 90 0 0.73193 0 0 0 0 0 0 0 0 0 0 0 0 0 0 0 0 0 0 0.0147059 0 0 0.117647 0.147059 0.235294 0.235294 0.147059 0.0735294 0.0294118 0 0 0 0 0 

2240 2223 1602 98 0 0.719748 0 0 0 0 0 0 0 0 0 0 0 0 0 0 0 0 0 0 0 0.0289855 0.057971 0.101449 0.144928 0.26087 0.246377 0.101449 0.0434783 0.0144928 0 0 0 0 0 

2240 2212 1602 92 0 0.723327 0 0 0 0 0 0 0 0 0 0 0 0 0 0 0 0 0 0 0.0289855 0.0144928 0.0434783 0.057971 0.15942 0.202899 0.275362 0.173913 0.0289855 0.0144928 0 0 0 0 0 

2272 2261 1603 115 0 0.707651 0 0 0 0 0 0 0 0 0 0 0 0 0 0 0 0.0142857 0 0 0 0.0142857 0.0857143 0.157143 0.2 0.157143 0.228571 0.114286 0.0285714 0 0 0 0 0 0 

2240 2217 1602 94 0 0.721696 0 0 0 0 0 0 0 0 0 0 0 0 0 0 0 0 0 0 0.0144928 0.0289855 0.0869565 0.057971 0.101449 0.26087 0.246377 0.115942 0.0724638 0.0144928 0 0 0 0 0 

2208 2199 1603 101 0 0.727603 0 0 0 0 0 0 0 0 0 0 0 0 0 0 0 0 0 0 0.0147059 0.0294118 0.0588235 0.0882353 0.0735294 0.220588 0.25 0.205882 0.0441176 0.0147059 0 0 0 0 0 

2208 2189 1603 100 0 0.730927 0 0 0 0 0 0 0 0 0 0 0 0 0 0 0 0 0 0 0 0.0147059 0.0588235 0.0147059 0.205882 0.220588 0.220588 0.176471 0.0735294 0.0147059 0 0 0 0 0 

2208 2200 1602 90 0 0.727273 0 0 0 0 0 0 0 0 0 0 0 0 0 0 0 0 0 0 0 0.0441176 0.0588235 0.0735294 0.161765 0.205882 0.132353 0.235294 0.0882353 0 0 0 0 0 0 

2240 2220 1603 99 0 0.720721 0 0 0 0 0 0 0 0 0 0 0 0 0 0 0 0 0 0 0.0144928 0.0289855 0 0.144928 0.188406 0.202899 0.188406 0.173913 0.0434783 0.0144928 0 0 0 0 0 

2208 2188 1602 93 0 0.731261 0 0 0 0 0 0 0 0 0 0 0 0 0 0 0 0 0 0.0294118 0 0.0147059 0 0.0735294 0.176471 0.132353 0.323529 0.161765 0.0588235 0.0294118 0 0 0 0 0 

