2208 2194 1602 87 0 0.729262 0 0 0 0 0 0 0 0 0 0 0 0 0 0 0 0 0 0 0 0.0441176 0.0294118 0.0441176 0.132353 0.279412 0.25 0.147059 0.0588235 0.0147059 0 0 0 0 0 

2240 2220 1603 100 0 0.720721 0 0 0 0 0 0 0 0 0 0 0 0 0 0 0 0 0 0 0 0.0434783 0.0724638 0.0724638 0.173913 0.246377 0.130435 0.15942 0.0869565 0.0144928 0 0 0 0 0 

2208 2193 1602 91 0 0.729594 0 0 0 0 0 0 0 0 0 0 0 0 0 0 0 0 0 0 0 0.0294118 0.0294118 0.0588235 0.220588 0.161765 0.235294 0.191176 0.0588235 0.0147059 0 0 0 0 0 

2240 2222 1602 98 0 0.720072 0 0 0 0 0 0 0 0 0 0 0 0 0 0 0 0 0 0.0144928 0.0289855 0.0144928 0.057971 0.0869565 0.115942 0.246377 0.217391 0.115942 0.0869565 0.0144928 0 0 0 0 0 

2208 2191 1602 96 0 0.73026 0 0 0 0 0 0 0 0 0 0 0 0 0 0 0 0 0 0 0.0147059 0.0147059 0.0441176 0.0588235 0.176471 0.220588 0.161765 0.220588 0.0588235 0.0294118 0 0 0 0 0 

2240 2219 1602 96 0 0.721045 0 0 0 0 0 0 0 0 0 0 0 0 0 0 0 0 0 0 0.0144928 0.0434783 0.0434783 0.0869565 0.15942 0.217391 0.188406 0.188406 0.0289855 0.0289855 0 0 0 0 0 

2240 2212 1602 90 0 0.723327 0 0 0 0 0 0 0 0 0 0 0 0 0 0 0 0 0 0 0.0289855 0 0.057971 0.057971 0.202899 0.188406 0.246377 0.144928 0.0434783 0.0144928 0.0144928 0 0 0 0 

2208 2185 1602 95 0 0.732265 0 0 0 0 0 0 0 0 0 0 0 0 0 0 0 0 0 0 0.0147059 0.0147059 0.0294118 0.0588235 0.161765 0.132353 0.323529 0.191176 0.0735294 0 0 0 0 0 0 

2208 2200 1602 93 0 0.727273 0 0 0 0 0 0 0 0 0 0 0 0 0 0 0 0 0 0 0.0147059 0.0441176 0.0441176 0.0441176 0.132353 0.176471 0.323529 0.191176 0.0147059 0.0147059 0 0 0 0 0 

2208 2199 1600 87 0 0.727603 0 0 0 0 0 0 0 0 0 0 0 0 0 0 0 0 0 0 0 0.0147059 0.0294118 0.102941 0.176471 0.220588 0.25 0.132353 0.0588235 0.0147059 0 0 0 0 0 

