2240 2213 1603 105 0 0.723 0 0 0 0 0 0 0 0 0 0 0 0 0 0 0 0 0 0 0.0144928 0 0.0144928 0.15942 0.15942 0.217391 0.217391 0.115942 0.101449 0 0 0 0 0 0 

2176 2170 1601 89 0 0.737327 0 0 0 0 0 0 0 0 0 0 0 0 0 0 0 0 0 0 0 0.0149254 0.0298507 0.0895522 0.179104 0.104478 0.253731 0.208955 0.119403 0 0 0 0 0 0 

2208 2187 1602 95 0 0.731596 0 0 0 0 0 0 0 0 0 0 0 0 0 0 0 0 0 0 0.0147059 0 0.0441176 0.0882353 0.205882 0.132353 0.25 0.102941 0.117647 0.0441176 0 0 0 0 0 

2272 2245 1602 84 0 0.712695 0 0 0 0 0 0 0 0 0 0 0 0 0 0 0.0142857 0 0.0142857 0 0.0285714 0 0.0142857 0.0857143 0.214286 0.228571 0.257143 0.0714286 0.0714286 0 0 0 0 0 0 

2208 2199 1602 93 0 0.727603 0 0 0 0 0 0 0 0 0 0 0 0 0 0 0 0 0 0 0.0294118 0.0147059 0.0294118 0.0882353 0.176471 0.161765 0.264706 0.132353 0.0735294 0.0294118 0 0 0 0 0 

2208 2202 1600 93 0 0.726612 0 0 0 0 0 0 0 0 0 0 0 0 0 0 0 0 0 0 0.0147059 0.0147059 0.0294118 0.102941 0.161765 0.220588 0.264706 0.117647 0.0441176 0.0147059 0.0147059 0 0 0 0 

2208 2183 1602 96 0 0.732936 0 0 0 0 0 0 0 0 0 0 0 0 0 0 0 0 0 0 0 0.0147059 0.0294118 0.0441176 0.176471 0.25 0.25 0.132353 0.0735294 0.0147059 0.0147059 0 0 0 0 

2176 2163 1602 93 0 0.739713 0 0 0 0 0 0 0 0 0 0 0 0 0 0 0 0 0 0 0 0 0.0149254 0.0746269 0.134328 0.238806 0.238806 0.208955 0.0597015 0.0298507 0 0 0 0 0 

2208 2189 1602 98 0 0.730927 0 0 0 0 0 0 0 0 0 0 0 0 0 0 0 0 0 0 0 0.0294118 0.0147059 0.0441176 0.205882 0.220588 0.264706 0.132353 0.0735294 0 0.0147059 0 0 0 0 

2208 2196 1603 100 0 0.728597 0 0 0 0 0 0 0 0 0 0 0 0 0 0 0 0 0 0 0 0.0294118 0.0441176 0.0882353 0.147059 0.176471 0.25 0.191176 0.0735294 0 0 0 0 0 0 

