2240 2223 1603 100 0 0.719748 0 0 0 0 0 0 0 0 0 0 0 0 0 0 0 0 0 0.0144928 0 0.0289855 0.0724638 0.0434783 0.130435 0.275362 0.275362 0.130435 0.0144928 0 0.0144928 0 0 0 0 

2208 2187 1602 94 0 0.731596 0 0 0 0 0 0 0 0 0 0 0 0 0 0 0 0 0 0 0 0.0294118 0.0147059 0.117647 0.102941 0.176471 0.323529 0.161765 0.0588235 0 0.0147059 0 0 0 0 

2208 2194 1602 91 0 0.729262 0 0 0 0 0 0 0 0 0 0 0 0 0 0 0 0 0 0 0 0.0147059 0.0441176 0.0882353 0.102941 0.279412 0.294118 0.0588235 0.117647 0 0 0 0 0 0 

2208 2191 1602 92 0 0.73026 0 0 0 0 0 0 0 0 0 0 0 0 0 0 0 0 0 0 0 0.0147059 0.0294118 0.132353 0.176471 0.161765 0.220588 0.132353 0.102941 0.0147059 0.0147059 0 0 0 0 

2240 2221 1602 93 0 0.720396 0 0 0 0 0 0 0 0 0 0 0 0 0 0 0 0 0 0 0.0144928 0 0.0434783 0.115942 0.15942 0.246377 0.26087 0.115942 0.0434783 0 0 0 0 0 0 

2208 2204 1600 102 0 0.725953 0 0 0 0 0 0 0 0 0 0 0 0 0 0 0 0 0 0 0.0147059 0.0147059 0.0441176 0.0882353 0.191176 0.176471 0.279412 0.102941 0.0441176 0.0441176 0 0 0 0 0 

2208 2180 1602 94 0 0.733945 0 0 0 0 0 0 0 0 0 0 0 0 0 0 0 0 0 0 0 0.0147059 0.0147059 0.102941 0.176471 0.191176 0.220588 0.176471 0.0441176 0.0147059 0.0441176 0 0 0 0 

2240 2212 1602 93 0 0.723327 0 0 0 0 0 0 0 0 0 0 0 0 0 0 0 0 0 0 0.0144928 0.0144928 0.057971 0.057971 0.173913 0.289855 0.144928 0.130435 0.115942 0 0 0 0 0 0 

2208 2196 1602 97 0 0.728597 0 0 0 0 0 0 0 0 0 0 0 0 0 0 0 0 0 0 0 0.0147059 0.0441176 0.0735294 0.205882 0.191176 0.220588 0.176471 0.0588235 0.0147059 0 0 0 0 0 

2208 2182 1602 95 0 0.733272 0 0 0 0 0 0 0 0 0 0 0 0 0 0 0 0 0 0 0 0.0147059 0.0294118 0.0735294 0.132353 0.220588 0.220588 0.25 0.0588235 0 0 0 0 0 0 

