2208 2197 1602 93 0 0.728266 0 0 0 0 0 0 0 0 0 0 0 0 0 0 0 0 0 0 0 0 0.0147059 0.0882353 0.25 0.264706 0.161765 0.132353 0.0735294 0 0.0147059 0 0 0 0 

2240 2220 1602 89 0 0.720721 0 0 0 0 0 0 0 0 0 0 0 0 0 0 0 0 0 0 0 0.0289855 0.057971 0.130435 0.115942 0.217391 0.246377 0.144928 0.057971 0 0 0 0 0 0 

2176 2161 1602 90 0 0.740398 0 0 0 0 0 0 0 0 0 0 0 0 0 0 0 0 0 0 0 0.0149254 0 0.0895522 0.149254 0.179104 0.283582 0.179104 0.0298507 0.0597015 0.0149254 0 0 0 0 

2208 2201 1600 88 0 0.726942 0 0 0 0 0 0 0 0 0 0 0 0 0 0 0 0 0 0 0 0 0.0735294 0.0882353 0.191176 0.235294 0.191176 0.102941 0.0882353 0.0294118 0 0 0 0 0 

2176 2165 1601 95 0 0.73903 0 0 0 0 0 0 0 0 0 0 0 0 0 0 0 0 0 0 0 0.0149254 0.0447761 0.0746269 0.0746269 0.238806 0.238806 0.179104 0.119403 0.0149254 0 0 0 0 0 

2144 2136 1602 87 0 0.749064 0 0 0 0 0 0 0 0 0 0 0 0 0 0 0 0 0 0 0 0 0.0151515 0.030303 0.212121 0.121212 0.181818 0.287879 0.136364 0.0151515 0 0 0 0 0 

2240 2230 1602 96 0 0.717489 0 0 0 0 0 0 0 0 0 0 0 0 0 0 0 0 0 0.0144928 0.0289855 0.0434783 0.0289855 0.0869565 0.188406 0.144928 0.246377 0.15942 0.0434783 0.0144928 0 0 0 0 0 

2240 2214 1602 93 0 0.722674 0 0 0 0 0 0 0 0 0 0 0 0 0 0 0 0 0 0 0 0.0289855 0.057971 0.0869565 0.173913 0.188406 0.26087 0.115942 0.0724638 0.0144928 0 0 0 0 0 

2208 2185 1602 87 0 0.732265 0 0 0 0 0 0 0 0 0 0 0 0 0 0 0 0 0 0 0.0147059 0 0.0882353 0.0588235 0.161765 0.147059 0.205882 0.176471 0.117647 0.0147059 0.0147059 0 0 0 0 

2240 2216 1602 93 0 0.722022 0 0 0 0 0 0 0 0 0 0 0 0 0 0 0 0 0 0.0289855 0 0.0289855 0.0144928 0.115942 0.130435 0.202899 0.26087 0.115942 0.101449 0 0 0 0 0 0 

