2208 2195 1602 88 0 0.728929 0 0 0 0 0 0 0 0 0 0 0 0 0 0 0 0 0 0 0 0.0294118 0.0294118 0.0588235 0.191176 0.279412 0.191176 0.102941 0.0735294 0.0441176 0 0 0 0 0 

2176 2159 1602 83 0 0.741084 0 0 0 0 0 0 0 0 0 0 0 0 0 0 0 0 0 0 0 0 0 0.0298507 0.19403 0.238806 0.253731 0.179104 0.0895522 0.0149254 0 0 0 0 0 

2240 2224 1602 96 0 0.719424 0 0 0 0 0 0 0 0 0 0 0 0 0 0 0 0 0.0289855 0 0.0144928 0 0.0724638 0.0289855 0.188406 0.246377 0.231884 0.0869565 0.0869565 0.0144928 0 0 0 0 0 

2272 2247 1602 91 0 0.712061 0 0 0 0 0 0 0 0 0 0 0 0 0 0 0 0 0 0 0 0.0428571 0.0428571 0.157143 0.157143 0.271429 0.2 0.0428571 0.0714286 0.0142857 0 0 0 0 0 

2208 2199 1602 88 0 0.727603 0 0 0 0 0 0 0 0 0 0 0 0 0 0 0 0 0 0 0.0147059 0.0147059 0.0441176 0.0735294 0.147059 0.176471 0.308824 0.205882 0 0.0147059 0 0 0 0 0 

2208 2193 1602 88 0 0.729594 0 0 0 0 0 0 0 0 0 0 0 0 0 0 0 0 0 0 0 0.0294118 0.0441176 0.0294118 0.220588 0.161765 0.25 0.205882 0.0588235 0 0 0 0 0 0 

2208 2200 1601 92 0 0.727273 0 0 0 0 0 0 0 0 0 0 0 0 0 0 0 0 0 0 0.0147059 0.0294118 0.0441176 0.0735294 0.147059 0.25 0.191176 0.147059 0.0735294 0.0294118 0 0 0 0 0 

2240 2213 1602 94 0 0.723 0 0 0 0 0 0 0 0 0 0 0 0 0 0 0 0 0.0144928 0 0.0289855 0.0144928 0.0144928 0.130435 0.130435 0.188406 0.188406 0.188406 0.0869565 0.0144928 0 0 0 0 0 

2272 2246 1603 100 0 0.712378 0 0 0 0 0 0 0 0 0 0 0 0 0 0 0 0 0 0 0.0285714 0.0142857 0.0857143 0.0857143 0.214286 0.171429 0.185714 0.171429 0.0428571 0 0 0 0 0 0 

2240 2218 1602 96 0 0.721371 0 0 0 0 0 0 0 0 0 0 0 0 0 0 0 0 0 0 0.0144928 0.0144928 0.057971 0.0869565 0.173913 0.202899 0.275362 0.101449 0.0434783 0.0289855 0 0 0 0 0 

