2208 2197 1602 93 0 0.728266 0 0 0 0 0 0 0 0 0 0 0 0 0 0 0 0 0 0 0.0147059 0.0147059 0.0294118 0.102941 0.132353 0.279412 0.176471 0.147059 0.0735294 0.0294118 0 0 0 0 0 

2208 2188 1602 98 0 0.731261 0 0 0 0 0 0 0 0 0 0 0 0 0 0 0 0 0 0 0.0147059 0 0.0441176 0.0882353 0.161765 0.176471 0.205882 0.235294 0.0441176 0.0294118 0 0 0 0 0 

2240 2219 1602 91 0 0.721045 0 0 0 0 0 0 0 0 0 0 0 0 0 0 0 0 0 0 0 0 0.0434783 0.144928 0.188406 0.173913 0.26087 0.15942 0.0289855 0 0 0 0 0 0 

2240 2215 1603 99 0 0.722348 0 0 0 0 0 0 0 0 0 0 0 0 0 0 0 0 0 0 0 0 0.0434783 0.173913 0.130435 0.275362 0.130435 0.144928 0.0869565 0.0144928 0 0 0 0 0 

2240 2220 1602 95 0 0.720721 0 0 0 0 0 0 0 0 0 0 0 0 0 0 0 0 0 0.0144928 0.0144928 0.0289855 0.0144928 0.057971 0.173913 0.289855 0.246377 0.0869565 0.057971 0.0144928 0 0 0 0 0 

2208 2191 1602 87 0 0.73026 0 0 0 0 0 0 0 0 0 0 0 0 0 0 0 0 0 0 0.0147059 0.0147059 0.0441176 0.0441176 0.161765 0.235294 0.294118 0.0882353 0.0588235 0.0147059 0.0294118 0 0 0 0 

2208 2198 1600 92 0 0.727934 0 0 0 0 0 0 0 0 0 0 0 0 0 0 0 0 0 0 0.0294118 0 0 0.102941 0.191176 0.264706 0.161765 0.132353 0.117647 0 0 0 0 0 0 

2208 2193 1602 98 0 0.729594 0 0 0 0 0 0 0 0 0 0 0 0 0 0 0 0 0 0 0.0147059 0 0.0294118 0.0735294 0.161765 0.25 0.235294 0.176471 0.0441176 0.0147059 0 0 0 0 0 

2208 2192 1602 89 0 0.729927 0 0 0 0 0 0 0 0 0 0 0 0 0 0 0 0 0 0 0 0.0441176 0.0147059 0.0735294 0.161765 0.161765 0.323529 0.147059 0.0588235 0.0147059 0 0 0 0 0 

2240 2212 1602 94 0 0.723327 0 0 0 0 0 0 0 0 0 0 0 0 0 0 0 0 0 0 0 0.0144928 0.0724638 0.0724638 0.115942 0.275362 0.275362 0.101449 0.0724638 0 0 0 0 0 0 

