2208 2196 1602 82 0 0.728597 0 0 0 0 0 0 0 0 0 0 0 0 0 0 0 0 0 0 0 0 0.0294118 0.132353 0.176471 0.191176 0.235294 0.147059 0.0882353 0 0 0 0 0 0 

2208 2198 1602 92 0 0.727934 0 0 0 0 0 0 0 0 0 0 0 0 0 0 0 0 0 0 0.0147059 0.0147059 0.0588235 0.117647 0.102941 0.205882 0.205882 0.161765 0.117647 0 0 0 0 0 0 

2176 2163 1602 91 0 0.739713 0 0 0 0 0 0 0 0 0 0 0 0 0 0 0 0 0 0 0 0 0.0149254 0.0597015 0.149254 0.223881 0.238806 0.238806 0.0746269 0 0 0 0 0 0 

2240 2221 1602 95 0 0.720396 0 0 0 0 0 0 0 0 0 0 0 0 0 0 0 0 0 0 0 0.0144928 0.057971 0.115942 0.173913 0.26087 0.217391 0.0434783 0.101449 0.0144928 0 0 0 0 0 

2208 2200 1600 91 0 0.727273 0 0 0 0 0 0 0 0 0 0 0 0 0 0 0 0 0 0 0.0147059 0.0147059 0.0147059 0.0735294 0.176471 0.264706 0.235294 0.161765 0.0294118 0.0147059 0 0 0 0 0 

2240 2222 1602 89 0 0.720072 0 0 0 0 0 0 0 0 0 0 0 0 0 0 0 0 0 0 0 0.0144928 0.057971 0.101449 0.188406 0.26087 0.202899 0.101449 0.057971 0.0144928 0 0 0 0 0 

2208 2182 1603 104 0 0.733272 0 0 0 0 0 0 0 0 0 0 0 0 0 0 0 0 0 0 0.0147059 0.0294118 0.0147059 0.0441176 0.117647 0.25 0.25 0.176471 0.0882353 0.0147059 0 0 0 0 0 

2208 2199 1602 90 0 0.727603 0 0 0 0 0 0 0 0 0 0 0 0 0 0 0 0 0 0 0 0 0.0588235 0.0588235 0.25 0.205882 0.161765 0.191176 0.0735294 0 0 0 0 0 0 

2208 2202 1601 99 0 0.726612 0 0 0 0 0 0 0 0 0 0 0 0 0 0 0 0 0 0 0.0441176 0 0.0294118 0.102941 0.0882353 0.264706 0.220588 0.176471 0.0735294 0 0 0 0 0 0 

2208 2199 1600 84 0 0.727603 0 0 0 0 0 0 0 0 0 0 0 0 0 0 0 0 0 0 0.0147059 0 0.0441176 0.0588235 0.117647 0.338235 0.25 0.117647 0.0588235 0 0 0 0 0 0 

