2240 2211 1602 91 0 0.723654 0 0 0 0 0 0 0 0 0 0 0 0 0 0 0 0 0 0 0 0.0434783 0.0289855 0.057971 0.188406 0.188406 0.289855 0.173913 0.0144928 0.0144928 0 0 0 0 0 

2208 2190 1602 88 0 0.730594 0 0 0 0 0 0 0 0 0 0 0 0 0 0 0 0 0 0 0 0 0.0147059 0.0588235 0.279412 0.176471 0.220588 0.176471 0.0735294 0 0 0 0 0 0 

2272 2263 1600 109 0 0.707026 0 0 0 0 0 0 0 0 0 0 0 0 0 0 0 0 0 0 0 0.0285714 0.1 0.128571 0.228571 0.2 0.214286 0.0428571 0.0571429 0 0 0 0 0 0 

2272 2245 1603 103 0 0.712695 0 0 0 0 0 0 0 0 0 0 0 0 0 0 0 0 0 0.0142857 0 0.0428571 0.0714286 0.114286 0.171429 0.214286 0.185714 0.0714286 0.0857143 0.0285714 0 0 0 0 0 

2208 2188 1602 96 0 0.731261 0 0 0 0 0 0 0 0 0 0 0 0 0 0 0 0 0 0 0 0.0147059 0.0147059 0.0882353 0.147059 0.235294 0.279412 0.147059 0.0588235 0.0147059 0 0 0 0 0 

2208 2182 1603 101 0 0.733272 0 0 0 0 0 0 0 0 0 0 0 0 0 0 0 0 0 0 0 0.0147059 0.0441176 0.0882353 0.132353 0.191176 0.235294 0.176471 0.0882353 0.0147059 0.0147059 0 0 0 0 

2208 2193 1602 92 0 0.729594 0 0 0 0 0 0 0 0 0 0 0 0 0 0 0 0 0 0 0 0 0 0.0882353 0.264706 0.220588 0.235294 0.117647 0.0294118 0.0294118 0.0147059 0 0 0 0 

2208 2180 1602 94 0 0.733945 0 0 0 0 0 0 0 0 0 0 0 0 0 0 0 0 0 0 0 0 0.0294118 0.0588235 0.147059 0.235294 0.264706 0.205882 0.0588235 0 0 0 0 0 0 

2240 2213 1602 90 0 0.723 0 0 0 0 0 0 0 0 0 0 0 0 0 0 0 0 0 0 0 0.0144928 0.057971 0.0724638 0.144928 0.304348 0.231884 0.101449 0.057971 0.0144928 0 0 0 0 0 

2240 2214 1602 91 0 0.722674 0 0 0 0 0 0 0 0 0 0 0 0 0 0 0 0 0 0 0.0144928 0.0144928 0.057971 0.057971 0.15942 0.246377 0.231884 0.173913 0.0434783 0 0 0 0 0 0 

