2240 2232 1602 95 0 0.716846 0 0 0 0 0 0 0 0 0 0 0 0 0 0 0 0 0 0 0.057971 0.0144928 0.0434783 0.115942 0.0869565 0.231884 0.26087 0.15942 0.0289855 0 0 0 0 0 0 

2176 2162 1602 87 0 0.740056 0 0 0 0 0 0 0 0 0 0 0 0 0 0 0 0 0 0 0 0.0149254 0 0.104478 0.0895522 0.268657 0.208955 0.179104 0.104478 0.0298507 0 0 0 0 0 

2240 2217 1602 94 0 0.721696 0 0 0 0 0 0 0 0 0 0 0 0 0 0 0 0 0 0.0144928 0.0144928 0.0289855 0.0724638 0.0289855 0.188406 0.15942 0.246377 0.173913 0.057971 0.0144928 0 0 0 0 0 

2240 2220 1602 92 0 0.720721 0 0 0 0 0 0 0 0 0 0 0 0 0 0 0 0 0 0 0 0.0144928 0.0724638 0.101449 0.144928 0.217391 0.289855 0.115942 0.0289855 0.0144928 0 0 0 0 0 

2240 2218 1603 99 0 0.721371 0 0 0 0 0 0 0 0 0 0 0 0 0 0 0 0 0 0 0 0.0289855 0.0724638 0.057971 0.144928 0.289855 0.173913 0.188406 0.0434783 0 0 0 0 0 0 

2208 2196 1602 90 0 0.728597 0 0 0 0 0 0 0 0 0 0 0 0 0 0 0 0 0 0.0147059 0 0.0294118 0.0441176 0.102941 0.176471 0.147059 0.147059 0.205882 0.102941 0.0294118 0 0 0 0 0 

2208 2195 1602 95 0 0.728929 0 0 0 0 0 0 0 0 0 0 0 0 0 0 0 0 0 0 0 0 0.0441176 0.0588235 0.279412 0.147059 0.235294 0.147059 0.0735294 0.0147059 0 0 0 0 0 

2208 2195 1602 84 0 0.728929 0 0 0 0 0 0 0 0 0 0 0 0 0 0 0 0 0 0 0.0147059 0.0588235 0.0294118 0.0882353 0.102941 0.132353 0.294118 0.191176 0.0735294 0.0147059 0 0 0 0 0 

2208 2195 1602 97 0 0.728929 0 0 0 0 0 0 0 0 0 0 0 0 0 0 0 0 0 0 0 0.0294118 0.0294118 0.0588235 0.205882 0.279412 0.176471 0.102941 0.0441176 0.0735294 0 0 0 0 0 

2208 2194 1603 99 0 0.729262 0 0 0 0 0 0 0 0 0 0 0 0 0 0 0 0 0 0 0 0.0441176 0.0294118 0.0588235 0.102941 0.220588 0.323529 0.191176 0.0294118 0 0 0 0 0 0 

