2208 2188 1603 107 0 0.731261 0 0 0 0 0 0 0 0 0 0 0 0 0 0 0 0 0.0147059 0 0 0 0 0.102941 0.147059 0.235294 0.235294 0.176471 0.0882353 0 0 0 0 0 0 

2208 2191 1602 93 0 0.73026 0 0 0 0 0 0 0 0 0 0 0 0 0 0 0 0 0 0 0 0.0294118 0.0147059 0.0735294 0.235294 0.161765 0.220588 0.147059 0.102941 0.0147059 0 0 0 0 0 

2240 2213 1602 90 0 0.723 0 0 0 0 0 0 0 0 0 0 0 0 0 0 0 0 0 0 0 0.0144928 0.057971 0.115942 0.188406 0.188406 0.173913 0.188406 0.0434783 0.0289855 0 0 0 0 0 

2208 2191 1602 93 0 0.73026 0 0 0 0 0 0 0 0 0 0 0 0 0 0 0 0 0 0 0 0.0147059 0.0441176 0.0441176 0.147059 0.279412 0.279412 0.102941 0.0735294 0.0147059 0 0 0 0 0 

2240 2212 1602 91 0 0.723327 0 0 0 0 0 0 0 0 0 0 0 0 0 0 0 0 0 0 0 0 0.0289855 0.130435 0.246377 0.173913 0.217391 0.101449 0.0724638 0.0289855 0 0 0 0 0 

2240 2230 1602 92 0 0.717489 0 0 0 0 0 0 0 0 0 0 0 0 0 0 0 0 0 0 0.0144928 0.0289855 0.0434783 0.101449 0.217391 0.202899 0.217391 0.130435 0.0144928 0.0289855 0 0 0 0 0 

2208 2193 1602 98 0 0.729594 0 0 0 0 0 0 0 0 0 0 0 0 0 0 0 0 0 0 0.0294118 0 0.0441176 0.0441176 0.132353 0.25 0.264706 0.176471 0.0441176 0.0147059 0 0 0 0 0 

2208 2193 1602 91 0 0.729594 0 0 0 0 0 0 0 0 0 0 0 0 0 0 0 0 0 0 0 0 0.0294118 0.132353 0.161765 0.235294 0.176471 0.161765 0.0882353 0.0147059 0 0 0 0 0 

2208 2192 1602 93 0 0.729927 0 0 0 0 0 0 0 0 0 0 0 0 0 0 0 0 0 0 0 0 0.0294118 0.0735294 0.161765 0.264706 0.264706 0.161765 0.0441176 0 0 0 0 0 0 

2208 2196 1602 92 0 0.728597 0 0 0 0 0 0 0 0 0 0 0 0 0 0 0 0 0 0 0.0147059 0 0.0441176 0.117647 0.102941 0.264706 0.205882 0.161765 0.0735294 0.0147059 0 0 0 0 0 

