2208 2198 1603 100 0 0.727934 0 0 0 0 0 0 0 0 0 0 0 0 0 0 0 0 0 0 0.0294118 0.0735294 0.0147059 0.0441176 0.161765 0.191176 0.132353 0.220588 0.117647 0.0147059 0 0 0 0 0 

2208 2180 1602 88 0 0.733945 0 0 0 0 0 0 0 0 0 0 0 0 0 0 0 0 0 0 0.0147059 0 0.0147059 0.0882353 0.132353 0.205882 0.264706 0.176471 0.102941 0 0 0 0 0 0 

2176 2164 1602 88 0 0.739372 0 0 0 0 0 0 0 0 0 0 0 0 0 0 0 0 0 0 0 0 0.0298507 0.0746269 0.164179 0.19403 0.149254 0.313433 0.0597015 0.0149254 0 0 0 0 0 

2240 2212 1602 92 0 0.723327 0 0 0 0 0 0 0 0 0 0 0 0 0 0 0 0 0 0 0.0144928 0.0144928 0.0289855 0.0869565 0.144928 0.26087 0.26087 0.130435 0.057971 0 0 0 0 0 0 

2272 2248 1602 86 0 0.711744 0 0 0 0 0 0 0 0 0 0 0 0 0 0 0 0 0 0 0.0285714 0 0.0714286 0.185714 0.1 0.214286 0.242857 0.114286 0.0428571 0 0 0 0 0 0 

2240 2211 1602 91 0 0.723654 0 0 0 0 0 0 0 0 0 0 0 0 0 0 0 0 0 0 0.0144928 0.0144928 0.0144928 0.101449 0.231884 0.173913 0.217391 0.15942 0.0434783 0.0289855 0 0 0 0 0 

2176 2170 1602 89 0 0.737327 0 0 0 0 0 0 0 0 0 0 0 0 0 0 0 0 0 0.0149254 0 0.0149254 0.0149254 0.0447761 0.119403 0.208955 0.298507 0.223881 0.0597015 0 0 0 0 0 0 

2240 2231 1603 103 0 0.717167 0 0 0 0 0 0 0 0 0 0 0 0 0 0 0 0 0 0 0 0.0289855 0.057971 0.115942 0.173913 0.246377 0.26087 0.0434783 0.0434783 0.0289855 0 0 0 0 0 

2272 2254 1603 108 0 0.709849 0 0 0 0 0 0 0 0 0 0 0 0 0 0 0 0 0 0.0142857 0.0142857 0.0142857 0.1 0.1 0.242857 0.142857 0.2 0.0857143 0.0571429 0.0285714 0 0 0 0 0 

2208 2186 1603 100 0 0.73193 0 0 0 0 0 0 0 0 0 0 0 0 0 0 0 0 0 0 0.0147059 0.0147059 0.0294118 0.0735294 0.147059 0.161765 0.264706 0.205882 0.0882353 0 0 0 0 0 0 

