2208 2197 1602 96 0 0.728266 0 0 0 0 0 0 0 0 0 0 0 0 0 0 0 0 0 0 0 0.0147059 0.0147059 0.0735294 0.176471 0.264706 0.279412 0.147059 0.0147059 0.0147059 0 0 0 0 0 

2208 2190 1602 88 0 0.730594 0 0 0 0 0 0 0 0 0 0 0 0 0 0 0 0 0 0 0 0.0147059 0.0588235 0.0882353 0.147059 0.220588 0.161765 0.205882 0.0735294 0.0294118 0 0 0 0 0 

2240 2216 1602 96 0 0.722022 0 0 0 0 0 0 0 0 0 0 0 0 0 0 0 0 0 0 0.0144928 0 0.0289855 0.144928 0.144928 0.202899 0.289855 0.130435 0.0289855 0.0144928 0 0 0 0 0 

2208 2187 1602 90 0 0.731596 0 0 0 0 0 0 0 0 0 0 0 0 0 0 0 0 0 0 0.0147059 0.0441176 0 0.0588235 0.191176 0.220588 0.132353 0.191176 0.147059 0 0 0 0 0 0 

2208 2187 1602 90 0 0.731596 0 0 0 0 0 0 0 0 0 0 0 0 0 0 0 0 0 0.0147059 0.0147059 0.0294118 0.0294118 0.0588235 0.102941 0.161765 0.323529 0.161765 0.0735294 0.0294118 0 0 0 0 0 

2240 2222 1603 101 0 0.720072 0 0 0 0 0 0 0 0 0 0 0 0 0 0 0 0 0 0 0 0.0289855 0.0434783 0.0434783 0.246377 0.231884 0.275362 0.0869565 0.0289855 0 0.0144928 0 0 0 0 

2240 2211 1602 96 0 0.723654 0 0 0 0 0 0 0 0 0 0 0 0 0 0 0 0 0 0 0.0144928 0.0144928 0.057971 0.0434783 0.231884 0.231884 0.130435 0.173913 0.0869565 0.0144928 0 0 0 0 0 

2240 2228 1602 96 0 0.718133 0 0 0 0 0 0 0 0 0 0 0 0 0 0 0 0 0 0 0 0.0289855 0.057971 0.130435 0.202899 0.173913 0.217391 0.115942 0.057971 0.0144928 0 0 0 0 0 

2240 2217 1603 99 0 0.721696 0 0 0 0 0 0 0 0 0 0 0 0 0 0 0 0 0 0.0144928 0 0.0144928 0.0144928 0.101449 0.202899 0.217391 0.246377 0.130435 0.0434783 0.0144928 0 0 0 0 0 

2208 2200 1602 89 0 0.727273 0 0 0 0 0 0 0 0 0 0 0 0 0 0 0 0 0 0 0 0 0 0.117647 0.220588 0.235294 0.220588 0.176471 0.0294118 0 0 0 0 0 0 

