2208 2196 1602 90 0 0.728597 0 0 0 0 0 0 0 0 0 0 0 0 0 0 0 0 0 0.0147059 0 0 0.0588235 0.0735294 0.205882 0.176471 0.205882 0.147059 0.0882353 0.0294118 0 0 0 0 0 

2208 2194 1602 89 0 0.729262 0 0 0 0 0 0 0 0 0 0 0 0 0 0 0 0 0 0 0 0 0.0735294 0.0882353 0.132353 0.220588 0.220588 0.191176 0.0735294 0 0 0 0 0 0 

2240 2222 1602 87 0 0.720072 0 0 0 0 0 0 0 0 0 0 0 0 0 0 0 0 0.0144928 0 0.0434783 0 0.0289855 0.0869565 0.15942 0.217391 0.246377 0.115942 0.0724638 0.0144928 0 0 0 0 0 

2208 2181 1602 92 0 0.733608 0 0 0 0 0 0 0 0 0 0 0 0 0 0 0 0 0.0147059 0 0 0 0.0147059 0.0735294 0.161765 0.176471 0.264706 0.205882 0.0882353 0 0 0 0 0 0 

2208 2196 1603 100 0 0.728597 0 0 0 0 0 0 0 0 0 0 0 0 0 0 0 0 0 0 0 0.0147059 0.0735294 0.0735294 0.161765 0.205882 0.220588 0.147059 0.0588235 0.0441176 0 0 0 0 0 

2208 2182 1602 96 0 0.733272 0 0 0 0 0 0 0 0 0 0 0 0 0 0 0 0 0 0 0 0 0.0147059 0.0294118 0.264706 0.191176 0.220588 0.220588 0.0588235 0 0 0 0 0 0 

2208 2196 1602 98 0 0.728597 0 0 0 0 0 0 0 0 0 0 0 0 0 0 0 0 0 0.0147059 0 0.0147059 0.0147059 0.0588235 0.161765 0.279412 0.220588 0.191176 0.0441176 0 0 0 0 0 0 

2208 2186 1602 92 0 0.73193 0 0 0 0 0 0 0 0 0 0 0 0 0 0 0 0 0 0 0 0.0294118 0 0.0735294 0.161765 0.25 0.235294 0.176471 0.0441176 0.0294118 0 0 0 0 0 

2240 2229 1603 104 0 0.717811 0 0 0 0 0 0 0 0 0 0 0 0 0 0 0 0 0 0 0 0.0289855 0.0144928 0.144928 0.275362 0.173913 0.188406 0.101449 0.0289855 0.0434783 0 0 0 0 0 

2176 2161 1602 91 0 0.740398 0 0 0 0 0 0 0 0 0 0 0 0 0 0 0 0 0 0 0 0 0.0298507 0.119403 0.104478 0.179104 0.223881 0.179104 0.149254 0.0149254 0 0 0 0 0 

