2208 2183 1602 96 0 0.732936 0 0 0 0 0 0 0 0 0 0 0 0 0 0 0 0 0 0 0 0.0147059 0.0147059 0.117647 0.161765 0.147059 0.264706 0.176471 0.0735294 0.0294118 0 0 0 0 0 

2208 2186 1602 94 0 0.73193 0 0 0 0 0 0 0 0 0 0 0 0 0 0 0 0 0 0 0 0 0.0588235 0.0588235 0.132353 0.279412 0.235294 0.132353 0.0735294 0.0294118 0 0 0 0 0 

2208 2195 1602 87 0 0.728929 0 0 0 0 0 0 0 0 0 0 0 0 0 0 0 0 0 0 0 0.0147059 0.0294118 0.147059 0.102941 0.205882 0.294118 0.132353 0.0294118 0.0441176 0 0 0 0 0 

2208 2197 1603 99 0 0.728266 0 0 0 0 0 0 0 0 0 0 0 0 0 0 0 0 0 0 0 0 0.0147059 0.132353 0.176471 0.191176 0.264706 0.176471 0.0441176 0 0 0 0 0 0 

2240 2211 1602 98 0 0.723654 0 0 0 0 0 0 0 0 0 0 0 0 0 0 0 0 0 0 0 0.0144928 0.0144928 0.130435 0.217391 0.144928 0.275362 0.144928 0.0434783 0.0144928 0 0 0 0 0 

2208 2191 1602 88 0 0.73026 0 0 0 0 0 0 0 0 0 0 0 0 0 0 0 0 0 0 0 0 0.0294118 0.117647 0.176471 0.205882 0.191176 0.205882 0.0588235 0.0147059 0 0 0 0 0 

2208 2190 1602 88 0 0.730594 0 0 0 0 0 0 0 0 0 0 0 0 0 0 0 0 0 0 0 0.0147059 0.0441176 0.0735294 0.205882 0.132353 0.294118 0.147059 0.0588235 0.0147059 0.0147059 0 0 0 0 

2208 2204 1601 104 0 0.725953 0 0 0 0 0 0 0 0 0 0 0 0 0 0 0 0 0 0 0 0 0.0294118 0.205882 0.161765 0.147059 0.205882 0.132353 0.117647 0 0 0 0 0 0 

2240 2211 1602 84 0 0.723654 0 0 0 0 0 0 0 0 0 0 0 0 0 0 0 0 0 0 0.0289855 0.0144928 0.0289855 0.0869565 0.115942 0.275362 0.217391 0.173913 0.0434783 0.0144928 0 0 0 0 0 

2208 2196 1602 98 0 0.728597 0 0 0 0 0 0 0 0 0 0 0 0 0 0 0 0 0 0 0 0.0294118 0.0147059 0.0588235 0.191176 0.308824 0.132353 0.205882 0.0441176 0.0147059 0 0 0 0 0 

