2208 2191 1603 100 0 0.73026 0 0 0 0 0 0 0 0 0 0 0 0 0 0 0 0 0 0 0 0.0147059 0.0147059 0.132353 0.147059 0.161765 0.294118 0.147059 0.0735294 0.0147059 0 0 0 0 0 

2240 2217 1602 97 0 0.721696 0 0 0 0 0 0 0 0 0 0 0 0 0 0 0 0 0 0.0144928 0 0 0.0289855 0.0869565 0.231884 0.246377 0.231884 0.0724638 0.057971 0.0289855 0 0 0 0 0 

2208 2194 1602 95 0 0.729262 0 0 0 0 0 0 0 0 0 0 0 0 0 0 0 0 0 0 0 0.0147059 0.0294118 0.0441176 0.176471 0.235294 0.338235 0.117647 0.0441176 0 0 0 0 0 0 

2240 2214 1602 93 0 0.722674 0 0 0 0 0 0 0 0 0 0 0 0 0 0 0 0 0 0 0 0.0144928 0.057971 0.130435 0.0869565 0.304348 0.217391 0.0869565 0.0869565 0.0144928 0 0 0 0 0 

2176 2169 1600 90 0 0.737667 0 0 0 0 0 0 0 0 0 0 0 0 0 0 0 0 0 0 0 0 0 0.104478 0.179104 0.223881 0.208955 0.149254 0.119403 0.0149254 0 0 0 0 0 

2208 2191 1602 91 0 0.73026 0 0 0 0 0 0 0 0 0 0 0 0 0 0 0 0 0 0 0 0.0147059 0.0588235 0.0441176 0.176471 0.205882 0.264706 0.147059 0.0735294 0.0147059 0 0 0 0 0 

2176 2149 1602 89 0 0.744532 0 0 0 0 0 0 0 0 0 0 0 0 0 0 0 0 0 0 0 0 0 0.0597015 0.134328 0.238806 0.223881 0.19403 0.119403 0.0298507 0 0 0 0 0 

2208 2200 1602 85 0 0.727273 0 0 0 0 0 0 0 0 0 0 0 0 0 0 0 0 0 0 0.0147059 0 0.0441176 0.0735294 0.176471 0.25 0.220588 0.147059 0.0735294 0 0 0 0 0 0 

2208 2192 1602 93 0 0.729927 0 0 0 0 0 0 0 0 0 0 0 0 0 0 0 0 0 0 0.0147059 0.0147059 0.0441176 0.0588235 0.132353 0.220588 0.220588 0.264706 0.0294118 0 0 0 0 0 0 

2240 2223 1603 99 0 0.719748 0 0 0 0 0 0 0 0 0 0 0 0 0 0 0 0 0 0 0 0.0144928 0.0724638 0.0869565 0.15942 0.26087 0.231884 0.130435 0.0434783 0 0 0 0 0 0 

