2208 2186 1602 88 0 0.73193 0 0 0 0 0 0 0 0 0 0 0 0 0 0 0 0 0 0 0 0.0147059 0.0882353 0.0735294 0.191176 0.102941 0.220588 0.117647 0.147059 0.0441176 0 0 0 0 0 

2208 2195 1602 95 0 0.728929 0 0 0 0 0 0 0 0 0 0 0 0 0 0 0 0 0 0 0.0294118 0.0294118 0.0294118 0.0588235 0.117647 0.176471 0.323529 0.191176 0.0294118 0 0.0147059 0 0 0 0 

2240 2220 1602 97 0 0.720721 0 0 0 0 0 0 0 0 0 0 0 0 0 0 0 0 0 0 0.0144928 0.0434783 0.0724638 0.0724638 0.173913 0.202899 0.173913 0.130435 0.0724638 0.0434783 0 0 0 0 0 

2208 2192 1602 96 0 0.729927 0 0 0 0 0 0 0 0 0 0 0 0 0 0 0 0 0 0 0.0147059 0 0.0441176 0.0735294 0.132353 0.279412 0.220588 0.132353 0.0882353 0.0147059 0 0 0 0 0 

2176 2153 1601 81 0 0.743149 0 0 0 0 0 0 0 0 0 0 0 0 0 0 0 0 0 0 0 0 0.0298507 0.0597015 0.0895522 0.238806 0.253731 0.19403 0.119403 0.0149254 0 0 0 0 0 

2240 2224 1603 101 0 0.719424 0 0 0 0 0 0 0 0 0 0 0 0 0 0 0 0 0 0 0 0.0144928 0.101449 0.057971 0.173913 0.275362 0.173913 0.130435 0.0724638 0 0 0 0 0 0 

2176 2166 1602 88 0 0.738689 0 0 0 0 0 0 0 0 0 0 0 0 0 0 0 0 0 0 0 0.0149254 0.0447761 0.0447761 0.0895522 0.268657 0.223881 0.238806 0.0447761 0.0298507 0 0 0 0 0 

2176 2165 1602 88 0 0.73903 0 0 0 0 0 0 0 0 0 0 0 0 0 0 0 0 0 0 0 0 0.0298507 0.0597015 0.164179 0.223881 0.223881 0.164179 0.119403 0.0149254 0 0 0 0 0 

2240 2213 1603 100 0 0.723 0 0 0 0 0 0 0 0 0 0 0 0 0 0 0 0 0 0 0 0.0289855 0.0434783 0.0724638 0.202899 0.217391 0.202899 0.144928 0.0869565 0 0 0 0 0 0 

2240 2228 1603 106 0 0.718133 0 0 0 0 0 0 0 0 0 0 0 0 0 0 0 0 0 0 0.0144928 0.0289855 0.0434783 0.057971 0.275362 0.188406 0.202899 0.115942 0.0724638 0 0 0 0 0 0 

