2176 2169 1602 94 0 0.737667 0 0 0 0 0 0 0 0 0 0 0 0 0 0 0 0 0 0 0.0149254 0.0149254 0.0149254 0.0298507 0.149254 0.19403 0.343284 0.164179 0.0447761 0.0298507 0 0 0 0 0 

2208 2179 1602 91 0 0.734282 0 0 0 0 0 0 0 0 0 0 0 0 0 0 0 0 0 0 0 0 0.0441176 0.102941 0.132353 0.205882 0.191176 0.205882 0.0882353 0.0294118 0 0 0 0 0 

2240 2230 1602 93 0 0.717489 0 0 0 0 0 0 0 0 0 0 0 0 0 0 0 0 0 0 0 0.0289855 0.057971 0.130435 0.144928 0.246377 0.217391 0.144928 0.0289855 0 0 0 0 0 0 

2240 2214 1602 98 0 0.722674 0 0 0 0 0 0 0 0 0 0 0 0 0 0 0 0 0 0 0 0.0144928 0.0724638 0.0869565 0.188406 0.15942 0.231884 0.202899 0.0434783 0 0 0 0 0 0 

2208 2184 1602 94 0 0.732601 0 0 0 0 0 0 0 0 0 0 0 0 0 0 0 0 0 0 0 0 0.0294118 0.102941 0.147059 0.176471 0.279412 0.191176 0.0735294 0 0 0 0 0 0 

2240 2220 1603 100 0 0.720721 0 0 0 0 0 0 0 0 0 0 0 0 0 0 0 0 0 0 0.0144928 0 0.101449 0.101449 0.15942 0.173913 0.231884 0.101449 0.101449 0.0144928 0 0 0 0 0 

2208 2188 1602 89 0 0.731261 0 0 0 0 0 0 0 0 0 0 0 0 0 0 0 0 0 0 0 0.0147059 0.0294118 0.0441176 0.161765 0.220588 0.323529 0.176471 0.0147059 0.0147059 0 0 0 0 0 

2272 2250 1603 101 0 0.711111 0 0 0 0 0 0 0 0 0 0 0 0 0 0 0 0 0 0.0142857 0.0142857 0.0428571 0.0714286 0.128571 0.128571 0.185714 0.214286 0.142857 0.0428571 0.0142857 0 0 0 0 0 

2208 2179 1602 97 0 0.734282 0 0 0 0 0 0 0 0 0 0 0 0 0 0 0 0 0 0 0 0.0147059 0.0441176 0.0882353 0.0735294 0.205882 0.338235 0.132353 0.0735294 0.0147059 0.0147059 0 0 0 0 

2208 2191 1602 96 0 0.73026 0 0 0 0 0 0 0 0 0 0 0 0 0 0 0 0 0 0 0 0 0.0441176 0.0735294 0.205882 0.264706 0.147059 0.147059 0.0882353 0.0294118 0 0 0 0 0 

