2272 2247 1602 96 0 0.712061 0 0 0 0 0 0 0 0 0 0 0 0 0 0 0 0 0 0 0 0.0142857 0.0857143 0.142857 0.171429 0.242857 0.185714 0.114286 0.0285714 0.0142857 0 0 0 0 0 

2176 2169 1600 94 0 0.737667 0 0 0 0 0 0 0 0 0 0 0 0 0 0 0 0 0 0 0 0.0149254 0 0.0597015 0.149254 0.223881 0.298507 0.19403 0.0597015 0 0 0 0 0 0 

2176 2171 1600 93 0 0.736988 0 0 0 0 0 0 0 0 0 0 0 0 0 0 0 0 0 0.0149254 0 0 0.0149254 0.0746269 0.164179 0.238806 0.179104 0.208955 0.0746269 0.0149254 0.0149254 0 0 0 0 

2208 2195 1602 89 0 0.728929 0 0 0 0 0 0 0 0 0 0 0 0 0 0 0 0 0 0.0147059 0 0.0147059 0.0147059 0.0441176 0.132353 0.367647 0.161765 0.235294 0 0.0147059 0 0 0 0 0 

2208 2191 1602 93 0 0.73026 0 0 0 0 0 0 0 0 0 0 0 0 0 0 0 0 0 0 0 0 0.0294118 0.0735294 0.220588 0.235294 0.220588 0.117647 0.0735294 0.0294118 0 0 0 0 0 

2208 2182 1602 95 0 0.733272 0 0 0 0 0 0 0 0 0 0 0 0 0 0 0 0 0 0 0.0147059 0.0147059 0.0441176 0.0735294 0.0882353 0.235294 0.220588 0.176471 0.132353 0 0 0 0 0 0 

2208 2185 1602 89 0 0.732265 0 0 0 0 0 0 0 0 0 0 0 0 0 0 0 0 0 0 0 0.0294118 0.0147059 0.0882353 0.147059 0.220588 0.235294 0.176471 0.0441176 0.0294118 0.0147059 0 0 0 0 

2208 2201 1600 93 0 0.726942 0 0 0 0 0 0 0 0 0 0 0 0 0 0 0 0 0 0 0.0147059 0.0147059 0.0441176 0.102941 0.147059 0.205882 0.205882 0.205882 0.0441176 0.0147059 0 0 0 0 0 

2208 2198 1602 91 0 0.727934 0 0 0 0 0 0 0 0 0 0 0 0 0 0 0 0 0 0 0 0.0147059 0 0.117647 0.220588 0.205882 0.220588 0.132353 0.0882353 0 0 0 0 0 0 

2208 2200 1600 93 0 0.727273 0 0 0 0 0 0 0 0 0 0 0 0 0 0 0 0 0 0 0.0294118 0.0294118 0 0.0735294 0.147059 0.235294 0.279412 0.147059 0.0441176 0.0147059 0 0 0 0 0 

