2208 2179 1602 97 0 0.734282 0 0 0 0 0 0 0 0 0 0 0 0 0 0 0 0 0 0 0 0.0147059 0.0294118 0.0735294 0.132353 0.220588 0.220588 0.220588 0.0735294 0.0147059 0 0 0 0 0 

2208 2181 1602 97 0 0.733608 0 0 0 0 0 0 0 0 0 0 0 0 0 0 0 0 0 0 0 0 0.0147059 0.0882353 0.132353 0.279412 0.220588 0.191176 0.0588235 0.0147059 0 0 0 0 0 

2272 2246 1603 98 0 0.712378 0 0 0 0 0 0 0 0 0 0 0 0 0 0 0 0 0 0 0 0.0142857 0.1 0.142857 0.114286 0.285714 0.157143 0.142857 0.0428571 0 0 0 0 0 0 

2208 2183 1602 93 0 0.732936 0 0 0 0 0 0 0 0 0 0 0 0 0 0 0 0 0 0 0 0 0 0.102941 0.176471 0.220588 0.220588 0.220588 0.0588235 0 0 0 0 0 0 

2208 2193 1602 96 0 0.729594 0 0 0 0 0 0 0 0 0 0 0 0 0 0 0 0 0 0 0 0 0.0441176 0.117647 0.191176 0.191176 0.191176 0.161765 0.0588235 0.0441176 0 0 0 0 0 

2240 2231 1600 91 0 0.717167 0 0 0 0 0 0 0 0 0 0 0 0 0 0 0 0 0 0 0 0.0289855 0.0869565 0.0869565 0.173913 0.246377 0.217391 0.101449 0.0434783 0.0144928 0 0 0 0 0 

2208 2181 1602 90 0 0.733608 0 0 0 0 0 0 0 0 0 0 0 0 0 0 0 0 0 0 0 0.0147059 0.0294118 0.0441176 0.117647 0.25 0.338235 0.147059 0.0441176 0 0.0147059 0 0 0 0 

2240 2221 1602 92 0 0.720396 0 0 0 0 0 0 0 0 0 0 0 0 0 0 0 0 0 0 0 0.0144928 0.057971 0.15942 0.188406 0.173913 0.15942 0.15942 0.057971 0.0289855 0 0 0 0 0 

2240 2218 1602 92 0 0.721371 0 0 0 0 0 0 0 0 0 0 0 0 0 0 0 0 0 0 0 0.0289855 0.0724638 0.0869565 0.202899 0.217391 0.130435 0.144928 0.101449 0.0144928 0 0 0 0 0 

2208 2189 1602 97 0 0.730927 0 0 0 0 0 0 0 0 0 0 0 0 0 0 0 0 0 0 0.0147059 0.0147059 0.0441176 0.0735294 0.191176 0.147059 0.264706 0.0882353 0.117647 0.0441176 0 0 0 0 0 

