2208 2191 1602 95 0 0.73026 0 0 0 0 0 0 0 0 0 0 0 0 0 0 0 0 0 0 0 0.0147059 0.0294118 0.117647 0.161765 0.191176 0.235294 0.147059 0.0588235 0.0441176 0 0 0 0 0 

2176 2168 1602 98 0 0.738007 0 0 0 0 0 0 0 0 0 0 0 0 0 0 0 0 0 0 0 0.0149254 0.0597015 0.0895522 0.0597015 0.208955 0.268657 0.164179 0.104478 0.0298507 0 0 0 0 0 

2240 2236 1600 92 0 0.715564 0 0 0 0 0 0 0 0 0 0 0 0 0 0 0 0 0 0 0 0.0144928 0.101449 0.0869565 0.173913 0.304348 0.173913 0.101449 0.0289855 0.0144928 0 0 0 0 0 

2208 2198 1602 89 0 0.727934 0 0 0 0 0 0 0 0 0 0 0 0 0 0 0 0 0 0 0 0.0147059 0.0441176 0.0441176 0.235294 0.220588 0.25 0.0882353 0.0882353 0.0147059 0 0 0 0 0 

2176 2164 1602 93 0 0.739372 0 0 0 0 0 0 0 0 0 0 0 0 0 0 0 0 0 0 0 0.0298507 0 0.119403 0.149254 0.149254 0.149254 0.268657 0.104478 0.0298507 0 0 0 0 0 

2208 2183 1602 97 0 0.732936 0 0 0 0 0 0 0 0 0 0 0 0 0 0 0 0 0 0 0 0.0294118 0.0294118 0.0735294 0.132353 0.191176 0.294118 0.132353 0.0882353 0.0294118 0 0 0 0 0 

2240 2214 1602 91 0 0.722674 0 0 0 0 0 0 0 0 0 0 0 0 0 0 0 0 0 0 0.0144928 0.0434783 0.0144928 0.101449 0.144928 0.217391 0.246377 0.130435 0.0869565 0 0 0 0 0 0 

2240 2217 1603 99 0 0.721696 0 0 0 0 0 0 0 0 0 0 0 0 0 0 0 0 0 0 0 0.0144928 0.0434783 0.057971 0.173913 0.333333 0.231884 0.0869565 0.057971 0 0 0 0 0 0 

2240 2224 1602 95 0 0.719424 0 0 0 0 0 0 0 0 0 0 0 0 0 0 0 0 0 0 0 0.0289855 0.0434783 0.0869565 0.15942 0.304348 0.231884 0.101449 0.0434783 0 0 0 0 0 0 

2208 2188 1602 98 0 0.731261 0 0 0 0 0 0 0 0 0 0 0 0 0 0 0 0 0 0 0.0147059 0.0294118 0.0882353 0.0147059 0.161765 0.205882 0.191176 0.117647 0.117647 0.0441176 0.0147059 0 0 0 0 

