2272 2244 1603 105 0 0.713012 0 0 0 0 0 0 0 0 0 0 0 0 0 0 0 0 0 0 0.0142857 0.0142857 0.0857143 0.114286 0.171429 0.242857 0.171429 0.114286 0.0571429 0.0142857 0 0 0 0 0 

2208 2193 1602 94 0 0.729594 0 0 0 0 0 0 0 0 0 0 0 0 0 0 0 0 0 0 0 0 0.0882353 0.0882353 0.161765 0.176471 0.25 0.117647 0.0588235 0.0441176 0.0147059 0 0 0 0 

2208 2193 1602 97 0 0.729594 0 0 0 0 0 0 0 0 0 0 0 0 0 0 0 0 0 0 0 0.0147059 0.0588235 0.0441176 0.161765 0.235294 0.25 0.161765 0.0735294 0 0 0 0 0 0 

2208 2179 1602 95 0 0.734282 0 0 0 0 0 0 0 0 0 0 0 0 0 0 0 0 0 0 0 0 0.0294118 0.161765 0.0882353 0.205882 0.176471 0.205882 0.102941 0.0294118 0 0 0 0 0 

2208 2192 1602 94 0 0.729927 0 0 0 0 0 0 0 0 0 0 0 0 0 0 0 0 0 0 0.0147059 0.0147059 0.0294118 0.0882353 0.191176 0.161765 0.220588 0.191176 0.0441176 0.0441176 0 0 0 0 0 

2208 2189 1602 93 0 0.730927 0 0 0 0 0 0 0 0 0 0 0 0 0 0 0 0 0 0 0.0147059 0 0.0294118 0.0735294 0.132353 0.264706 0.235294 0.176471 0.0735294 0 0 0 0 0 0 

2240 2217 1602 95 0 0.721696 0 0 0 0 0 0 0 0 0 0 0 0 0 0 0 0 0 0 0 0.0289855 0.057971 0.115942 0.188406 0.144928 0.188406 0.217391 0.057971 0 0 0 0 0 0 

2176 2166 1602 97 0 0.738689 0 0 0 0 0 0 0 0 0 0 0 0 0 0 0 0 0 0.0149254 0 0 0.0746269 0.0298507 0.0746269 0.238806 0.268657 0.149254 0.134328 0.0149254 0 0 0 0 0 

2208 2179 1602 97 0 0.734282 0 0 0 0 0 0 0 0 0 0 0 0 0 0 0 0 0 0 0 0 0.0147059 0.117647 0.102941 0.235294 0.264706 0.176471 0.0735294 0.0147059 0 0 0 0 0 

2208 2185 1602 91 0 0.732265 0 0 0 0 0 0 0 0 0 0 0 0 0 0 0 0 0 0 0 0 0.0147059 0.132353 0.117647 0.205882 0.308824 0.132353 0.0735294 0.0147059 0 0 0 0 0 

