2240 2215 1603 105 0 0.722348 0 0 0 0 0 0 0 0 0 0 0 0 0 0 0 0 0 0.0144928 0.0144928 0.0289855 0.057971 0.0724638 0.188406 0.130435 0.231884 0.130435 0.101449 0.0289855 0 0 0 0 0 

2240 2214 1602 93 0 0.722674 0 0 0 0 0 0 0 0 0 0 0 0 0 0 0 0 0 0 0 0.0144928 0.057971 0.130435 0.173913 0.173913 0.173913 0.217391 0.0434783 0.0144928 0 0 0 0 0 

2240 2225 1602 93 0 0.719101 0 0 0 0 0 0 0 0 0 0 0 0 0 0 0 0 0 0 0.0144928 0 0.101449 0.101449 0.15942 0.202899 0.231884 0.101449 0.0724638 0.0144928 0 0 0 0 0 

2208 2196 1602 84 0 0.728597 0 0 0 0 0 0 0 0 0 0 0 0 0 0 0 0 0 0 0 0 0.0294118 0.117647 0.205882 0.220588 0.176471 0.147059 0.0882353 0.0147059 0 0 0 0 0 

2208 2181 1602 87 0 0.733608 0 0 0 0 0 0 0 0 0 0 0 0 0 0 0 0 0 0 0.0294118 0.0294118 0.0147059 0.0588235 0.102941 0.191176 0.220588 0.294118 0.0294118 0.0294118 0 0 0 0 0 

2208 2191 1602 88 0 0.73026 0 0 0 0 0 0 0 0 0 0 0 0 0 0 0 0 0 0 0.0147059 0.0147059 0.0294118 0.0735294 0.147059 0.264706 0.235294 0.0882353 0.102941 0.0147059 0.0147059 0 0 0 0 

2208 2196 1602 97 0 0.728597 0 0 0 0 0 0 0 0 0 0 0 0 0 0 0 0 0 0 0 0.0294118 0.0735294 0.0441176 0.147059 0.205882 0.220588 0.235294 0.0294118 0.0147059 0 0 0 0 0 

2240 2225 1602 95 0 0.719101 0 0 0 0 0 0 0 0 0 0 0 0 0 0 0 0 0 0 0.0289855 0.0144928 0.0724638 0.057971 0.15942 0.202899 0.318841 0.0869565 0.057971 0 0 0 0 0 0 

2208 2196 1602 93 0 0.728597 0 0 0 0 0 0 0 0 0 0 0 0 0 0 0 0 0 0 0 0.0147059 0.0147059 0.117647 0.132353 0.294118 0.147059 0.25 0.0294118 0 0 0 0 0 0 

2208 2182 1602 93 0 0.733272 0 0 0 0 0 0 0 0 0 0 0 0 0 0 0 0 0 0 0 0 0.0147059 0.0588235 0.161765 0.294118 0.205882 0.205882 0.0588235 0 0 0 0 0 0 

