2240 2217 1602 88 0 0.721696 0 0 0 0 0 0 0 0 0 0 0 0 0 0 0 0 0 0 0 0.0434783 0.0144928 0.130435 0.115942 0.304348 0.217391 0.0869565 0.057971 0.0289855 0 0 0 0 0 

2208 2184 1602 90 0 0.732601 0 0 0 0 0 0 0 0 0 0 0 0 0 0 0 0 0 0 0.0147059 0.0147059 0.0441176 0.117647 0.0882353 0.161765 0.264706 0.191176 0.0441176 0.0441176 0.0147059 0 0 0 0 

2208 2189 1602 92 0 0.730927 0 0 0 0 0 0 0 0 0 0 0 0 0 0 0 0 0 0 0 0.0147059 0.0588235 0.0147059 0.220588 0.191176 0.220588 0.220588 0.0441176 0.0147059 0 0 0 0 0 

2240 2222 1602 91 0 0.720072 0 0 0 0 0 0 0 0 0 0 0 0 0 0 0 0 0 0 0.0144928 0.0144928 0.0434783 0.101449 0.130435 0.304348 0.231884 0.115942 0.0289855 0.0144928 0 0 0 0 0 

2208 2191 1602 91 0 0.73026 0 0 0 0 0 0 0 0 0 0 0 0 0 0 0 0 0 0 0.0147059 0.0294118 0.0294118 0.102941 0.0882353 0.205882 0.25 0.176471 0.102941 0 0 0 0 0 0 

2240 2226 1602 90 0 0.718778 0 0 0 0 0 0 0 0 0 0 0 0 0 0 0 0 0 0 0 0.0289855 0.057971 0.101449 0.173913 0.26087 0.173913 0.173913 0.0144928 0.0144928 0 0 0 0 0 

2272 2249 1602 90 0 0.711427 0 0 0 0 0 0 0 0 0 0 0 0 0 0 0 0 0 0.0142857 0 0.0285714 0.0571429 0.128571 0.2 0.214286 0.185714 0.114286 0.0571429 0 0 0 0 0 0 

2176 2169 1600 91 0 0.737667 0 0 0 0 0 0 0 0 0 0 0 0 0 0 0 0 0 0 0 0.0149254 0.0149254 0.0447761 0.119403 0.313433 0.253731 0.134328 0.0895522 0.0149254 0 0 0 0 0 

2208 2183 1602 97 0 0.732936 0 0 0 0 0 0 0 0 0 0 0 0 0 0 0 0 0 0 0 0.0441176 0.0147059 0.0588235 0.161765 0.25 0.191176 0.132353 0.0882353 0.0588235 0 0 0 0 0 

2208 2192 1602 84 0 0.729927 0 0 0 0 0 0 0 0 0 0 0 0 0 0 0 0 0 0.0147059 0.0147059 0.0147059 0.0294118 0.0588235 0.147059 0.191176 0.279412 0.161765 0.0735294 0 0.0147059 0 0 0 0 

