2272 2249 1602 97 0 0.711427 0 0 0 0 0 0 0 0 0 0 0 0 0 0 0 0 0 0 0.0142857 0 0.0428571 0.128571 0.285714 0.242857 0.128571 0.114286 0.0285714 0.0142857 0 0 0 0 0 

2240 2218 1602 94 0 0.721371 0 0 0 0 0 0 0 0 0 0 0 0 0 0 0 0 0 0 0 0.0144928 0.0289855 0.101449 0.217391 0.217391 0.26087 0.101449 0.057971 0 0 0 0 0 0 

2240 2222 1602 91 0 0.720072 0 0 0 0 0 0 0 0 0 0 0 0 0 0 0 0 0 0 0 0.0144928 0.0434783 0.101449 0.188406 0.289855 0.202899 0.0869565 0.0724638 0 0 0 0 0 0 

2208 2182 1602 91 0 0.733272 0 0 0 0 0 0 0 0 0 0 0 0 0 0 0 0 0 0 0.0147059 0.0147059 0.0441176 0.0441176 0.0882353 0.279412 0.235294 0.191176 0.0588235 0.0294118 0 0 0 0 0 

2208 2197 1602 87 0 0.728266 0 0 0 0 0 0 0 0 0 0 0 0 0 0 0 0 0 0 0 0.0294118 0.0294118 0.0441176 0.117647 0.367647 0.220588 0.132353 0.0588235 0 0 0 0 0 0 

2240 2219 1603 103 0 0.721045 0 0 0 0 0 0 0 0 0 0 0 0 0 0 0 0 0 0 0 0 0.0434783 0.130435 0.231884 0.217391 0.188406 0.0869565 0.0724638 0.0289855 0 0 0 0 0 

2176 2162 1602 93 0 0.740056 0 0 0 0 0 0 0 0 0 0 0 0 0 0 0 0 0 0 0 0.0149254 0.0149254 0.0447761 0.179104 0.223881 0.19403 0.208955 0.0746269 0.0447761 0 0 0 0 0 

2208 2196 1602 94 0 0.728597 0 0 0 0 0 0 0 0 0 0 0 0 0 0 0 0 0 0 0.0294118 0.0294118 0.0147059 0.0735294 0.191176 0.147059 0.220588 0.235294 0.0294118 0.0147059 0.0147059 0 0 0 0 

2240 2222 1602 88 0 0.720072 0 0 0 0 0 0 0 0 0 0 0 0 0 0 0 0 0 0 0 0.057971 0.0144928 0.115942 0.15942 0.217391 0.26087 0.130435 0.0144928 0.0289855 0 0 0 0 0 

2208 2189 1602 95 0 0.730927 0 0 0 0 0 0 0 0 0 0 0 0 0 0 0 0 0 0 0 0.0294118 0.0588235 0.0735294 0.161765 0.161765 0.220588 0.176471 0.0735294 0.0441176 0 0 0 0 0 

