2240 2222 1603 100 0 0.720072 0 0 0 0 0 0 0 0 0 0 0 0 0 0 0 0 0 0 0 0.0724638 0 0.130435 0.173913 0.144928 0.275362 0.130435 0.0724638 0 0 0 0 0 0 

2208 2198 1602 88 0 0.727934 0 0 0 0 0 0 0 0 0 0 0 0 0 0 0 0 0 0 0 0 0.0294118 0.191176 0.147059 0.147059 0.220588 0.176471 0.0735294 0.0147059 0 0 0 0 0 

2240 2223 1602 98 0 0.719748 0 0 0 0 0 0 0 0 0 0 0 0 0 0 0 0 0 0 0.0434783 0.0144928 0.057971 0.101449 0.115942 0.231884 0.188406 0.173913 0.057971 0.0144928 0 0 0 0 0 

2240 2223 1602 95 0 0.719748 0 0 0 0 0 0 0 0 0 0 0 0 0 0 0 0 0 0.0144928 0.0144928 0.0434783 0.0144928 0.057971 0.26087 0.188406 0.115942 0.246377 0.0289855 0.0144928 0 0 0 0 0 

2208 2201 1601 102 0 0.726942 0 0 0 0 0 0 0 0 0 0 0 0 0 0 0 0 0 0 0 0.0441176 0.0294118 0.102941 0.176471 0.161765 0.235294 0.132353 0.117647 0 0 0 0 0 0 

2208 2192 1602 95 0 0.729927 0 0 0 0 0 0 0 0 0 0 0 0 0 0 0 0 0 0 0 0 0.0294118 0.0882353 0.147059 0.235294 0.279412 0.205882 0.0147059 0 0 0 0 0 0 

2240 2215 1603 102 0 0.722348 0 0 0 0 0 0 0 0 0 0 0 0 0 0 0 0 0 0 0.0144928 0.0144928 0.0144928 0.115942 0.173913 0.275362 0.217391 0.0724638 0.057971 0.0434783 0 0 0 0 0 

2176 2161 1602 95 0 0.740398 0 0 0 0 0 0 0 0 0 0 0 0 0 0 0 0 0 0 0 0.0298507 0.0149254 0.0746269 0.134328 0.208955 0.149254 0.253731 0.104478 0.0149254 0.0149254 0 0 0 0 

2208 2192 1602 97 0 0.729927 0 0 0 0 0 0 0 0 0 0 0 0 0 0 0 0 0 0.0147059 0 0 0.0294118 0.117647 0.132353 0.191176 0.264706 0.161765 0.0735294 0.0147059 0 0 0 0 0 

2240 2220 1603 101 0 0.720721 0 0 0 0 0 0 0 0 0 0 0 0 0 0 0 0 0 0 0.0144928 0.0289855 0.057971 0.0724638 0.202899 0.144928 0.275362 0.115942 0.0869565 0 0 0 0 0 0 

