2272 2247 1602 97 0 0.712061 0 0 0 0 0 0 0 0 0 0 0 0 0 0 0 0 0 0 0 0.0285714 0.0714286 0.1 0.214286 0.228571 0.228571 0.1 0.0142857 0.0142857 0 0 0 0 0 

2208 2197 1602 94 0 0.728266 0 0 0 0 0 0 0 0 0 0 0 0 0 0 0 0 0 0 0.0147059 0.0147059 0.0735294 0.0735294 0.161765 0.191176 0.191176 0.161765 0.0882353 0.0147059 0.0147059 0 0 0 0 

2208 2190 1602 90 0 0.730594 0 0 0 0 0 0 0 0 0 0 0 0 0 0 0 0 0 0 0 0.0147059 0.0294118 0.0588235 0.147059 0.294118 0.220588 0.191176 0.0294118 0 0.0147059 0 0 0 0 

2240 2219 1602 95 0 0.721045 0 0 0 0 0 0 0 0 0 0 0 0 0 0 0 0 0 0 0 0 0.0869565 0.130435 0.0724638 0.26087 0.304348 0.101449 0.0289855 0.0144928 0 0 0 0 0 

2208 2196 1602 93 0 0.728597 0 0 0 0 0 0 0 0 0 0 0 0 0 0 0 0 0 0 0.0147059 0.0294118 0.0588235 0.0588235 0.176471 0.176471 0.191176 0.176471 0.0882353 0.0294118 0 0 0 0 0 

2208 2186 1602 85 0 0.73193 0 0 0 0 0 0 0 0 0 0 0 0 0 0 0 0 0 0 0 0 0.0294118 0.0735294 0.147059 0.323529 0.176471 0.176471 0.0441176 0.0147059 0.0147059 0 0 0 0 

2240 2218 1602 94 0 0.721371 0 0 0 0 0 0 0 0 0 0 0 0 0 0 0 0 0 0 0 0.0144928 0.0144928 0.130435 0.217391 0.202899 0.231884 0.144928 0.0434783 0 0 0 0 0 0 

2176 2164 1602 84 0 0.739372 0 0 0 0 0 0 0 0 0 0 0 0 0 0 0 0 0 0 0 0.0447761 0.0149254 0.0298507 0.119403 0.238806 0.253731 0.164179 0.104478 0.0298507 0 0 0 0 0 

2240 2213 1602 86 0 0.723 0 0 0 0 0 0 0 0 0 0 0 0 0 0 0 0 0 0 0.0144928 0 0.0434783 0.0869565 0.15942 0.231884 0.275362 0.15942 0.0289855 0 0 0 0 0 0 

2240 2231 1601 90 0 0.717167 0 0 0 0 0 0 0 0 0 0 0 0 0 0 0 0 0 0.0144928 0.0144928 0.0144928 0.0289855 0.15942 0.144928 0.26087 0.144928 0.144928 0.0724638 0 0 0 0 0 0 

