2208 2192 1602 98 0 0.729927 0 0 0 0 0 0 0 0 0 0 0 0 0 0 0 0 0 0 0 0 0.0294118 0.191176 0.147059 0.191176 0.132353 0.147059 0.132353 0.0294118 0 0 0 0 0 

2208 2185 1602 92 0 0.732265 0 0 0 0 0 0 0 0 0 0 0 0 0 0 0 0 0 0 0 0 0.0441176 0.102941 0.147059 0.235294 0.191176 0.176471 0.0588235 0.0294118 0.0147059 0 0 0 0 

2208 2189 1602 89 0 0.730927 0 0 0 0 0 0 0 0 0 0 0 0 0 0 0 0 0 0 0 0 0.0441176 0.102941 0.161765 0.235294 0.191176 0.147059 0.0882353 0.0294118 0 0 0 0 0 

2208 2193 1602 87 0 0.729594 0 0 0 0 0 0 0 0 0 0 0 0 0 0 0 0 0 0 0 0 0.0294118 0.102941 0.147059 0.220588 0.323529 0.102941 0.0735294 0 0 0 0 0 0 

2240 2221 1602 95 0 0.720396 0 0 0 0 0 0 0 0 0 0 0 0 0 0 0 0 0 0 0 0.0434783 0.0289855 0.101449 0.231884 0.173913 0.217391 0.101449 0.101449 0 0 0 0 0 0 

2208 2200 1601 91 0 0.727273 0 0 0 0 0 0 0 0 0 0 0 0 0 0 0 0 0 0 0 0.0441176 0.0147059 0.102941 0.132353 0.294118 0.205882 0.0882353 0.0882353 0.0294118 0 0 0 0 0 

2208 2198 1603 100 0 0.727934 0 0 0 0 0 0 0 0 0 0 0 0 0 0 0 0 0 0 0 0.0441176 0.0588235 0.0147059 0.161765 0.220588 0.294118 0.132353 0.0588235 0.0147059 0 0 0 0 0 

2208 2190 1603 100 0 0.730594 0 0 0 0 0 0 0 0 0 0 0 0 0 0 0 0 0 0 0 0.0294118 0.0441176 0.0441176 0.191176 0.264706 0.132353 0.161765 0.0882353 0.0441176 0 0 0 0 0 

2208 2182 1602 93 0 0.733272 0 0 0 0 0 0 0 0 0 0 0 0 0 0 0 0 0 0 0 0.0147059 0.0147059 0.0882353 0.132353 0.205882 0.294118 0.176471 0.0588235 0.0147059 0 0 0 0 0 

2208 2187 1603 100 0 0.731596 0 0 0 0 0 0 0 0 0 0 0 0 0 0 0 0 0 0 0 0 0.0147059 0.0735294 0.147059 0.264706 0.323529 0.132353 0.0294118 0 0.0147059 0 0 0 0 

