2208 2190 1602 94 0 0.730594 0 0 0 0 0 0 0 0 0 0 0 0 0 0 0 0 0 0 0 0 0.0441176 0.0588235 0.176471 0.279412 0.191176 0.191176 0.0294118 0.0294118 0 0 0 0 0 

2208 2193 1602 88 0 0.729594 0 0 0 0 0 0 0 0 0 0 0 0 0 0 0 0 0 0 0.0147059 0.0147059 0.0294118 0.132353 0.102941 0.205882 0.220588 0.176471 0.0882353 0.0147059 0 0 0 0 0 

2176 2159 1602 89 0 0.741084 0 0 0 0 0 0 0 0 0 0 0 0 0 0 0 0 0 0 0 0 0.0298507 0.119403 0.104478 0.238806 0.149254 0.149254 0.164179 0.0447761 0 0 0 0 0 

2240 2232 1601 89 0 0.716846 0 0 0 0 0 0 0 0 0 0 0 0 0 0 0 0 0 0 0 0.0434783 0.101449 0.0724638 0.188406 0.144928 0.26087 0.15942 0.0144928 0.0144928 0 0 0 0 0 

2208 2200 1601 91 0 0.727273 0 0 0 0 0 0 0 0 0 0 0 0 0 0 0 0 0 0.0147059 0.0147059 0.0294118 0.0441176 0.0441176 0.147059 0.205882 0.25 0.161765 0.0735294 0.0147059 0 0 0 0 0 

2208 2193 1603 99 0 0.729594 0 0 0 0 0 0 0 0 0 0 0 0 0 0 0 0 0 0 0.0294118 0 0.0294118 0.0882353 0.147059 0.176471 0.264706 0.191176 0.0588235 0.0147059 0 0 0 0 0 

2208 2190 1603 107 0 0.730594 0 0 0 0 0 0 0 0 0 0 0 0 0 0 0 0 0 0.0147059 0 0.0147059 0.0294118 0.0735294 0.161765 0.191176 0.264706 0.132353 0.0882353 0.0294118 0 0 0 0 0 

2240 2227 1602 95 0 0.718455 0 0 0 0 0 0 0 0 0 0 0 0 0 0 0 0 0 0.0144928 0.0289855 0.0289855 0.0869565 0.0724638 0.0724638 0.246377 0.202899 0.188406 0.0434783 0.0144928 0 0 0 0 0 

2208 2195 1602 91 0 0.728929 0 0 0 0 0 0 0 0 0 0 0 0 0 0 0 0 0 0 0.0147059 0 0.0441176 0.102941 0.147059 0.176471 0.25 0.205882 0.0588235 0 0 0 0 0 0 

2208 2193 1602 87 0 0.729594 0 0 0 0 0 0 0 0 0 0 0 0 0 0 0 0 0 0 0 0 0.0735294 0.0735294 0.102941 0.338235 0.147059 0.176471 0.0735294 0.0147059 0 0 0 0 0 

