2272 2244 1603 101 0 0.713012 0 0 0 0 0 0 0 0 0 0 0 0 0 0 0 0 0 0 0.0428571 0.0142857 0.0285714 0.142857 0.171429 0.214286 0.142857 0.214286 0.0285714 0 0 0 0 0 0 

2208 2194 1602 94 0 0.729262 0 0 0 0 0 0 0 0 0 0 0 0 0 0 0 0 0 0 0.0294118 0 0.0588235 0.0735294 0.161765 0.132353 0.25 0.220588 0.0588235 0.0147059 0 0 0 0 0 

2240 2216 1603 99 0 0.722022 0 0 0 0 0 0 0 0 0 0 0 0 0 0 0 0 0.0144928 0 0 0.0289855 0.057971 0.0724638 0.173913 0.130435 0.289855 0.173913 0.0434783 0.0144928 0 0 0 0 0 

2240 2218 1602 97 0 0.721371 0 0 0 0 0 0 0 0 0 0 0 0 0 0 0 0 0 0 0.0144928 0.0144928 0.0434783 0.130435 0.144928 0.26087 0.188406 0.101449 0.0724638 0.0144928 0.0144928 0 0 0 0 

2208 2198 1602 88 0 0.727934 0 0 0 0 0 0 0 0 0 0 0 0 0 0 0 0 0 0 0.0147059 0.0147059 0.0735294 0.0294118 0.191176 0.205882 0.176471 0.220588 0.0735294 0 0 0 0 0 0 

2208 2198 1602 87 0 0.727934 0 0 0 0 0 0 0 0 0 0 0 0 0 0 0 0 0 0 0.0147059 0.0294118 0.0294118 0.102941 0.102941 0.220588 0.294118 0.102941 0.0882353 0.0147059 0 0 0 0 0 

2240 2214 1602 90 0 0.722674 0 0 0 0 0 0 0 0 0 0 0 0 0 0 0 0 0 0.0144928 0 0.0144928 0.0144928 0.101449 0.188406 0.217391 0.275362 0.115942 0.0289855 0.0289855 0 0 0 0 0 

2208 2188 1602 92 0 0.731261 0 0 0 0 0 0 0 0 0 0 0 0 0 0 0 0 0 0 0 0.0147059 0.0588235 0.0588235 0.147059 0.25 0.205882 0.132353 0.117647 0.0147059 0 0 0 0 0 

2208 2198 1602 91 0 0.727934 0 0 0 0 0 0 0 0 0 0 0 0 0 0 0 0 0 0.0147059 0.0147059 0.0147059 0.0294118 0.0882353 0.117647 0.294118 0.132353 0.176471 0.117647 0 0 0 0 0 0 

2240 2214 1602 96 0 0.722674 0 0 0 0 0 0 0 0 0 0 0 0 0 0 0 0 0 0 0 0.0144928 0.0869565 0.0869565 0.173913 0.217391 0.173913 0.15942 0.0434783 0.0434783 0 0 0 0 0 

