2176 2157 1602 82 0 0.741771 0 0 0 0 0 0 0 0 0 0 0 0 0 0 0 0 0 0 0 0 0.0149254 0.0447761 0.119403 0.298507 0.238806 0.164179 0.0746269 0.0447761 0 0 0 0 0 

2240 2221 1602 96 0 0.720396 0 0 0 0 0 0 0 0 0 0 0 0 0 0 0 0 0 0 0 0 0.101449 0.0724638 0.188406 0.246377 0.231884 0.0869565 0.0434783 0.0144928 0.0144928 0 0 0 0 

2272 2255 1602 96 0 0.709534 0 0 0 0 0 0 0 0 0 0 0 0 0 0 0 0 0 0 0.0142857 0.0428571 0.0714286 0.0714286 0.228571 0.214286 0.242857 0.0857143 0.0285714 0 0 0 0 0 0 

2208 2195 1602 91 0 0.728929 0 0 0 0 0 0 0 0 0 0 0 0 0 0 0 0 0 0 0 0.0147059 0.0294118 0.0735294 0.161765 0.279412 0.205882 0.191176 0.0294118 0.0147059 0 0 0 0 0 

2240 2218 1602 92 0 0.721371 0 0 0 0 0 0 0 0 0 0 0 0 0 0 0 0 0 0 0 0.0144928 0.0724638 0.0869565 0.130435 0.26087 0.289855 0.0724638 0.0724638 0 0 0 0 0 0 

2208 2184 1602 88 0 0.732601 0 0 0 0 0 0 0 0 0 0 0 0 0 0 0 0 0 0 0 0 0.102941 0.0441176 0.161765 0.147059 0.264706 0.147059 0.0882353 0.0441176 0 0 0 0 0 

2240 2228 1603 99 0 0.718133 0 0 0 0 0 0 0 0 0 0 0 0 0 0 0 0 0 0 0 0.0434783 0.0434783 0.115942 0.188406 0.246377 0.173913 0.0869565 0.0869565 0.0144928 0 0 0 0 0 

2240 2218 1603 99 0 0.721371 0 0 0 0 0 0 0 0 0 0 0 0 0 0 0 0 0 0 0.0144928 0.0289855 0.0434783 0.057971 0.202899 0.246377 0.188406 0.115942 0.101449 0 0 0 0 0 0 

2240 2224 1602 89 0 0.719424 0 0 0 0 0 0 0 0 0 0 0 0 0 0 0 0 0 0 0.0144928 0.0289855 0.057971 0.115942 0.15942 0.173913 0.26087 0.115942 0.0434783 0.0289855 0 0 0 0 0 

2240 2222 1602 97 0 0.720072 0 0 0 0 0 0 0 0 0 0 0 0 0 0 0 0 0 0.0144928 0 0 0.0434783 0.0869565 0.202899 0.246377 0.231884 0.144928 0.0289855 0 0 0 0 0 0 

