2272 2251 1603 100 0 0.710795 0 0 0 0 0 0 0 0 0 0 0 0 0 0 0 0 0 0 0 0 0.0714286 0.171429 0.228571 0.2 0.171429 0.114286 0.0428571 0 0 0 0 0 0 

2240 2221 1602 98 0 0.720396 0 0 0 0 0 0 0 0 0 0 0 0 0 0 0 0 0 0 0 0.0289855 0.057971 0.0869565 0.188406 0.173913 0.304348 0.101449 0.057971 0 0 0 0 0 0 

2208 2188 1602 96 0 0.731261 0 0 0 0 0 0 0 0 0 0 0 0 0 0 0 0 0 0 0 0.0147059 0.0735294 0.0147059 0.0882353 0.352941 0.25 0.147059 0.0294118 0 0.0294118 0 0 0 0 

2240 2214 1602 92 0 0.722674 0 0 0 0 0 0 0 0 0 0 0 0 0 0 0 0 0 0 0 0.0144928 0.0724638 0.130435 0.101449 0.188406 0.26087 0.202899 0.0144928 0.0144928 0 0 0 0 0 

2208 2195 1603 99 0 0.728929 0 0 0 0 0 0 0 0 0 0 0 0 0 0 0 0 0 0.0147059 0 0.0147059 0.0588235 0.0735294 0.161765 0.147059 0.25 0.161765 0.117647 0 0 0 0 0 0 

2240 2213 1602 89 0 0.723 0 0 0 0 0 0 0 0 0 0 0 0 0 0 0 0 0 0 0 0 0.0144928 0.115942 0.246377 0.188406 0.275362 0.101449 0.0434783 0.0144928 0 0 0 0 0 

2240 2214 1603 105 0 0.722674 0 0 0 0 0 0 0 0 0 0 0 0 0 0 0 0 0 0 0 0.0434783 0.057971 0.0434783 0.173913 0.26087 0.217391 0.101449 0.0724638 0.0289855 0 0 0 0 0 

2208 2193 1602 87 0 0.729594 0 0 0 0 0 0 0 0 0 0 0 0 0 0 0 0 0 0 0.0147059 0 0.0294118 0.0882353 0.117647 0.264706 0.308824 0.0882353 0.0735294 0.0147059 0 0 0 0 0 

2208 2195 1601 101 0 0.728929 0 0 0 0 0 0 0 0 0 0 0 0 0 0 0 0 0 0 0 0 0.0588235 0.0441176 0.205882 0.220588 0.25 0.161765 0.0441176 0.0147059 0 0 0 0 0 

2208 2199 1601 94 0 0.727603 0 0 0 0 0 0 0 0 0 0 0 0 0 0 0 0 0.0147059 0 0.0147059 0 0.0588235 0.0735294 0.0588235 0.264706 0.294118 0.176471 0.0441176 0 0 0 0 0 0 

