2240 2213 1602 86 0 0.723 0 0 0 0 0 0 0 0 0 0 0 0 0 0 0 0 0 0 0 0 0.0434783 0.0869565 0.202899 0.231884 0.246377 0.15942 0.0289855 0 0 0 0 0 0 

2176 2164 1602 92 0 0.739372 0 0 0 0 0 0 0 0 0 0 0 0 0 0 0 0 0 0 0 0.0149254 0.0447761 0.0746269 0.119403 0.149254 0.253731 0.223881 0.104478 0.0149254 0 0 0 0 0 

2240 2217 1602 93 0 0.721696 0 0 0 0 0 0 0 0 0 0 0 0 0 0 0 0 0 0 0 0.0144928 0.0289855 0.101449 0.202899 0.217391 0.26087 0.144928 0.0289855 0 0 0 0 0 0 

2208 2189 1603 102 0 0.730927 0 0 0 0 0 0 0 0 0 0 0 0 0 0 0 0 0 0 0 0 0.0147059 0.0882353 0.25 0.220588 0.147059 0.147059 0.117647 0.0147059 0 0 0 0 0 

2240 2234 1600 98 0 0.716204 0 0 0 0 0 0 0 0 0 0 0 0 0 0 0 0 0 0.0144928 0 0.0289855 0.0724638 0.101449 0.231884 0.15942 0.217391 0.0724638 0.0724638 0.0289855 0 0 0 0 0 

2240 2212 1603 100 0 0.723327 0 0 0 0 0 0 0 0 0 0 0 0 0 0 0 0 0 0 0.0144928 0.0289855 0.0144928 0.115942 0.101449 0.289855 0.231884 0.130435 0.057971 0 0.0144928 0 0 0 0 

2208 2186 1602 92 0 0.73193 0 0 0 0 0 0 0 0 0 0 0 0 0 0 0 0 0 0 0 0.0588235 0.0147059 0.0588235 0.147059 0.235294 0.176471 0.176471 0.102941 0.0294118 0 0 0 0 0 

2208 2194 1602 90 0 0.729262 0 0 0 0 0 0 0 0 0 0 0 0 0 0 0 0 0 0 0 0 0.0735294 0.0588235 0.147059 0.25 0.264706 0.132353 0.0441176 0.0294118 0 0 0 0 0 

2240 2223 1603 107 0 0.719748 0 0 0 0 0 0 0 0 0 0 0 0 0 0 0 0 0 0 0 0.0289855 0.057971 0.115942 0.173913 0.231884 0.15942 0.144928 0.0869565 0 0 0 0 0 0 

2240 2218 1603 104 0 0.721371 0 0 0 0 0 0 0 0 0 0 0 0 0 0 0 0 0 0 0.0144928 0.0144928 0.0724638 0.0869565 0.144928 0.202899 0.217391 0.217391 0.0144928 0.0144928 0 0 0 0 0 

