2208 2183 1602 91 0 0.732936 0 0 0 0 0 0 0 0 0 0 0 0 0 0 0 0 0 0 0 0 0.0441176 0.0588235 0.161765 0.235294 0.191176 0.25 0.0588235 0 0 0 0 0 0 

2240 2218 1602 92 0 0.721371 0 0 0 0 0 0 0 0 0 0 0 0 0 0 0 0 0 0 0.0144928 0.0144928 0.0434783 0.0869565 0.15942 0.289855 0.173913 0.15942 0.057971 0 0 0 0 0 0 

2208 2190 1602 94 0 0.730594 0 0 0 0 0 0 0 0 0 0 0 0 0 0 0 0 0 0 0.0147059 0.0147059 0.0441176 0.0294118 0.132353 0.279412 0.25 0.161765 0.0588235 0.0147059 0 0 0 0 0 

2208 2189 1603 102 0 0.730927 0 0 0 0 0 0 0 0 0 0 0 0 0 0 0 0 0 0 0 0.0294118 0.0588235 0.0588235 0.147059 0.191176 0.235294 0.161765 0.0882353 0.0294118 0 0 0 0 0 

2240 2213 1602 96 0 0.723 0 0 0 0 0 0 0 0 0 0 0 0 0 0 0 0 0 0 0 0.0434783 0.0434783 0.0724638 0.202899 0.173913 0.231884 0.15942 0.057971 0 0.0144928 0 0 0 0 

2176 2170 1601 90 0 0.737327 0 0 0 0 0 0 0 0 0 0 0 0 0 0 0 0 0 0 0 0.0298507 0.0149254 0.0895522 0.149254 0.19403 0.179104 0.208955 0.119403 0.0149254 0 0 0 0 0 

2272 2254 1603 104 0 0.709849 0 0 0 0 0 0 0 0 0 0 0 0 0 0 0 0 0 0 0.0285714 0.0285714 0.0428571 0.142857 0.171429 0.228571 0.214286 0.1 0.0428571 0 0 0 0 0 0 

2208 2189 1602 87 0 0.730927 0 0 0 0 0 0 0 0 0 0 0 0 0 0 0 0 0 0 0 0 0.0294118 0.0882353 0.176471 0.279412 0.161765 0.147059 0.117647 0 0 0 0 0 0 

2176 2169 1601 85 0 0.737667 0 0 0 0 0 0 0 0 0 0 0 0 0 0 0 0 0 0 0 0 0.0597015 0.0447761 0.164179 0.19403 0.208955 0.238806 0.0746269 0.0149254 0 0 0 0 0 

2208 2191 1602 97 0 0.73026 0 0 0 0 0 0 0 0 0 0 0 0 0 0 0 0 0 0 0 0.0147059 0.0588235 0.0735294 0.161765 0.176471 0.264706 0.147059 0.0882353 0.0147059 0 0 0 0 0 

