2240 2220 1602 98 0 0.720721 0 0 0 0 0 0 0 0 0 0 0 0 0 0 0 0 0 0 0 0.0144928 0.057971 0.130435 0.173913 0.202899 0.188406 0.188406 0.0289855 0.0144928 0 0 0 0 0 

2240 2212 1602 91 0 0.723327 0 0 0 0 0 0 0 0 0 0 0 0 0 0 0 0 0 0 0.0144928 0.0144928 0.0434783 0.0869565 0.188406 0.217391 0.202899 0.144928 0.057971 0.0289855 0 0 0 0 0 

2240 2226 1602 93 0 0.718778 0 0 0 0 0 0 0 0 0 0 0 0 0 0 0 0 0 0 0.0144928 0.0289855 0.0144928 0.144928 0.202899 0.188406 0.231884 0.101449 0.0434783 0.0289855 0 0 0 0 0 

2208 2183 1603 101 0 0.732936 0 0 0 0 0 0 0 0 0 0 0 0 0 0 0 0 0 0 0.0147059 0 0.0147059 0.0441176 0.191176 0.25 0.235294 0.161765 0.0441176 0.0441176 0 0 0 0 0 

2240 2224 1602 98 0 0.719424 0 0 0 0 0 0 0 0 0 0 0 0 0 0 0 0 0 0.0144928 0 0.0144928 0.057971 0.130435 0.144928 0.202899 0.217391 0.15942 0.057971 0 0 0 0 0 0 

2208 2196 1602 94 0 0.728597 0 0 0 0 0 0 0 0 0 0 0 0 0 0 0 0 0 0 0.0147059 0 0.0441176 0.0735294 0.132353 0.294118 0.220588 0.161765 0.0294118 0.0294118 0 0 0 0 0 

2240 2222 1602 93 0 0.720072 0 0 0 0 0 0 0 0 0 0 0 0 0 0 0 0 0 0 0 0.0144928 0.0434783 0.115942 0.202899 0.231884 0.231884 0.101449 0.0434783 0 0.0144928 0 0 0 0 

2208 2196 1602 97 0 0.728597 0 0 0 0 0 0 0 0 0 0 0 0 0 0 0 0 0 0 0 0.0294118 0.0441176 0.102941 0.147059 0.191176 0.205882 0.205882 0.0441176 0.0294118 0 0 0 0 0 

2240 2213 1602 92 0 0.723 0 0 0 0 0 0 0 0 0 0 0 0 0 0 0 0 0 0 0 0.0289855 0.0289855 0.115942 0.144928 0.246377 0.231884 0.130435 0.057971 0.0144928 0 0 0 0 0 

2272 2246 1602 90 0 0.712378 0 0 0 0 0 0 0 0 0 0 0 0 0 0 0 0 0 0 0.0285714 0.0142857 0.0857143 0.128571 0.128571 0.228571 0.2 0.142857 0.0142857 0.0285714 0 0 0 0 0 

