2208 2181 1602 96 0 0.733608 0 0 0 0 0 0 0 0 0 0 0 0 0 0 0 0 0 0 0 0 0.0588235 0.0294118 0.191176 0.235294 0.205882 0.161765 0.0882353 0.0294118 0 0 0 0 0 

2176 2167 1602 95 0 0.738348 0 0 0 0 0 0 0 0 0 0 0 0 0 0 0 0 0.0149254 0 0.0149254 0 0.0597015 0.0447761 0.0597015 0.268657 0.179104 0.223881 0.0895522 0.0447761 0 0 0 0 0 

2240 2211 1602 94 0 0.723654 0 0 0 0 0 0 0 0 0 0 0 0 0 0 0 0 0 0 0 0.0144928 0.0289855 0.115942 0.115942 0.26087 0.275362 0.173913 0.0144928 0 0 0 0 0 0 

2240 2220 1602 98 0 0.720721 0 0 0 0 0 0 0 0 0 0 0 0 0 0 0 0 0 0.0144928 0.0144928 0.0144928 0.0289855 0.0869565 0.130435 0.26087 0.275362 0.144928 0.0289855 0 0 0 0 0 0 

2240 2222 1603 103 0 0.720072 0 0 0 0 0 0 0 0 0 0 0 0 0 0 0 0 0 0 0 0 0.101449 0.057971 0.173913 0.26087 0.231884 0.144928 0.0144928 0.0144928 0 0 0 0 0 

2176 2166 1602 90 0 0.738689 0 0 0 0 0 0 0 0 0 0 0 0 0 0 0 0 0 0 0 0.0298507 0.0149254 0.0597015 0.104478 0.253731 0.223881 0.19403 0.119403 0 0 0 0 0 0 

2208 2180 1603 105 0 0.733945 0 0 0 0 0 0 0 0 0 0 0 0 0 0 0 0 0 0 0.0147059 0.0147059 0.0294118 0.117647 0.102941 0.191176 0.205882 0.191176 0.0588235 0.0588235 0.0147059 0 0 0 0 

2208 2196 1602 90 0 0.728597 0 0 0 0 0 0 0 0 0 0 0 0 0 0 0 0 0 0 0 0 0.0441176 0.0882353 0.235294 0.161765 0.205882 0.205882 0.0441176 0.0147059 0 0 0 0 0 

2240 2221 1602 93 0 0.720396 0 0 0 0 0 0 0 0 0 0 0 0 0 0 0 0 0 0 0.0144928 0 0.0724638 0.130435 0.0724638 0.26087 0.304348 0.0869565 0.057971 0 0 0 0 0 0 

2208 2198 1602 90 0 0.727934 0 0 0 0 0 0 0 0 0 0 0 0 0 0 0 0 0 0 0.0147059 0.0147059 0.0294118 0.0735294 0.176471 0.235294 0.279412 0.0735294 0.0588235 0.0441176 0 0 0 0 0 

