2208 2193 1603 106 0 0.729594 0 0 0 0 0 0 0 0 0 0 0 0 0 0 0 0 0 0 0.0147059 0.0147059 0.0735294 0.0588235 0.176471 0.161765 0.235294 0.117647 0.102941 0.0294118 0.0147059 0 0 0 0 

2208 2185 1603 107 0 0.732265 0 0 0 0 0 0 0 0 0 0 0 0 0 0 0 0 0.0147059 0 0 0 0.0441176 0.0294118 0.147059 0.25 0.220588 0.220588 0.0735294 0 0 0 0 0 0 

2208 2200 1603 106 0 0.727273 0 0 0 0 0 0 0 0 0 0 0 0 0 0 0 0 0 0 0.0294118 0.0294118 0.0588235 0.0735294 0.117647 0.161765 0.25 0.161765 0.117647 0 0 0 0 0 0 

2208 2200 1601 90 0 0.727273 0 0 0 0 0 0 0 0 0 0 0 0 0 0 0 0 0 0 0 0.0147059 0.0294118 0.0882353 0.147059 0.279412 0.205882 0.235294 0 0 0 0 0 0 0 

2176 2162 1602 96 0 0.740056 0 0 0 0 0 0 0 0 0 0 0 0 0 0 0 0 0 0 0 0.0149254 0.0298507 0.0447761 0.164179 0.208955 0.253731 0.134328 0.0895522 0.0447761 0.0149254 0 0 0 0 

2240 2226 1603 102 0 0.718778 0 0 0 0 0 0 0 0 0 0 0 0 0 0 0 0 0 0 0 0.0724638 0.057971 0.0869565 0.115942 0.217391 0.231884 0.15942 0.057971 0 0 0 0 0 0 

2208 2193 1602 85 0 0.729594 0 0 0 0 0 0 0 0 0 0 0 0 0 0 0 0 0 0 0 0 0.0441176 0.102941 0.147059 0.25 0.220588 0.132353 0.102941 0 0 0 0 0 0 

2208 2204 1600 94 0 0.725953 0 0 0 0 0 0 0 0 0 0 0 0 0 0 0 0 0 0 0.0294118 0 0.0441176 0.0882353 0.147059 0.264706 0.191176 0.176471 0.0441176 0 0.0147059 0 0 0 0 

2240 2216 1602 92 0 0.722022 0 0 0 0 0 0 0 0 0 0 0 0 0 0 0 0 0.0144928 0 0 0.057971 0.0289855 0.0724638 0.144928 0.173913 0.275362 0.15942 0.0724638 0 0 0 0 0 0 

2240 2220 1602 90 0 0.720721 0 0 0 0 0 0 0 0 0 0 0 0 0 0 0 0 0 0 0 0.0434783 0.0434783 0.101449 0.188406 0.202899 0.202899 0.144928 0.0434783 0.0289855 0 0 0 0 0 

