2208 2201 1602 93 0 0.726942 0 0 0 0 0 0 0 0 0 0 0 0 0 0 0 0 0 0 0 0.0147059 0.0294118 0.132353 0.220588 0.147059 0.235294 0.102941 0.0882353 0.0294118 0 0 0 0 0 

2240 2229 1602 94 0 0.717811 0 0 0 0 0 0 0 0 0 0 0 0 0 0 0 0 0 0 0 0.0289855 0.0434783 0.15942 0.101449 0.289855 0.246377 0.0724638 0.0434783 0.0144928 0 0 0 0 0 

2208 2184 1602 91 0 0.732601 0 0 0 0 0 0 0 0 0 0 0 0 0 0 0 0 0 0 0 0 0.0294118 0.0441176 0.25 0.176471 0.235294 0.176471 0.0735294 0.0147059 0 0 0 0 0 

2208 2194 1603 106 0 0.729262 0 0 0 0 0 0 0 0 0 0 0 0 0 0 0 0 0 0 0 0.0294118 0.0441176 0.0441176 0.176471 0.294118 0.147059 0.147059 0.0882353 0.0294118 0 0 0 0 0 

2208 2188 1602 92 0 0.731261 0 0 0 0 0 0 0 0 0 0 0 0 0 0 0 0 0 0 0 0 0.0147059 0.0735294 0.220588 0.25 0.191176 0.147059 0.102941 0 0 0 0 0 0 

2208 2205 1600 89 0 0.725624 0 0 0 0 0 0 0 0 0 0 0 0 0 0 0 0 0 0 0 0.0147059 0.0441176 0.102941 0.102941 0.338235 0.235294 0.117647 0.0294118 0 0.0147059 0 0 0 0 

2208 2195 1602 92 0 0.728929 0 0 0 0 0 0 0 0 0 0 0 0 0 0 0 0 0 0 0.0147059 0 0.0588235 0.0147059 0.191176 0.25 0.264706 0.132353 0.0735294 0 0 0 0 0 0 

2176 2168 1602 86 0 0.738007 0 0 0 0 0 0 0 0 0 0 0 0 0 0 0 0 0 0 0 0.0149254 0.0298507 0.0597015 0.134328 0.253731 0.208955 0.164179 0.119403 0.0149254 0 0 0 0 0 

2272 2252 1602 97 0 0.71048 0 0 0 0 0 0 0 0 0 0 0 0 0 0 0 0 0.0142857 0 0.0142857 0.0142857 0.0428571 0.142857 0.142857 0.314286 0.142857 0.157143 0.0142857 0 0 0 0 0 0 

2208 2201 1601 89 0 0.726942 0 0 0 0 0 0 0 0 0 0 0 0 0 0 0 0 0 0 0.0147059 0.0147059 0.0882353 0.0294118 0.176471 0.264706 0.132353 0.191176 0.0588235 0.0147059 0.0147059 0 0 0 0 

