2208 2183 1602 91 0 0.732936 0 0 0 0 0 0 0 0 0 0 0 0 0 0 0 0 0 0 0.0147059 0.0147059 0.0294118 0.0882353 0.117647 0.205882 0.220588 0.191176 0.102941 0.0147059 0 0 0 0 0 

2272 2247 1603 100 0 0.712061 0 0 0 0 0 0 0 0 0 0 0 0 0 0 0 0 0 0 0 0.0285714 0.0857143 0.171429 0.128571 0.185714 0.228571 0.114286 0.0428571 0.0142857 0 0 0 0 0 

2176 2165 1602 96 0 0.73903 0 0 0 0 0 0 0 0 0 0 0 0 0 0 0 0 0 0.0149254 0 0 0.0298507 0.0895522 0.164179 0.149254 0.223881 0.164179 0.104478 0.0447761 0.0149254 0 0 0 0 

2208 2193 1602 95 0 0.729594 0 0 0 0 0 0 0 0 0 0 0 0 0 0 0 0 0 0 0 0 0.0294118 0.0735294 0.176471 0.279412 0.235294 0.147059 0.0441176 0.0147059 0 0 0 0 0 

2208 2189 1602 97 0 0.730927 0 0 0 0 0 0 0 0 0 0 0 0 0 0 0 0 0 0 0 0.0147059 0.0294118 0.0735294 0.176471 0.220588 0.235294 0.161765 0.0735294 0.0147059 0 0 0 0 0 

2208 2202 1600 89 0 0.726612 0 0 0 0 0 0 0 0 0 0 0 0 0 0 0 0 0 0 0 0.0147059 0.0441176 0.147059 0.176471 0.176471 0.147059 0.205882 0.0735294 0.0147059 0 0 0 0 0 

2240 2219 1602 88 0 0.721045 0 0 0 0 0 0 0 0 0 0 0 0 0 0.0144928 0 0 0 0 0 0.0144928 0.0289855 0.057971 0.202899 0.26087 0.246377 0.101449 0.0724638 0 0 0 0 0 0 

2208 2185 1602 96 0 0.732265 0 0 0 0 0 0 0 0 0 0 0 0 0 0 0 0 0 0 0 0 0.0294118 0.0735294 0.132353 0.264706 0.264706 0.176471 0.0588235 0 0 0 0 0 0 

2240 2222 1603 101 0 0.720072 0 0 0 0 0 0 0 0 0 0 0 0 0 0 0 0 0 0.0289855 0 0.0289855 0.0289855 0.0724638 0.130435 0.289855 0.217391 0.144928 0.057971 0 0 0 0 0 0 

2208 2179 1602 91 0 0.734282 0 0 0 0 0 0 0 0 0 0 0 0 0 0 0 0 0 0 0 0.0294118 0.0441176 0.0882353 0.0882353 0.220588 0.176471 0.220588 0.117647 0.0147059 0 0 0 0 0 

