2208 2195 1602 92 0 0.728929 0 0 0 0 0 0 0 0 0 0 0 0 0 0 0 0 0 0 0 0 0.0147059 0.102941 0.205882 0.264706 0.161765 0.176471 0.0735294 0 0 0 0 0 0 

2240 2225 1602 95 0 0.719101 0 0 0 0 0 0 0 0 0 0 0 0 0 0 0 0 0 0.0144928 0 0.0144928 0.0724638 0.101449 0.173913 0.231884 0.188406 0.115942 0.057971 0.0289855 0 0 0 0 0 

2240 2218 1602 94 0 0.721371 0 0 0 0 0 0 0 0 0 0 0 0 0 0 0 0 0 0 0 0.0289855 0.0434783 0.0724638 0.144928 0.318841 0.217391 0.130435 0.0434783 0 0 0 0 0 0 

2240 2211 1602 86 0 0.723654 0 0 0 0 0 0 0 0 0 0 0 0 0 0 0 0 0 0 0.0144928 0.0144928 0.057971 0.101449 0.15942 0.188406 0.173913 0.217391 0.057971 0.0144928 0 0 0 0 0 

2208 2201 1600 95 0 0.726942 0 0 0 0 0 0 0 0 0 0 0 0 0 0 0 0 0 0 0.0147059 0.0294118 0.0147059 0.117647 0.191176 0.205882 0.161765 0.161765 0.0735294 0 0.0294118 0 0 0 0 

2208 2192 1602 90 0 0.729927 0 0 0 0 0 0 0 0 0 0 0 0 0 0 0 0 0 0 0 0 0.0882353 0.0294118 0.235294 0.161765 0.191176 0.205882 0.0735294 0.0147059 0 0 0 0 0 

2240 2211 1602 98 0 0.723654 0 0 0 0 0 0 0 0 0 0 0 0 0 0 0 0 0 0 0.0144928 0 0.0724638 0.115942 0.101449 0.231884 0.202899 0.188406 0.0724638 0 0 0 0 0 0 

2176 2166 1602 91 0 0.738689 0 0 0 0 0 0 0 0 0 0 0 0 0 0 0 0 0 0 0 0.0298507 0 0.0447761 0.164179 0.223881 0.253731 0.179104 0.0746269 0.0298507 0 0 0 0 0 

2240 2211 1602 85 0 0.723654 0 0 0 0 0 0 0 0 0 0 0 0 0 0 0 0 0 0.0144928 0 0.0434783 0.0144928 0.15942 0.115942 0.0869565 0.304348 0.202899 0.0289855 0.0289855 0 0 0 0 0 

2240 2234 1602 87 0 0.716204 0 0 0 0 0 0 0 0 0 0 0 0 0 0 0 0 0 0.0144928 0.0144928 0.0289855 0.0144928 0.130435 0.231884 0.231884 0.144928 0.101449 0.0434783 0.0434783 0 0 0 0 0 

