2208 2191 1603 101 0 0.73026 0 0 0 0 0 0 0 0 0 0 0 0 0 0 0 0 0 0 0.0147059 0.0147059 0.0441176 0.0882353 0.102941 0.205882 0.294118 0.102941 0.132353 0 0 0 0 0 0 

2240 2216 1602 94 0 0.722022 0 0 0 0 0 0 0 0 0 0 0 0 0 0 0 0 0 0 0 0.0289855 0.057971 0.0869565 0.188406 0.202899 0.188406 0.173913 0.0724638 0 0 0 0 0 0 

2240 2219 1603 101 0 0.721045 0 0 0 0 0 0 0 0 0 0 0 0 0 0 0 0 0 0 0 0.0144928 0.0869565 0.101449 0.115942 0.289855 0.173913 0.130435 0.0724638 0.0144928 0 0 0 0 0 

2240 2227 1602 95 0 0.718455 0 0 0 0 0 0 0 0 0 0 0 0 0 0 0 0 0 0 0.0434783 0 0.0289855 0.0869565 0.173913 0.289855 0.231884 0.0869565 0.0434783 0.0144928 0 0 0 0 0 

2240 2214 1602 93 0 0.722674 0 0 0 0 0 0 0 0 0 0 0 0 0 0 0 0 0 0 0 0.0289855 0.0289855 0.144928 0.101449 0.26087 0.246377 0.101449 0.0724638 0.0144928 0 0 0 0 0 

2208 2186 1602 85 0 0.73193 0 0 0 0 0 0 0 0 0 0 0 0 0 0 0 0 0 0.0147059 0 0.0147059 0 0.0294118 0.220588 0.220588 0.264706 0.147059 0.0735294 0.0147059 0 0 0 0 0 

2240 2211 1602 93 0 0.723654 0 0 0 0 0 0 0 0 0 0 0 0 0 0 0 0 0 0 0 0.0144928 0.057971 0.0724638 0.188406 0.231884 0.188406 0.188406 0.057971 0 0 0 0 0 0 

2208 2191 1602 97 0 0.73026 0 0 0 0 0 0 0 0 0 0 0 0 0 0 0 0 0 0 0 0 0.0441176 0.117647 0.102941 0.294118 0.25 0.0588235 0.102941 0.0147059 0.0147059 0 0 0 0 

2208 2194 1602 95 0 0.729262 0 0 0 0 0 0 0 0 0 0 0 0 0 0 0 0 0 0 0.0294118 0.0294118 0 0.0735294 0.102941 0.308824 0.220588 0.132353 0.0882353 0.0147059 0 0 0 0 0 

2240 2224 1602 98 0 0.719424 0 0 0 0 0 0 0 0 0 0 0 0 0 0 0 0 0 0.0144928 0.0144928 0.0289855 0.0434783 0.15942 0.15942 0.144928 0.188406 0.115942 0.0724638 0.057971 0 0 0 0 0 

