2240 2223 1602 97 0 0.719748 0 0 0 0 0 0 0 0 0 0 0 0 0 0 0 0 0 0 0 0.0289855 0.0289855 0.101449 0.217391 0.217391 0.231884 0.130435 0.0434783 0 0 0 0 0 0 

2208 2186 1602 93 0 0.73193 0 0 0 0 0 0 0 0 0 0 0 0 0 0 0 0 0 0 0 0 0.0147059 0.0588235 0.235294 0.279412 0.132353 0.176471 0.0882353 0.0147059 0 0 0 0 0 

2208 2193 1602 92 0 0.729594 0 0 0 0 0 0 0 0 0 0 0 0 0 0 0 0 0 0 0.0294118 0.0147059 0.0441176 0.102941 0.0735294 0.235294 0.220588 0.161765 0.0882353 0.0294118 0 0 0 0 0 

2208 2194 1602 94 0 0.729262 0 0 0 0 0 0 0 0 0 0 0 0 0 0 0 0 0 0 0.0147059 0.0147059 0.0882353 0.0441176 0.161765 0.117647 0.323529 0.117647 0.0882353 0.0294118 0 0 0 0 0 

2176 2170 1602 104 0 0.737327 0 0 0 0 0 0 0 0 0 0 0 0 0 0 0 0 0.0149254 0 0 0 0 0.0895522 0.149254 0.238806 0.19403 0.238806 0.0298507 0.0149254 0.0298507 0 0 0 0 

2240 2215 1602 97 0 0.722348 0 0 0 0 0 0 0 0 0 0 0 0 0 0 0 0 0.0144928 0.0144928 0.0289855 0.0144928 0.0289855 0.0724638 0.15942 0.173913 0.231884 0.144928 0.0869565 0.0289855 0 0 0 0 0 

2240 2221 1602 92 0 0.720396 0 0 0 0 0 0 0 0 0 0 0 0 0 0 0 0 0 0 0.0144928 0.0144928 0.0724638 0.057971 0.231884 0.15942 0.231884 0.15942 0.057971 0 0 0 0 0 0 

2240 2223 1603 99 0 0.719748 0 0 0 0 0 0 0 0 0 0 0 0 0 0 0 0 0 0 0.0144928 0.0289855 0.057971 0.0724638 0.130435 0.246377 0.304348 0.0869565 0.057971 0 0 0 0 0 0 

2240 2229 1603 103 0 0.717811 0 0 0 0 0 0 0 0 0 0 0 0 0 0 0 0 0 0 0 0.0434783 0.0724638 0.0869565 0.15942 0.217391 0.246377 0.115942 0.057971 0 0 0 0 0 0 

2240 2214 1603 100 0 0.722674 0 0 0 0 0 0 0 0 0 0 0 0 0 0 0 0 0 0 0 0.0434783 0.0144928 0.0869565 0.15942 0.246377 0.26087 0.130435 0.057971 0 0 0 0 0 0 

