2208 2189 1602 90 0 0.730927 0 0 0 0 0 0 0 0 0 0 0 0 0 0 0 0 0 0 0 0.0294118 0.0441176 0.0882353 0.161765 0.161765 0.25 0.132353 0.0882353 0.0441176 0 0 0 0 0 

2240 2211 1602 94 0 0.723654 0 0 0 0 0 0 0 0 0 0 0 0 0 0 0 0 0 0 0.0144928 0.0289855 0.0434783 0.0869565 0.15942 0.15942 0.275362 0.15942 0.057971 0.0144928 0 0 0 0 0 

2176 2170 1602 84 0 0.737327 0 0 0 0 0 0 0 0 0 0 0 0 0 0 0 0 0 0 0 0.0149254 0.0149254 0.119403 0.119403 0.208955 0.208955 0.179104 0.119403 0.0149254 0 0 0 0 0 

2176 2167 1602 89 0 0.738348 0 0 0 0 0 0 0 0 0 0 0 0 0 0 0 0 0 0 0 0 0.0298507 0.119403 0.134328 0.164179 0.253731 0.164179 0.0895522 0.0447761 0 0 0 0 0 

2208 2182 1602 95 0 0.733272 0 0 0 0 0 0 0 0 0 0 0 0 0 0 0 0 0 0 0 0 0.0294118 0.0882353 0.235294 0.132353 0.205882 0.176471 0.117647 0.0147059 0 0 0 0 0 

2240 2214 1602 95 0 0.722674 0 0 0 0 0 0 0 0 0 0 0 0 0 0 0 0 0 0 0.0144928 0.0289855 0.057971 0.0869565 0.15942 0.202899 0.173913 0.188406 0.0724638 0.0144928 0 0 0 0 0 

2208 2185 1602 98 0 0.732265 0 0 0 0 0 0 0 0 0 0 0 0 0 0 0 0 0 0 0.0147059 0.0147059 0.0294118 0.0882353 0.176471 0.161765 0.147059 0.264706 0.0882353 0.0147059 0 0 0 0 0 

2208 2198 1602 96 0 0.727934 0 0 0 0 0 0 0 0 0 0 0 0 0 0 0 0 0 0 0 0.0147059 0.0147059 0.102941 0.191176 0.235294 0.205882 0.176471 0.0588235 0 0 0 0 0 0 

2240 2222 1603 99 0 0.720072 0 0 0 0 0 0 0 0 0 0 0 0 0 0 0 0 0 0 0 0.0434783 0.0434783 0.0724638 0.188406 0.246377 0.231884 0.130435 0.0144928 0.0144928 0.0144928 0 0 0 0 

2208 2202 1601 99 0 0.726612 0 0 0 0 0 0 0 0 0 0 0 0 0 0 0 0 0 0.0147059 0 0.0147059 0.0588235 0.0441176 0.191176 0.205882 0.235294 0.147059 0.0882353 0 0 0 0 0 0 

