2240 2225 1602 97 0 0.719101 0 0 0 0 0 0 0 0 0 0 0 0 0 0 0 0 0 0 0.0144928 0.0289855 0.0434783 0.15942 0.144928 0.144928 0.231884 0.173913 0.057971 0 0 0 0 0 0 

2208 2187 1603 99 0 0.731596 0 0 0 0 0 0 0 0 0 0 0 0 0 0 0 0 0 0 0 0 0.0294118 0.102941 0.117647 0.235294 0.264706 0.205882 0.0294118 0.0147059 0 0 0 0 0 

2240 2214 1602 94 0 0.722674 0 0 0 0 0 0 0 0 0 0 0 0 0 0 0 0 0 0 0 0.0144928 0.057971 0.115942 0.202899 0.173913 0.130435 0.246377 0.057971 0 0 0 0 0 0 

2208 2202 1601 91 0 0.726612 0 0 0 0 0 0 0 0 0 0 0 0 0 0 0 0 0 0 0 0.0147059 0.0735294 0.102941 0.117647 0.264706 0.176471 0.161765 0.0735294 0.0147059 0 0 0 0 0 

2208 2191 1602 94 0 0.73026 0 0 0 0 0 0 0 0 0 0 0 0 0 0 0 0 0 0 0 0 0.0588235 0.0441176 0.161765 0.264706 0.264706 0.132353 0.0588235 0.0147059 0 0 0 0 0 

2272 2246 1602 92 0 0.712378 0 0 0 0 0 0 0 0 0 0 0 0 0 0 0 0 0 0 0.0142857 0.0285714 0.0857143 0.0857143 0.142857 0.3 0.2 0.0714286 0.0714286 0 0 0 0 0 0 

2208 2196 1602 95 0 0.728597 0 0 0 0 0 0 0 0 0 0 0 0 0 0 0 0 0 0 0 0.0147059 0 0.0735294 0.25 0.25 0.235294 0.0882353 0.0441176 0.0441176 0 0 0 0 0 

2208 2183 1602 93 0 0.732936 0 0 0 0 0 0 0 0 0 0 0 0 0 0 0 0 0 0.0147059 0 0.0147059 0.0294118 0.102941 0.102941 0.191176 0.205882 0.25 0.0735294 0 0.0147059 0 0 0 0 

2208 2192 1602 95 0 0.729927 0 0 0 0 0 0 0 0 0 0 0 0 0 0 0 0 0 0 0 0.0147059 0.0294118 0.102941 0.117647 0.235294 0.294118 0.117647 0.0882353 0 0 0 0 0 0 

2208 2190 1602 94 0 0.730594 0 0 0 0 0 0 0 0 0 0 0 0 0 0 0 0 0 0 0.0147059 0.0294118 0.0147059 0.0735294 0.0882353 0.264706 0.279412 0.176471 0.0441176 0.0147059 0 0 0 0 0 

