2240 2213 1602 93 0 0.723 0 0 0 0 0 0 0 0 0 0 0 0 0 0 0 0 0 0.0144928 0 0.0144928 0.0434783 0.15942 0.15942 0.101449 0.217391 0.202899 0.0724638 0.0144928 0 0 0 0 0 

2208 2195 1602 89 0 0.728929 0 0 0 0 0 0 0 0 0 0 0 0 0 0 0 0 0 0 0.0147059 0 0.0294118 0.0882353 0.147059 0.279412 0.205882 0.176471 0.0294118 0.0294118 0 0 0 0 0 

2208 2194 1602 94 0 0.729262 0 0 0 0 0 0 0 0 0 0 0 0 0 0 0 0 0 0 0 0.0441176 0.0441176 0.0882353 0.102941 0.176471 0.294118 0.161765 0.0882353 0 0 0 0 0 0 

2176 2168 1602 86 0 0.738007 0 0 0 0 0 0 0 0 0 0 0 0 0 0 0 0 0 0 0 0 0.0298507 0.0447761 0.223881 0.19403 0.19403 0.179104 0.134328 0 0 0 0 0 0 

2208 2190 1602 98 0 0.730594 0 0 0 0 0 0 0 0 0 0 0 0 0 0 0 0 0 0.0147059 0 0.0441176 0.0147059 0.117647 0.102941 0.132353 0.264706 0.191176 0.117647 0 0 0 0 0 0 

2208 2193 1602 87 0 0.729594 0 0 0 0 0 0 0 0 0 0 0 0 0 0 0 0 0 0.0147059 0 0.0147059 0.0294118 0.0882353 0.161765 0.176471 0.264706 0.147059 0.0882353 0.0147059 0 0 0 0 0 

2240 2217 1602 91 0 0.721696 0 0 0 0 0 0 0 0 0 0 0 0 0 0 0 0 0 0 0.0144928 0.0289855 0.0289855 0.115942 0.15942 0.26087 0.144928 0.144928 0.0869565 0.0144928 0 0 0 0 0 

2208 2179 1602 89 0 0.734282 0 0 0 0 0 0 0 0 0 0 0 0 0 0 0 0 0 0 0 0 0 0.117647 0.132353 0.176471 0.323529 0.191176 0.0588235 0 0 0 0 0 0 

2176 2159 1602 82 0 0.741084 0 0 0 0 0 0 0 0 0 0 0 0 0 0 0 0 0 0 0 0.0298507 0.0149254 0.0597015 0.104478 0.223881 0.253731 0.19403 0.0447761 0.0746269 0 0 0 0 0 

2272 2247 1602 90 0 0.712061 0 0 0 0 0 0 0 0 0 0 0 0 0 0 0 0 0 0 0.0142857 0.0571429 0.0714286 0.0857143 0.214286 0.185714 0.2 0.0714286 0.0571429 0.0428571 0 0 0 0 0 

