2208 2193 1602 95 0 0.729594 0 0 0 0 0 0 0 0 0 0 0 0 0 0 0 0 0 0 0 0.0147059 0.0735294 0.0294118 0.147059 0.264706 0.264706 0.117647 0.0588235 0.0294118 0 0 0 0 0 

2208 2199 1602 94 0 0.727603 0 0 0 0 0 0 0 0 0 0 0 0 0 0 0 0 0 0 0 0.0147059 0.0882353 0.0294118 0.161765 0.220588 0.308824 0.0882353 0.0735294 0.0147059 0 0 0 0 0 

2240 2223 1603 101 0 0.719748 0 0 0 0 0 0 0 0 0 0 0 0 0 0 0 0 0 0 0 0.0434783 0.0434783 0.0869565 0.130435 0.318841 0.188406 0.144928 0.0289855 0.0144928 0 0 0 0 0 

2208 2191 1602 96 0 0.73026 0 0 0 0 0 0 0 0 0 0 0 0 0 0 0 0 0 0 0 0.0147059 0.0147059 0.102941 0.176471 0.205882 0.161765 0.308824 0.0147059 0 0 0 0 0 0 

2240 2220 1602 90 0 0.720721 0 0 0 0 0 0 0 0 0 0 0 0 0 0 0 0 0 0 0 0.0144928 0.0434783 0.144928 0.231884 0.130435 0.202899 0.173913 0.0289855 0.0289855 0 0 0 0 0 

2208 2181 1602 97 0 0.733608 0 0 0 0 0 0 0 0 0 0 0 0 0 0 0 0 0 0 0 0 0.0147059 0.0882353 0.205882 0.161765 0.264706 0.176471 0.0588235 0.0294118 0 0 0 0 0 

2208 2195 1602 94 0 0.728929 0 0 0 0 0 0 0 0 0 0 0 0 0 0 0 0 0 0 0 0 0.0441176 0.161765 0.161765 0.117647 0.264706 0.147059 0.0735294 0.0294118 0 0 0 0 0 

2176 2167 1602 94 0 0.738348 0 0 0 0 0 0 0 0 0 0 0 0 0 0 0 0 0 0 0 0 0.0298507 0.104478 0.134328 0.19403 0.19403 0.223881 0.119403 0 0 0 0 0 0 

2176 2158 1602 85 0 0.741427 0 0 0 0 0 0 0 0 0 0 0 0 0 0 0 0 0 0 0 0.0149254 0 0.0298507 0.19403 0.149254 0.298507 0.238806 0.0597015 0.0149254 0 0 0 0 0 

2208 2186 1602 91 0 0.73193 0 0 0 0 0 0 0 0 0 0 0 0 0 0 0 0 0.0147059 0.0147059 0 0 0.0147059 0.0882353 0.117647 0.25 0.176471 0.205882 0.117647 0 0 0 0 0 0 

