2208 2192 1602 94 0 0.729927 0 0 0 0 0 0 0 0 0 0 0 0 0 0 0 0 0 0 0 0.0294118 0.0441176 0.0735294 0.0735294 0.25 0.397059 0.0294118 0.0735294 0.0294118 0 0 0 0 0 

2176 2164 1602 87 0 0.739372 0 0 0 0 0 0 0 0 0 0 0 0 0 0 0 0 0 0 0 0 0.0447761 0.0895522 0.104478 0.268657 0.134328 0.208955 0.119403 0.0298507 0 0 0 0 0 

2208 2189 1602 90 0 0.730927 0 0 0 0 0 0 0 0 0 0 0 0 0 0 0 0 0 0 0 0.0294118 0.0441176 0.0588235 0.176471 0.132353 0.308824 0.161765 0.0735294 0.0147059 0 0 0 0 0 

2208 2190 1602 90 0 0.730594 0 0 0 0 0 0 0 0 0 0 0 0 0 0 0 0 0 0.0147059 0 0.0147059 0.0294118 0.0882353 0.102941 0.220588 0.294118 0.161765 0.0441176 0.0294118 0 0 0 0 0 

2208 2201 1603 108 0 0.726942 0 0 0 0 0 0 0 0 0 0 0 0 0 0 0 0 0 0.0147059 0 0.0294118 0.0588235 0.0441176 0.117647 0.220588 0.308824 0.147059 0.0441176 0.0147059 0 0 0 0 0 

2208 2193 1602 93 0 0.729594 0 0 0 0 0 0 0 0 0 0 0 0 0 0 0 0 0 0 0 0.0147059 0.0147059 0.132353 0.161765 0.176471 0.235294 0.191176 0.0735294 0 0 0 0 0 0 

2176 2159 1602 88 0 0.741084 0 0 0 0 0 0 0 0 0 0 0 0 0 0 0 0 0 0 0 0.0149254 0.0149254 0.0447761 0.0895522 0.268657 0.313433 0.119403 0.119403 0.0149254 0 0 0 0 0 

2208 2192 1602 90 0 0.729927 0 0 0 0 0 0 0 0 0 0 0 0 0 0 0 0 0 0 0 0 0.0735294 0.0588235 0.132353 0.264706 0.25 0.132353 0.0735294 0.0147059 0 0 0 0 0 

2240 2226 1603 103 0 0.718778 0 0 0 0 0 0 0 0 0 0 0 0 0 0 0 0 0 0 0 0.0289855 0.057971 0.144928 0.173913 0.173913 0.188406 0.15942 0.0724638 0 0 0 0 0 0 

2208 2185 1602 84 0 0.732265 0 0 0 0 0 0 0 0 0 0 0 0 0 0 0 0 0 0 0 0 0.0441176 0.0441176 0.205882 0.205882 0.308824 0.0735294 0.0882353 0.0147059 0.0147059 0 0 0 0 

