2176 2167 1602 93 0 0.738348 0 0 0 0 0 0 0 0 0 0 0 0 0 0 0 0 0 0 0 0 0.0447761 0.0447761 0.0895522 0.283582 0.298507 0.134328 0.104478 0 0 0 0 0 0 

2176 2167 1602 91 0 0.738348 0 0 0 0 0 0 0 0 0 0 0 0 0 0 0 0 0.0149254 0 0 0 0.0298507 0.0447761 0.179104 0.19403 0.208955 0.179104 0.134328 0.0149254 0 0 0 0 0 

2240 2213 1602 95 0 0.723 0 0 0 0 0 0 0 0 0 0 0 0 0 0 0 0 0 0 0.0144928 0.0289855 0.0144928 0.130435 0.130435 0.217391 0.202899 0.217391 0.0434783 0 0 0 0 0 0 

2240 2216 1603 105 0 0.722022 0 0 0 0 0 0 0 0 0 0 0 0 0 0 0 0 0 0.0144928 0.0144928 0.0144928 0.057971 0.101449 0.101449 0.202899 0.304348 0.101449 0.0434783 0.0434783 0 0 0 0 0 

2240 2214 1602 92 0 0.722674 0 0 0 0 0 0 0 0 0 0 0 0 0 0 0 0 0 0 0 0.0289855 0.0289855 0.115942 0.130435 0.246377 0.246377 0.173913 0.0144928 0.0144928 0 0 0 0 0 

2208 2193 1602 93 0 0.729594 0 0 0 0 0 0 0 0 0 0 0 0 0 0 0 0 0 0 0.0147059 0 0.0294118 0.0588235 0.191176 0.264706 0.205882 0.176471 0.0294118 0.0147059 0.0147059 0 0 0 0 

2208 2191 1603 100 0 0.73026 0 0 0 0 0 0 0 0 0 0 0 0 0 0 0 0 0 0 0.0147059 0.0147059 0.0147059 0.117647 0.176471 0.132353 0.220588 0.220588 0.0735294 0.0147059 0 0 0 0 0 

2176 2168 1600 100 0 0.738007 0 0 0 0 0 0 0 0 0 0 0 0 0 0 0 0 0 0 0 0.0298507 0.0298507 0.0447761 0.149254 0.223881 0.253731 0.134328 0.0746269 0.0298507 0.0298507 0 0 0 0 

2272 2249 1602 90 0 0.711427 0 0 0 0 0 0 0 0 0 0 0 0 0 0 0 0 0 0 0.0285714 0 0.0571429 0.171429 0.185714 0.242857 0.142857 0.0857143 0.0714286 0 0.0142857 0 0 0 0 

2240 2211 1602 98 0 0.723654 0 0 0 0 0 0 0 0 0 0 0 0 0 0 0 0 0 0 0.0144928 0.0289855 0 0.0869565 0.304348 0.115942 0.15942 0.202899 0.0724638 0.0144928 0 0 0 0 0 

