2272 2263 1602 105 0 0.707026 0 0 0 0 0 0 0 0 0 0 0 0 0 0 0 0 0 0 0.0428571 0.0142857 0.128571 0.1 0.142857 0.285714 0.0428571 0.2 0.0428571 0 0 0 0 0 0 

2208 2189 1602 92 0 0.730927 0 0 0 0 0 0 0 0 0 0 0 0 0 0 0 0 0 0 0 0 0.0294118 0.0588235 0.25 0.220588 0.191176 0.147059 0.0735294 0.0294118 0 0 0 0 0 

2208 2198 1601 92 0 0.727934 0 0 0 0 0 0 0 0 0 0 0 0 0 0 0 0 0 0 0.0147059 0 0 0.147059 0.147059 0.264706 0.176471 0.176471 0.0735294 0 0 0 0 0 0 

2240 2227 1603 100 0 0.718455 0 0 0 0 0 0 0 0 0 0 0 0 0 0 0 0 0 0 0.0144928 0 0.0724638 0.144928 0.15942 0.26087 0.115942 0.130435 0.0869565 0.0144928 0 0 0 0 0 

2208 2198 1602 93 0 0.727934 0 0 0 0 0 0 0 0 0 0 0 0 0 0 0 0 0 0.0147059 0 0.0147059 0.0294118 0.102941 0.161765 0.176471 0.294118 0.102941 0.0882353 0 0.0147059 0 0 0 0 

2176 2163 1602 90 0 0.739713 0 0 0 0 0 0 0 0 0 0 0 0 0 0 0 0 0 0 0.0149254 0.0149254 0.0149254 0.0746269 0.0597015 0.253731 0.253731 0.19403 0.104478 0.0149254 0 0 0 0 0 

2240 2217 1603 103 0 0.721696 0 0 0 0 0 0 0 0 0 0 0 0 0 0 0 0 0 0 0.0144928 0.0144928 0.0724638 0.0869565 0.173913 0.246377 0.115942 0.173913 0.0724638 0.0289855 0 0 0 0 0 

2240 2220 1602 93 0 0.720721 0 0 0 0 0 0 0 0 0 0 0 0 0 0 0 0 0 0 0 0 0.0289855 0.101449 0.246377 0.246377 0.231884 0.0869565 0.057971 0 0 0 0 0 0 

2240 2219 1603 101 0 0.721045 0 0 0 0 0 0 0 0 0 0 0 0 0 0 0 0 0 0.0144928 0 0 0.0434783 0.130435 0.217391 0.144928 0.217391 0.15942 0.057971 0.0144928 0 0 0 0 0 

2240 2226 1602 92 0 0.718778 0 0 0 0 0 0 0 0 0 0 0 0 0 0 0 0 0 0 0.0144928 0.0434783 0.0289855 0.0869565 0.188406 0.231884 0.202899 0.173913 0.0144928 0.0144928 0 0 0 0 0 

