2240 2222 1602 92 0 0.720072 0 0 0 0 0 0 0 0 0 0 0 0 0 0 0 0 0 0 0.0144928 0.0289855 0.0434783 0.101449 0.101449 0.347826 0.173913 0.130435 0.0289855 0.0289855 0 0 0 0 0 

2176 2166 1602 86 0 0.738689 0 0 0 0 0 0 0 0 0 0 0 0 0 0 0 0 0 0 0 0.0149254 0.0298507 0.0447761 0.104478 0.268657 0.253731 0.208955 0.0447761 0.0298507 0 0 0 0 0 

2176 2169 1602 95 0 0.737667 0 0 0 0 0 0 0 0 0 0 0 0 0 0 0 0 0 0 0 0.0298507 0.0597015 0.0597015 0.119403 0.134328 0.268657 0.208955 0.0895522 0.0298507 0 0 0 0 0 

2240 2211 1602 84 0 0.723654 0 0 0 0 0 0 0 0 0 0 0 0 0 0 0 0 0 0.0144928 0 0.0144928 0.0289855 0.101449 0.130435 0.304348 0.173913 0.130435 0.101449 0 0 0 0 0 0 

2208 2183 1602 89 0 0.732936 0 0 0 0 0 0 0 0 0 0 0 0 0 0 0 0 0 0 0 0 0.0294118 0.117647 0.161765 0.147059 0.279412 0.176471 0.0441176 0.0441176 0 0 0 0 0 

2208 2192 1602 96 0 0.729927 0 0 0 0 0 0 0 0 0 0 0 0 0 0 0 0 0 0 0.0147059 0 0.0735294 0.0294118 0.191176 0.220588 0.205882 0.147059 0.102941 0.0147059 0 0 0 0 0 

2208 2187 1602 88 0 0.731596 0 0 0 0 0 0 0 0 0 0 0 0 0 0 0 0 0 0 0 0.0147059 0.0294118 0.0735294 0.132353 0.205882 0.294118 0.220588 0.0294118 0 0 0 0 0 0 

2240 2226 1602 95 0 0.718778 0 0 0 0 0 0 0 0 0 0 0 0 0 0 0 0 0 0 0.0144928 0 0.0289855 0.144928 0.217391 0.26087 0.144928 0.115942 0.0434783 0.0289855 0 0 0 0 0 

2208 2184 1602 85 0 0.732601 0 0 0 0 0 0 0 0 0 0 0 0 0 0 0 0 0 0 0 0 0.0441176 0.102941 0.147059 0.205882 0.235294 0.161765 0.0735294 0.0147059 0 0.0147059 0 0 0 

2240 2213 1603 100 0 0.723 0 0 0 0 0 0 0 0 0 0 0 0 0 0 0 0 0 0 0.0144928 0.0434783 0.0434783 0.0434783 0.15942 0.275362 0.188406 0.144928 0.057971 0.0144928 0.0144928 0 0 0 0 

