2240 2224 1603 99 0 0.719424 0 0 0 0 0 0 0 0 0 0 0 0 0 0 0 0 0 0 0.0144928 0 0.0724638 0.115942 0.173913 0.275362 0.144928 0.0869565 0.0869565 0.0289855 0 0 0 0 0 

2176 2169 1601 93 0 0.737667 0 0 0 0 0 0 0 0 0 0 0 0 0 0 0 0 0 0 0 0.0298507 0 0.0447761 0.149254 0.238806 0.253731 0.223881 0.0447761 0.0149254 0 0 0 0 0 

2208 2190 1602 97 0 0.730594 0 0 0 0 0 0 0 0 0 0 0 0 0 0 0 0 0 0 0 0.0147059 0.0588235 0.117647 0.102941 0.205882 0.220588 0.176471 0.0735294 0.0147059 0.0147059 0 0 0 0 

2176 2163 1602 89 0 0.739713 0 0 0 0 0 0 0 0 0 0 0 0 0 0 0 0 0 0 0 0 0.0298507 0.0597015 0.164179 0.208955 0.238806 0.179104 0.0895522 0.0149254 0.0149254 0 0 0 0 

2208 2193 1602 89 0 0.729594 0 0 0 0 0 0 0 0 0 0 0 0 0 0 0 0 0 0 0 0.0147059 0.0147059 0.117647 0.117647 0.264706 0.235294 0.176471 0.0588235 0 0 0 0 0 0 

2208 2188 1602 90 0 0.731261 0 0 0 0 0 0 0 0 0 0 0 0 0 0 0 0 0 0 0.0147059 0.0147059 0.0147059 0.0882353 0.0882353 0.25 0.294118 0.191176 0.0294118 0.0147059 0 0 0 0 0 

2208 2197 1602 90 0 0.728266 0 0 0 0 0 0 0 0 0 0 0 0 0 0 0 0 0 0 0 0.0294118 0 0.102941 0.117647 0.308824 0.264706 0.117647 0.0441176 0.0147059 0 0 0 0 0 

2208 2189 1602 90 0 0.730927 0 0 0 0 0 0 0 0 0 0 0 0 0 0 0 0 0 0 0.0147059 0 0.0294118 0.0441176 0.176471 0.279412 0.220588 0.147059 0.0735294 0.0147059 0 0 0 0 0 

2208 2179 1602 95 0 0.734282 0 0 0 0 0 0 0 0 0 0 0 0 0 0 0 0 0 0 0.0147059 0 0.0147059 0.0735294 0.161765 0.205882 0.235294 0.205882 0.0588235 0.0294118 0 0 0 0 0 

2208 2203 1601 92 0 0.726282 0 0 0 0 0 0 0 0 0 0 0 0 0 0 0 0 0 0 0 0.0294118 0.0441176 0.0588235 0.176471 0.235294 0.279412 0.117647 0.0441176 0.0147059 0 0 0 0 0 

