2208 2198 1602 88 0 0.727934 0 0 0 0 0 0 0 0 0 0 0 0 0 0 0 0 0 0 0 0 0.0735294 0.102941 0.205882 0.147059 0.161765 0.235294 0.0588235 0.0147059 0 0 0 0 0 

2208 2197 1602 96 0 0.728266 0 0 0 0 0 0 0 0 0 0 0 0 0 0 0 0 0 0 0 0 0.0735294 0.0735294 0.132353 0.235294 0.308824 0.0882353 0.0882353 0 0 0 0 0 0 

2240 2212 1602 90 0 0.723327 0 0 0 0 0 0 0 0 0 0 0 0 0 0 0 0 0 0 0 0.0289855 0.0289855 0.0724638 0.26087 0.173913 0.188406 0.15942 0.0869565 0 0 0 0 0 0 

2208 2193 1602 93 0 0.729594 0 0 0 0 0 0 0 0 0 0 0 0 0 0 0 0 0 0.0147059 0.0147059 0.0294118 0.0147059 0.0294118 0.161765 0.279412 0.264706 0.0294118 0.117647 0.0441176 0 0 0 0 0 

2208 2202 1601 95 0 0.726612 0 0 0 0 0 0 0 0 0 0 0 0 0 0 0 0 0 0 0 0 0.0735294 0.132353 0.147059 0.176471 0.25 0.102941 0.117647 0 0 0 0 0 0 

2176 2168 1602 88 0 0.738007 0 0 0 0 0 0 0 0 0 0 0 0 0 0 0 0 0 0 0 0.0149254 0.0298507 0.104478 0.0746269 0.208955 0.253731 0.223881 0.0746269 0.0149254 0 0 0 0 0 

2240 2224 1602 96 0 0.719424 0 0 0 0 0 0 0 0 0 0 0 0 0 0 0 0 0 0 0 0 0.0434783 0.188406 0.144928 0.26087 0.173913 0.130435 0.0289855 0.0289855 0 0 0 0 0 

2208 2180 1602 94 0 0.733945 0 0 0 0 0 0 0 0 0 0 0 0 0 0 0 0 0 0 0 0 0.0441176 0.0882353 0.102941 0.205882 0.308824 0.161765 0.0735294 0.0147059 0 0 0 0 0 

2240 2233 1603 101 0 0.716525 0 0 0 0 0 0 0 0 0 0 0 0 0 0 0 0 0 0 0.0144928 0.057971 0.0434783 0.0869565 0.173913 0.246377 0.188406 0.101449 0.0869565 0 0 0 0 0 0 

2272 2245 1602 96 0 0.712695 0 0 0 0 0 0 0 0 0 0 0 0 0 0 0 0 0.0142857 0 0.0285714 0.0142857 0.0285714 0.0857143 0.242857 0.185714 0.257143 0.0857143 0.0428571 0.0142857 0 0 0 0 0 

