2208 2199 1601 90 0 0.727603 0 0 0 0 0 0 0 0 0 0 0 0 0 0 0 0 0 0 0.0147059 0 0.0441176 0.117647 0.161765 0.220588 0.161765 0.191176 0.0735294 0.0147059 0 0 0 0 0 

2272 2246 1603 104 0 0.712378 0 0 0 0 0 0 0 0 0 0 0 0 0 0 0 0 0 0 0.0142857 0.0142857 0.0714286 0.2 0.114286 0.214286 0.128571 0.185714 0.0571429 0 0 0 0 0 0 

2208 2182 1603 102 0 0.733272 0 0 0 0 0 0 0 0 0 0 0 0 0 0 0 0 0 0 0 0.0294118 0.0441176 0.0147059 0.132353 0.235294 0.294118 0.161765 0.0735294 0.0147059 0 0 0 0 0 

2240 2232 1602 97 0 0.716846 0 0 0 0 0 0 0 0 0 0 0 0 0 0 0 0 0 0 0 0.0434783 0.0724638 0.101449 0.202899 0.173913 0.202899 0.144928 0.057971 0 0 0 0 0 0 

2208 2188 1602 91 0 0.731261 0 0 0 0 0 0 0 0 0 0 0 0 0 0 0 0 0 0 0 0 0.0441176 0.0441176 0.205882 0.220588 0.205882 0.235294 0.0441176 0 0 0 0 0 0 

2240 2214 1602 96 0 0.722674 0 0 0 0 0 0 0 0 0 0 0 0 0 0 0 0 0 0 0 0 0.101449 0.115942 0.144928 0.217391 0.188406 0.101449 0.101449 0.0289855 0 0 0 0 0 

2240 2224 1603 100 0 0.719424 0 0 0 0 0 0 0 0 0 0 0 0 0 0 0 0 0 0 0 0.0144928 0.0289855 0.115942 0.15942 0.275362 0.275362 0.130435 0 0 0 0 0 0 0 

2176 2170 1600 90 0 0.737327 0 0 0 0 0 0 0 0 0 0 0 0 0 0 0 0 0 0 0 0 0.0447761 0.134328 0.119403 0.179104 0.19403 0.19403 0.0895522 0.0298507 0.0149254 0 0 0 0 

2208 2187 1602 86 0 0.731596 0 0 0 0 0 0 0 0 0 0 0 0 0 0 0 0 0 0 0 0 0.0147059 0.0882353 0.220588 0.147059 0.294118 0.176471 0.0441176 0.0147059 0 0 0 0 0 

2208 2200 1602 97 0 0.727273 0 0 0 0 0 0 0 0 0 0 0 0 0 0 0 0 0 0 0 0 0.0294118 0.147059 0.117647 0.323529 0.205882 0.0735294 0.0588235 0.0441176 0 0 0 0 0 

