2208 2188 1603 100 0 0.731261 0 0 0 0 0 0 0 0 0 0 0 0 0 0 0 0 0 0 0 0.0294118 0.0294118 0.0294118 0.117647 0.294118 0.294118 0.132353 0.0735294 0 0 0 0 0 0 

2240 2220 1602 90 0 0.720721 0 0 0 0 0 0 0 0 0 0 0 0 0 0 0 0 0 0 0.0144928 0.057971 0.057971 0.0724638 0.101449 0.289855 0.15942 0.144928 0.0869565 0.0144928 0 0 0 0 0 

2208 2201 1602 89 0 0.726942 0 0 0 0 0 0 0 0 0 0 0 0 0 0 0 0 0 0 0.0147059 0 0.0294118 0.0882353 0.132353 0.338235 0.205882 0.132353 0.0441176 0.0147059 0 0 0 0 0 

2240 2219 1602 96 0 0.721045 0 0 0 0 0 0 0 0 0 0 0 0 0 0 0 0 0.0144928 0 0 0.0289855 0.0434783 0.130435 0.15942 0.188406 0.15942 0.173913 0.0869565 0.0144928 0 0 0 0 0 

2208 2182 1602 90 0 0.733272 0 0 0 0 0 0 0 0 0 0 0 0 0 0 0 0 0 0 0 0 0.0294118 0.0441176 0.176471 0.220588 0.308824 0.161765 0.0441176 0.0147059 0 0 0 0 0 

2240 2217 1603 100 0 0.721696 0 0 0 0 0 0 0 0 0 0 0 0 0 0 0 0 0 0 0.0289855 0.0144928 0.0289855 0.0869565 0.15942 0.231884 0.246377 0.144928 0.0434783 0.0144928 0 0 0 0 0 

2272 2247 1603 100 0 0.712061 0 0 0 0 0 0 0 0 0 0 0 0 0 0 0 0 0 0 0 0.0428571 0.128571 0.0857143 0.157143 0.228571 0.1 0.185714 0.0714286 0 0 0 0 0 0 

2208 2185 1602 91 0 0.732265 0 0 0 0 0 0 0 0 0 0 0 0 0 0 0 0 0 0 0 0.0294118 0.0441176 0.0294118 0.147059 0.220588 0.308824 0.117647 0.0735294 0.0294118 0 0 0 0 0 

2208 2196 1602 97 0 0.728597 0 0 0 0 0 0 0 0 0 0 0 0 0 0 0 0 0 0 0 0.0441176 0.0147059 0.0735294 0.176471 0.205882 0.235294 0.191176 0.0441176 0.0147059 0 0 0 0 0 

2240 2211 1602 92 0 0.723654 0 0 0 0 0 0 0 0 0 0 0 0 0 0 0 0 0 0 0 0 0.0434783 0.115942 0.188406 0.231884 0.188406 0.173913 0.0434783 0.0144928 0 0 0 0 0 

