2208 2187 1602 89 0 0.731596 0 0 0 0 0 0 0 0 0 0 0 0 0 0 0 0 0 0 0 0.0147059 0.0294118 0.0882353 0.117647 0.264706 0.220588 0.191176 0.0588235 0.0147059 0 0 0 0 0 

2208 2187 1602 88 0 0.731596 0 0 0 0 0 0 0 0 0 0 0 0 0 0 0 0 0 0 0 0.0147059 0 0.0735294 0.176471 0.308824 0.176471 0.176471 0.0441176 0.0294118 0 0 0 0 0 

2240 2222 1602 92 0 0.720072 0 0 0 0 0 0 0 0 0 0 0 0 0 0 0 0 0 0 0 0.0144928 0.0434783 0.115942 0.26087 0.217391 0.130435 0.101449 0.101449 0.0144928 0 0 0 0 0 

2208 2185 1602 94 0 0.732265 0 0 0 0 0 0 0 0 0 0 0 0 0 0 0 0 0 0 0 0 0.0147059 0.102941 0.161765 0.235294 0.25 0.132353 0.0882353 0.0147059 0 0 0 0 0 

2208 2189 1602 98 0 0.730927 0 0 0 0 0 0 0 0 0 0 0 0 0 0 0 0 0 0 0 0.0147059 0.0588235 0.0882353 0.117647 0.191176 0.264706 0.176471 0.0735294 0.0147059 0 0 0 0 0 

2208 2192 1602 92 0 0.729927 0 0 0 0 0 0 0 0 0 0 0 0 0 0 0 0 0 0 0.0147059 0 0.0588235 0.102941 0.161765 0.191176 0.191176 0.132353 0.102941 0.0441176 0 0 0 0 0 

2208 2196 1602 93 0 0.728597 0 0 0 0 0 0 0 0 0 0 0 0 0 0 0 0 0 0 0 0.0147059 0 0.132353 0.161765 0.264706 0.176471 0.176471 0.0735294 0 0 0 0 0 0 

2208 2186 1602 97 0 0.73193 0 0 0 0 0 0 0 0 0 0 0 0 0 0 0 0 0 0 0.0147059 0 0.0294118 0.0882353 0.102941 0.235294 0.294118 0.161765 0.0588235 0.0147059 0 0 0 0 0 

2208 2195 1602 97 0 0.728929 0 0 0 0 0 0 0 0 0 0 0 0 0 0 0 0 0 0 0 0.0294118 0.0294118 0.0882353 0.205882 0.205882 0.191176 0.0882353 0.147059 0.0147059 0 0 0 0 0 

2208 2192 1602 92 0 0.729927 0 0 0 0 0 0 0 0 0 0 0 0 0 0 0 0 0 0 0.0147059 0.0441176 0.0294118 0.0588235 0.147059 0.235294 0.191176 0.161765 0.0735294 0.0294118 0.0147059 0 0 0 0 

