2208 2201 1600 87 0 0.726942 0 0 0 0 0 0 0 0 0 0 0 0 0 0 0 0 0 0.0147059 0 0 0.0588235 0.117647 0.161765 0.176471 0.176471 0.220588 0.0588235 0.0147059 0 0 0 0 0 

2208 2201 1602 84 0 0.726942 0 0 0 0 0 0 0 0 0 0 0 0 0 0 0 0 0 0 0 0.0147059 0.0147059 0.0882353 0.279412 0.161765 0.205882 0.161765 0.0735294 0 0 0 0 0 0 

2208 2193 1602 94 0 0.729594 0 0 0 0 0 0 0 0 0 0 0 0 0 0 0 0 0 0 0 0.0294118 0.0735294 0.0735294 0.117647 0.235294 0.161765 0.220588 0.0441176 0.0441176 0 0 0 0 0 

2240 2218 1602 96 0 0.721371 0 0 0 0 0 0 0 0 0 0 0 0 0 0 0 0 0 0 0.0144928 0.0144928 0.0434783 0.115942 0.15942 0.26087 0.130435 0.188406 0.0724638 0 0 0 0 0 0 

2208 2201 1600 99 0 0.726942 0 0 0 0 0 0 0 0 0 0 0 0 0 0 0 0 0 0.0147059 0 0.0147059 0.0588235 0.0588235 0.161765 0.176471 0.294118 0.161765 0.0441176 0.0147059 0 0 0 0 0 

2240 2211 1602 97 0 0.723654 0 0 0 0 0 0 0 0 0 0 0 0 0 0 0 0 0 0 0.0144928 0.0144928 0.0724638 0.101449 0.15942 0.130435 0.231884 0.188406 0.0724638 0.0144928 0 0 0 0 0 

2240 2215 1602 94 0 0.722348 0 0 0 0 0 0 0 0 0 0 0 0 0 0 0 0 0 0 0 0.0289855 0.0724638 0.130435 0.101449 0.188406 0.217391 0.202899 0.0434783 0.0144928 0 0 0 0 0 

2208 2199 1602 91 0 0.727603 0 0 0 0 0 0 0 0 0 0 0 0 0 0 0 0 0 0 0 0.0147059 0.0294118 0.0882353 0.161765 0.264706 0.235294 0.161765 0.0294118 0.0147059 0 0 0 0 0 

2208 2195 1602 90 0 0.728929 0 0 0 0 0 0 0 0 0 0 0 0 0 0 0 0 0 0 0 0.0147059 0.0441176 0.0735294 0.161765 0.235294 0.235294 0.161765 0.0735294 0 0 0 0 0 0 

2208 2203 1600 97 0 0.726282 0 0 0 0 0 0 0 0 0 0 0 0 0 0 0 0 0 0 0.0147059 0.0147059 0.0147059 0.161765 0.147059 0.220588 0.161765 0.161765 0.0882353 0.0147059 0 0 0 0 0 

