2176 2160 1601 79 0 0.740741 0 0 0 0 0 0 0 0 0 0 0 0 0 0 0 0 0 0 0.0149254 0.0298507 0.0149254 0.0298507 0.164179 0.19403 0.223881 0.149254 0.134328 0.0298507 0.0149254 0 0 0 0 

2208 2189 1602 98 0 0.730927 0 0 0 0 0 0 0 0 0 0 0 0 0 0 0 0 0 0 0 0 0.0147059 0.147059 0.132353 0.147059 0.397059 0.0882353 0.0441176 0.0147059 0.0147059 0 0 0 0 

2240 2213 1602 95 0 0.723 0 0 0 0 0 0 0 0 0 0 0 0 0 0 0 0 0 0 0 0.0144928 0.0289855 0.0869565 0.26087 0.217391 0.144928 0.188406 0.0289855 0.0289855 0 0 0 0 0 

2240 2213 1602 94 0 0.723 0 0 0 0 0 0 0 0 0 0 0 0 0 0 0 0 0 0 0 0.0144928 0.057971 0.130435 0.101449 0.231884 0.26087 0.144928 0.0434783 0.0144928 0 0 0 0 0 

2240 2225 1602 92 0 0.719101 0 0 0 0 0 0 0 0 0 0 0 0 0 0 0 0 0 0 0.0144928 0 0.0724638 0.101449 0.202899 0.173913 0.275362 0.0869565 0.0724638 0 0 0 0 0 0 

2240 2222 1602 98 0 0.720072 0 0 0 0 0 0 0 0 0 0 0 0 0 0 0 0 0 0 0 0.0289855 0.0724638 0.057971 0.173913 0.318841 0.144928 0.144928 0.0289855 0.0289855 0 0 0 0 0 

2240 2229 1603 99 0 0.717811 0 0 0 0 0 0 0 0 0 0 0 0 0 0 0 0 0 0.0144928 0 0.0434783 0.0144928 0.115942 0.173913 0.275362 0.173913 0.115942 0.057971 0.0144928 0 0 0 0 0 

2208 2190 1602 98 0 0.730594 0 0 0 0 0 0 0 0 0 0 0 0 0 0 0 0 0 0 0.0147059 0 0.0441176 0.132353 0.117647 0.176471 0.235294 0.176471 0.0588235 0.0441176 0 0 0 0 0 

2208 2187 1602 90 0 0.731596 0 0 0 0 0 0 0 0 0 0 0 0 0 0 0 0 0 0 0 0.0294118 0.0441176 0.0588235 0.132353 0.205882 0.323529 0.0882353 0.0735294 0.0441176 0 0 0 0 0 

2240 2221 1602 95 0 0.720396 0 0 0 0 0 0 0 0 0 0 0 0 0 0 0 0 0 0 0.0144928 0.0144928 0.0289855 0.0869565 0.231884 0.217391 0.217391 0.144928 0.0289855 0.0144928 0 0 0 0 0 

