2208 2198 1602 94 0 0.727934 0 0 0 0 0 0 0 0 0 0 0 0 0 0 0 0 0 0 0 0.0147059 0.0441176 0.0294118 0.205882 0.294118 0.205882 0.132353 0.0735294 0 0 0 0 0 0 

2208 2184 1603 104 0 0.732601 0 0 0 0 0 0 0 0 0 0 0 0 0 0 0 0 0 0 0 0 0.0588235 0.132353 0.0882353 0.191176 0.220588 0.205882 0.0588235 0.0441176 0 0 0 0 0 

2208 2190 1602 96 0 0.730594 0 0 0 0 0 0 0 0 0 0 0 0 0 0 0 0 0 0 0.0147059 0 0.0147059 0.0588235 0.205882 0.235294 0.264706 0.117647 0.0735294 0 0.0147059 0 0 0 0 

2208 2194 1602 95 0 0.729262 0 0 0 0 0 0 0 0 0 0 0 0 0 0 0 0 0 0 0.0147059 0.0147059 0.0294118 0.0294118 0.205882 0.25 0.220588 0.161765 0.0588235 0.0147059 0 0 0 0 0 

2240 2224 1603 101 0 0.719424 0 0 0 0 0 0 0 0 0 0 0 0 0 0 0 0 0 0 0.0289855 0.0144928 0.0724638 0.0724638 0.188406 0.217391 0.173913 0.15942 0.0289855 0.0434783 0 0 0 0 0 

2208 2191 1603 102 0 0.73026 0 0 0 0 0 0 0 0 0 0 0 0 0 0 0 0 0 0 0 0.0294118 0.0294118 0.0588235 0.147059 0.279412 0.176471 0.205882 0.0588235 0.0147059 0 0 0 0 0 

2208 2195 1603 105 0 0.728929 0 0 0 0 0 0 0 0 0 0 0 0 0 0 0 0 0 0 0.0147059 0.0147059 0.0294118 0.0441176 0.191176 0.235294 0.279412 0.0882353 0.0735294 0.0294118 0 0 0 0 0 

2176 2164 1602 90 0 0.739372 0 0 0 0 0 0 0 0 0 0 0 0 0 0 0 0 0 0.0149254 0 0 0.0149254 0.0895522 0.134328 0.164179 0.283582 0.179104 0.0746269 0.0298507 0.0149254 0 0 0 0 

2208 2190 1602 87 0 0.730594 0 0 0 0 0 0 0 0 0 0 0 0 0 0 0 0 0 0 0.0147059 0 0.0441176 0.0882353 0.132353 0.235294 0.25 0.117647 0.0882353 0.0294118 0 0 0 0 0 

2208 2191 1602 90 0 0.73026 0 0 0 0 0 0 0 0 0 0 0 0 0 0 0 0 0 0 0 0 0.0735294 0.0735294 0.161765 0.205882 0.220588 0.161765 0.0882353 0.0147059 0 0 0 0 0 

