2240 2227 1602 91 0 0.718455 0 0 0 0 0 0 0 0 0 0 0 0 0 0 0 0 0 0 0 0 0.0724638 0.115942 0.217391 0.26087 0.130435 0.130435 0.0724638 0 0 0 0 0 0 

2176 2164 1602 89 0 0.739372 0 0 0 0 0 0 0 0 0 0 0 0 0 0 0 0 0 0 0.0149254 0 0 0.0895522 0.0895522 0.19403 0.343284 0.19403 0.0746269 0 0 0 0 0 0 

2208 2192 1602 88 0 0.729927 0 0 0 0 0 0 0 0 0 0 0 0 0 0 0 0 0 0 0 0 0.0294118 0.0882353 0.161765 0.279412 0.205882 0.176471 0.0441176 0.0147059 0 0 0 0 0 

2208 2188 1602 94 0 0.731261 0 0 0 0 0 0 0 0 0 0 0 0 0 0 0 0 0 0 0.0147059 0 0.0441176 0.0588235 0.147059 0.220588 0.25 0.205882 0.0441176 0.0147059 0 0 0 0 0 

2240 2217 1602 96 0 0.721696 0 0 0 0 0 0 0 0 0 0 0 0 0 0 0 0 0 0.0144928 0 0.0144928 0.0434783 0.130435 0.144928 0.173913 0.26087 0.15942 0.0434783 0.0144928 0 0 0 0 0 

2208 2197 1602 88 0 0.728266 0 0 0 0 0 0 0 0 0 0 0 0 0 0 0 0 0 0 0 0.0588235 0.0441176 0.0441176 0.161765 0.176471 0.308824 0.102941 0.0588235 0.0441176 0 0 0 0 0 

2208 2183 1602 95 0 0.732936 0 0 0 0 0 0 0 0 0 0 0 0 0 0 0 0 0 0 0.0147059 0 0.0441176 0.0588235 0.0735294 0.323529 0.235294 0.147059 0.0882353 0.0147059 0 0 0 0 0 

2208 2201 1602 93 0 0.726942 0 0 0 0 0 0 0 0 0 0 0 0 0 0 0 0 0 0 0.0147059 0.0294118 0.0294118 0.0735294 0.191176 0.205882 0.220588 0.147059 0.0588235 0.0294118 0 0 0 0 0 

2208 2189 1602 92 0 0.730927 0 0 0 0 0 0 0 0 0 0 0 0 0 0 0 0 0 0 0 0.0294118 0.0294118 0.0588235 0.205882 0.132353 0.25 0.235294 0.0588235 0 0 0 0 0 0 

2272 2251 1603 104 0 0.710795 0 0 0 0 0 0 0 0 0 0 0 0 0 0 0 0 0 0.0142857 0 0 0.0571429 0.114286 0.271429 0.214286 0.171429 0.142857 0.0142857 0 0 0 0 0 0 

