2240 2224 1602 91 0 0.719424 0 0 0 0 0 0 0 0 0 0 0 0 0 0 0 0 0 0 0 0.0289855 0.0434783 0.0724638 0.246377 0.246377 0.15942 0.15942 0.0289855 0.0144928 0 0 0 0 0 

2240 2228 1602 98 0 0.718133 0 0 0 0 0 0 0 0 0 0 0 0 0 0 0 0 0 0 0.0144928 0.0289855 0.0724638 0.0724638 0.202899 0.188406 0.231884 0.130435 0.0434783 0.0144928 0 0 0 0 0 

2176 2165 1602 91 0 0.73903 0 0 0 0 0 0 0 0 0 0 0 0 0 0 0 0 0 0 0 0 0.0298507 0.0447761 0.134328 0.238806 0.298507 0.179104 0.0447761 0.0298507 0 0 0 0 0 

2240 2223 1602 93 0 0.719748 0 0 0 0 0 0 0 0 0 0 0 0 0 0 0 0 0 0 0.0289855 0 0.0434783 0.0869565 0.188406 0.289855 0.144928 0.173913 0.0289855 0.0144928 0 0 0 0 0 

2240 2215 1603 100 0 0.722348 0 0 0 0 0 0 0 0 0 0 0 0 0 0 0 0 0 0.0144928 0.0144928 0.0144928 0.0724638 0.101449 0.101449 0.231884 0.15942 0.173913 0.101449 0.0144928 0 0 0 0 0 

2240 2220 1602 95 0 0.720721 0 0 0 0 0 0 0 0 0 0 0 0 0 0 0 0 0 0 0 0.0434783 0.0724638 0.144928 0.115942 0.15942 0.217391 0.130435 0.101449 0.0144928 0 0 0 0 0 

2272 2257 1603 109 0 0.708906 0 0 0 0 0 0 0 0 0 0 0 0 0 0 0 0 0 0 0.0285714 0 0.0428571 0.128571 0.285714 0.271429 0.0857143 0.0857143 0.0714286 0 0 0 0 0 0 

2240 2231 1600 98 0 0.717167 0 0 0 0 0 0 0 0 0 0 0 0 0 0 0 0 0 0 0.0144928 0.0724638 0.057971 0.101449 0.101449 0.188406 0.246377 0.173913 0.0434783 0 0 0 0 0 0 

2208 2184 1602 92 0 0.732601 0 0 0 0 0 0 0 0 0 0 0 0 0 0 0 0 0 0 0 0.0147059 0 0.132353 0.147059 0.264706 0.117647 0.191176 0.117647 0.0147059 0 0 0 0 0 

2176 2168 1601 91 0 0.738007 0 0 0 0 0 0 0 0 0 0 0 0 0 0 0 0 0 0 0 0.0149254 0.0149254 0.0447761 0.164179 0.223881 0.298507 0.134328 0.0746269 0.0298507 0 0 0 0 0 

