2208 2192 1602 92 0 0.729927 0 0 0 0 0 0 0 0 0 0 0 0 0 0 0 0 0.0147059 0 0 0 0.0882353 0.0588235 0.161765 0.161765 0.235294 0.176471 0.0588235 0.0147059 0.0294118 0 0 0 0 

2240 2222 1603 104 0 0.720072 0 0 0 0 0 0 0 0 0 0 0 0 0 0 0 0 0 0 0 0.0144928 0.0434783 0.101449 0.217391 0.231884 0.231884 0.101449 0.0289855 0.0289855 0 0 0 0 0 

2208 2188 1602 94 0 0.731261 0 0 0 0 0 0 0 0 0 0 0 0 0 0 0 0 0 0.0147059 0.0147059 0.0147059 0.0147059 0.0882353 0.102941 0.235294 0.25 0.147059 0.0882353 0.0294118 0 0 0 0 0 

2272 2244 1603 107 0 0.713012 0 0 0 0 0 0 0 0 0 0 0 0 0 0 0 0 0 0.0142857 0 0.0142857 0.0571429 0.128571 0.228571 0.185714 0.142857 0.185714 0.0428571 0 0 0 0 0 0 

2208 2196 1602 95 0 0.728597 0 0 0 0 0 0 0 0 0 0 0 0 0 0 0 0 0 0 0 0 0.0735294 0.0588235 0.220588 0.176471 0.220588 0.161765 0.0735294 0.0147059 0 0 0 0 0 

2208 2182 1602 96 0 0.733272 0 0 0 0 0 0 0 0 0 0 0 0 0 0 0 0 0 0 0 0.0147059 0.0588235 0.0294118 0.117647 0.323529 0.176471 0.161765 0.0882353 0.0294118 0 0 0 0 0 

2208 2191 1602 90 0 0.73026 0 0 0 0 0 0 0 0 0 0 0 0 0 0 0 0 0 0 0 0.0294118 0.0441176 0.102941 0.117647 0.176471 0.279412 0.147059 0.0735294 0.0294118 0 0 0 0 0 

2176 2169 1602 98 0 0.737667 0 0 0 0 0 0 0 0 0 0 0 0 0 0 0 0 0.0149254 0 0 0.0149254 0.0149254 0.0298507 0.119403 0.298507 0.238806 0.149254 0.104478 0 0.0149254 0 0 0 0 

2272 2246 1602 93 0 0.712378 0 0 0 0 0 0 0 0 0 0 0 0 0 0 0 0 0 0 0 0.0285714 0.0571429 0.1 0.257143 0.214286 0.2 0.0857143 0.0571429 0 0 0 0 0 0 

2240 2226 1603 107 0 0.718778 0 0 0 0 0 0 0 0 0 0 0 0 0 0 0 0 0 0 0 0.0289855 0.057971 0.0869565 0.275362 0.15942 0.188406 0.101449 0.0869565 0.0144928 0 0 0 0 0 

