2240 2214 1602 97 0 0.722674 0 0 0 0 0 0 0 0 0 0 0 0 0 0 0 0 0 0 0 0.0434783 0.0434783 0.130435 0.101449 0.246377 0.173913 0.15942 0.101449 0 0 0 0 0 0 

2208 2195 1602 92 0 0.728929 0 0 0 0 0 0 0 0 0 0 0 0 0 0 0 0 0 0 0 0 0.0882353 0.0588235 0.147059 0.220588 0.279412 0.102941 0.0882353 0.0147059 0 0 0 0 0 

2240 2217 1602 92 0 0.721696 0 0 0 0 0 0 0 0 0 0 0 0 0 0 0 0 0 0 0 0.0144928 0.0434783 0.101449 0.188406 0.275362 0.202899 0.0724638 0.0869565 0.0144928 0 0 0 0 0 

2208 2196 1602 93 0 0.728597 0 0 0 0 0 0 0 0 0 0 0 0 0 0 0 0 0 0 0.0147059 0 0.0294118 0.102941 0.191176 0.132353 0.308824 0.161765 0.0441176 0.0147059 0 0 0 0 0 

2240 2217 1602 95 0 0.721696 0 0 0 0 0 0 0 0 0 0 0 0 0 0 0 0 0 0.0144928 0 0.0144928 0.0289855 0.115942 0.130435 0.275362 0.202899 0.173913 0.0434783 0 0 0 0 0 0 

2240 2217 1603 99 0 0.721696 0 0 0 0 0 0 0 0 0 0 0 0 0 0 0 0 0 0 0 0.0144928 0.0434783 0.144928 0.115942 0.246377 0.231884 0.144928 0.057971 0 0 0 0 0 0 

2176 2164 1602 92 0 0.739372 0 0 0 0 0 0 0 0 0 0 0 0 0 0 0 0 0 0 0 0 0.0298507 0.0746269 0.179104 0.134328 0.298507 0.149254 0.104478 0.0298507 0 0 0 0 0 

2208 2189 1602 91 0 0.730927 0 0 0 0 0 0 0 0 0 0 0 0 0 0 0 0 0 0 0.0147059 0 0.0441176 0.0588235 0.191176 0.191176 0.220588 0.176471 0.102941 0 0 0 0 0 0 

2208 2191 1602 98 0 0.73026 0 0 0 0 0 0 0 0 0 0 0 0 0 0 0 0 0 0.0147059 0 0.0147059 0.0294118 0.102941 0.191176 0.132353 0.235294 0.147059 0.0882353 0.0441176 0 0 0 0 0 

2240 2222 1603 104 0 0.720072 0 0 0 0 0 0 0 0 0 0 0 0 0 0 0 0 0 0.0144928 0 0.0289855 0.0289855 0.0724638 0.246377 0.202899 0.231884 0.0724638 0.0724638 0.0289855 0 0 0 0 0 

