2208 2180 1603 108 0 0.733945 0 0 0 0 0 0 0 0 0 0 0 0 0 0 0 0 0 0 0 0.0147059 0.0147059 0.102941 0.132353 0.25 0.161765 0.205882 0.0882353 0.0294118 0 0 0 0 0 

2208 2199 1601 88 0 0.727603 0 0 0 0 0 0 0 0 0 0 0 0 0 0 0 0 0 0 0.0441176 0.0147059 0.0147059 0.117647 0.0735294 0.264706 0.205882 0.147059 0.117647 0 0 0 0 0 0 

2208 2196 1602 88 0 0.728597 0 0 0 0 0 0 0 0 0 0 0 0 0 0 0 0 0 0 0 0 0.0441176 0.102941 0.132353 0.235294 0.294118 0.132353 0.0588235 0 0 0 0 0 0 

2208 2186 1602 96 0 0.73193 0 0 0 0 0 0 0 0 0 0 0 0 0 0 0 0 0 0 0 0.0294118 0.0441176 0.0441176 0.176471 0.205882 0.25 0.132353 0.0735294 0.0294118 0.0147059 0 0 0 0 

2208 2185 1602 91 0 0.732265 0 0 0 0 0 0 0 0 0 0 0 0 0 0 0 0 0 0 0 0 0.0294118 0.0588235 0.147059 0.279412 0.294118 0.0882353 0.102941 0 0 0 0 0 0 

2208 2194 1602 96 0 0.729262 0 0 0 0 0 0 0 0 0 0 0 0 0 0 0 0 0 0 0 0.0147059 0.0588235 0.0735294 0.117647 0.25 0.308824 0.0735294 0.0735294 0.0294118 0 0 0 0 0 

2208 2195 1602 95 0 0.728929 0 0 0 0 0 0 0 0 0 0 0 0 0 0 0 0 0 0 0 0 0.0294118 0.132353 0.132353 0.264706 0.235294 0.102941 0.0882353 0.0147059 0 0 0 0 0 

2208 2181 1602 98 0 0.733608 0 0 0 0 0 0 0 0 0 0 0 0 0 0 0 0 0 0 0 0 0.0441176 0.0588235 0.176471 0.191176 0.25 0.205882 0.0441176 0.0294118 0 0 0 0 0 

2208 2201 1601 98 0 0.726942 0 0 0 0 0 0 0 0 0 0 0 0 0 0 0 0 0 0 0.0294118 0.0147059 0.0588235 0.102941 0.0735294 0.294118 0.132353 0.191176 0.0735294 0.0294118 0 0 0 0 0 

2240 2234 1600 94 0 0.716204 0 0 0 0 0 0 0 0 0 0 0 0 0 0 0 0 0 0 0.0289855 0.0289855 0.057971 0.115942 0.173913 0.15942 0.246377 0.144928 0.0289855 0.0144928 0 0 0 0 0 

