2176 2157 1602 87 0 0.741771 0 0 0 0 0 0 0 0 0 0 0 0 0 0 0 0 0 0 0 0 0.0447761 0 0.179104 0.19403 0.298507 0.164179 0.0746269 0.0447761 0 0 0 0 0 

2240 2225 1603 101 0 0.719101 0 0 0 0 0 0 0 0 0 0 0 0 0 0 0 0 0 0 0 0.0144928 0.0724638 0.0869565 0.173913 0.26087 0.26087 0.0869565 0.0144928 0.0144928 0.0144928 0 0 0 0 

2240 2211 1602 94 0 0.723654 0 0 0 0 0 0 0 0 0 0 0 0 0 0 0 0 0 0 0.0144928 0.0144928 0.0724638 0.0869565 0.188406 0.144928 0.188406 0.231884 0.0144928 0.0289855 0.0144928 0 0 0 0 

2240 2226 1602 90 0 0.718778 0 0 0 0 0 0 0 0 0 0 0 0 0 0 0 0 0 0 0 0.0434783 0.0434783 0.130435 0.173913 0.202899 0.173913 0.188406 0.0289855 0.0144928 0 0 0 0 0 

2208 2187 1601 81 0 0.731596 0 0 0 0 0 0 0 0 0 0 0 0 0 0 0 0 0 0 0 0.0147059 0.0147059 0.117647 0.176471 0.191176 0.191176 0.176471 0.117647 0 0 0 0 0 0 

2240 2215 1602 94 0 0.722348 0 0 0 0 0 0 0 0 0 0 0 0 0 0 0 0 0 0 0.0289855 0.0144928 0.0869565 0.101449 0.115942 0.188406 0.15942 0.173913 0.130435 0 0 0 0 0 0 

2208 2184 1602 91 0 0.732601 0 0 0 0 0 0 0 0 0 0 0 0 0 0 0 0 0 0 0 0.0294118 0.0441176 0.0735294 0.161765 0.132353 0.25 0.176471 0.132353 0 0 0 0 0 0 

2208 2195 1602 95 0 0.728929 0 0 0 0 0 0 0 0 0 0 0 0 0 0 0 0 0 0 0 0 0.0294118 0.0588235 0.191176 0.308824 0.220588 0.132353 0.0441176 0.0147059 0 0 0 0 0 

2240 2215 1602 98 0 0.722348 0 0 0 0 0 0 0 0 0 0 0 0 0 0 0 0 0 0 0 0.0434783 0.0869565 0.0434783 0.188406 0.188406 0.217391 0.130435 0.0724638 0.0144928 0.0144928 0 0 0 0 

2176 2167 1602 93 0 0.738348 0 0 0 0 0 0 0 0 0 0 0 0 0 0 0 0 0 0 0.0149254 0 0.0298507 0.0447761 0.104478 0.223881 0.298507 0.238806 0.0298507 0.0149254 0 0 0 0 0 

