2240 2215 1602 90 0 0.722348 0 0 0 0 0 0 0 0 0 0 0 0 0 0 0 0 0 0 0 0.0144928 0.0869565 0.057971 0.144928 0.26087 0.217391 0.173913 0.0434783 0 0 0 0 0 0 

2240 2224 1602 95 0 0.719424 0 0 0 0 0 0 0 0 0 0 0 0 0 0 0 0 0 0.0144928 0.0144928 0.0289855 0.0144928 0.115942 0.173913 0.231884 0.188406 0.144928 0.057971 0.0144928 0 0 0 0 0 

2176 2157 1602 85 0 0.741771 0 0 0 0 0 0 0 0 0 0 0 0 0 0 0 0 0 0 0 0.0149254 0.0149254 0.0447761 0.119403 0.208955 0.253731 0.268657 0.0597015 0.0149254 0 0 0 0 0 

2240 2211 1602 90 0 0.723654 0 0 0 0 0 0 0 0 0 0 0 0 0 0 0 0 0 0 0.0289855 0 0.0289855 0.130435 0.0869565 0.26087 0.246377 0.15942 0.0434783 0.0144928 0 0 0 0 0 

2208 2192 1603 101 0 0.729927 0 0 0 0 0 0 0 0 0 0 0 0 0 0 0 0 0 0 0 0.0147059 0.0147059 0.161765 0.132353 0.161765 0.264706 0.147059 0.0882353 0 0.0147059 0 0 0 0 

2208 2182 1602 92 0 0.733272 0 0 0 0 0 0 0 0 0 0 0 0 0 0 0 0 0 0 0 0.0147059 0.0294118 0.0882353 0.117647 0.235294 0.25 0.147059 0.102941 0.0147059 0 0 0 0 0 

2240 2220 1603 99 0 0.720721 0 0 0 0 0 0 0 0 0 0 0 0 0 0 0 0 0 0 0.0144928 0.0289855 0.0434783 0.115942 0.101449 0.217391 0.304348 0.130435 0.0289855 0.0144928 0 0 0 0 0 

2240 2218 1602 96 0 0.721371 0 0 0 0 0 0 0 0 0 0 0 0 0 0 0 0 0 0 0.0144928 0.0144928 0.0724638 0.0869565 0.130435 0.188406 0.275362 0.202899 0.0144928 0 0 0 0 0 0 

2240 2227 1602 97 0 0.718455 0 0 0 0 0 0 0 0 0 0 0 0 0 0 0 0 0 0 0 0.0144928 0.0144928 0.130435 0.275362 0.15942 0.275362 0.0869565 0.0434783 0 0 0 0 0 0 

2176 2165 1602 92 0 0.73903 0 0 0 0 0 0 0 0 0 0 0 0 0 0 0 0 0 0 0 0.0149254 0 0.104478 0.104478 0.223881 0.19403 0.298507 0.0597015 0 0 0 0 0 0 

