2208 2185 1602 88 0 0.732265 0 0 0 0 0 0 0 0 0 0 0 0 0 0 0 0 0 0 0.0147059 0 0.0147059 0.102941 0.117647 0.323529 0.132353 0.176471 0.0882353 0.0294118 0 0 0 0 0 

2240 2229 1602 91 0 0.717811 0 0 0 0 0 0 0 0 0 0 0 0 0 0 0 0 0 0 0.0289855 0.0144928 0.0144928 0.202899 0.15942 0.188406 0.173913 0.101449 0.115942 0 0 0 0 0 0 

2176 2165 1602 86 0 0.73903 0 0 0 0 0 0 0 0 0 0 0 0 0 0 0 0 0 0 0 0.0149254 0.0597015 0.0149254 0.119403 0.253731 0.253731 0.149254 0.104478 0.0298507 0 0 0 0 0 

2208 2199 1602 88 0 0.727603 0 0 0 0 0 0 0 0 0 0 0 0 0 0 0 0 0 0 0 0 0.0441176 0.102941 0.191176 0.161765 0.308824 0.132353 0.0588235 0 0 0 0 0 0 

2272 2243 1602 95 0 0.71333 0 0 0 0 0 0 0 0 0 0 0 0 0 0 0 0 0 0 0.0142857 0.0571429 0.0571429 0.0857143 0.185714 0.228571 0.157143 0.142857 0.0571429 0.0142857 0 0 0 0 0 

2208 2196 1603 103 0 0.728597 0 0 0 0 0 0 0 0 0 0 0 0 0 0 0 0 0.0147059 0 0 0 0.0294118 0.132353 0.147059 0.147059 0.25 0.205882 0.0735294 0 0 0 0 0 0 

2208 2188 1602 94 0 0.731261 0 0 0 0 0 0 0 0 0 0 0 0 0 0 0 0 0 0 0.0147059 0.0147059 0.0294118 0.0735294 0.147059 0.191176 0.279412 0.147059 0.0882353 0.0147059 0 0 0 0 0 

2208 2189 1602 90 0 0.730927 0 0 0 0 0 0 0 0 0 0 0 0 0 0 0 0 0 0 0 0 0.0735294 0.0294118 0.191176 0.25 0.205882 0.147059 0.0735294 0.0294118 0 0 0 0 0 

2240 2224 1602 90 0 0.719424 0 0 0 0 0 0 0 0 0 0 0 0 0 0 0 0 0 0 0 0.0144928 0.0144928 0.15942 0.202899 0.246377 0.173913 0.130435 0.057971 0 0 0 0 0 0 

2208 2186 1602 98 0 0.73193 0 0 0 0 0 0 0 0 0 0 0 0 0 0 0 0 0 0.0147059 0 0.0294118 0.0294118 0.0147059 0.191176 0.176471 0.25 0.235294 0.0294118 0.0294118 0 0 0 0 0 

