2208 2189 1602 96 0 0.730927 0 0 0 0 0 0 0 0 0 0 0 0 0 0 0 0 0 0 0.0147059 0.0441176 0.0294118 0.0294118 0.161765 0.161765 0.323529 0.132353 0.0735294 0.0294118 0 0 0 0 0 

2240 2227 1602 92 0 0.718455 0 0 0 0 0 0 0 0 0 0 0 0 0 0 0 0 0 0.0144928 0 0.0144928 0.0289855 0.0724638 0.246377 0.304348 0.130435 0.130435 0.057971 0 0 0 0 0 0 

2240 2224 1602 95 0 0.719424 0 0 0 0 0 0 0 0 0 0 0 0 0 0 0 0 0 0 0.0144928 0 0 0.0724638 0.333333 0.231884 0.188406 0.130435 0.0289855 0 0 0 0 0 0 

2208 2186 1602 83 0 0.73193 0 0 0 0 0 0 0 0 0 0 0 0 0 0 0 0 0 0 0.0147059 0.0147059 0.0294118 0.0735294 0.132353 0.264706 0.176471 0.161765 0.117647 0.0147059 0 0 0 0 0 

2208 2194 1602 87 0 0.729262 0 0 0 0 0 0 0 0 0 0 0 0 0 0 0 0 0 0 0 0.0294118 0.0294118 0.147059 0.102941 0.191176 0.220588 0.191176 0.0588235 0.0294118 0 0 0 0 0 

2208 2180 1602 97 0 0.733945 0 0 0 0 0 0 0 0 0 0 0 0 0 0 0 0 0 0 0 0 0.0735294 0.0588235 0.147059 0.161765 0.279412 0.161765 0.0882353 0.0294118 0 0 0 0 0 

2208 2197 1603 102 0 0.728266 0 0 0 0 0 0 0 0 0 0 0 0 0 0 0 0 0 0 0 0 0.0588235 0.0882353 0.132353 0.279412 0.220588 0.161765 0.0294118 0.0294118 0 0 0 0 0 

2240 2231 1602 94 0 0.717167 0 0 0 0 0 0 0 0 0 0 0 0 0 0 0 0 0 0.0144928 0 0.0144928 0.115942 0.057971 0.188406 0.217391 0.188406 0.115942 0.0869565 0 0 0 0 0 0 

2208 2200 1601 104 0 0.727273 0 0 0 0 0 0 0 0 0 0 0 0 0 0 0 0 0.0147059 0.0147059 0 0.0147059 0.0441176 0.0294118 0.161765 0.220588 0.25 0.176471 0.0735294 0 0 0 0 0 0 

2208 2190 1602 84 0 0.730594 0 0 0 0 0 0 0 0 0 0 0 0 0 0 0 0 0 0.0147059 0.0294118 0 0.0588235 0.0294118 0.0882353 0.279412 0.220588 0.161765 0.102941 0.0147059 0 0 0 0 0 

