2208 2180 1602 93 0 0.733945 0 0 0 0 0 0 0 0 0 0 0 0 0 0 0 0 0 0 0 0 0.0294118 0.0294118 0.117647 0.338235 0.264706 0.161765 0.0588235 0 0 0 0 0 0 

2240 2216 1602 98 0 0.722022 0 0 0 0 0 0 0 0 0 0 0 0 0 0 0 0 0 0 0 0 0.057971 0.101449 0.202899 0.188406 0.26087 0.15942 0.0144928 0.0144928 0 0 0 0 0 

2240 2214 1602 93 0 0.722674 0 0 0 0 0 0 0 0 0 0 0 0 0 0 0 0 0 0 0.0289855 0.0289855 0.0144928 0.101449 0.144928 0.231884 0.188406 0.202899 0.0434783 0.0144928 0 0 0 0 0 

2240 2213 1602 93 0 0.723 0 0 0 0 0 0 0 0 0 0 0 0 0 0 0 0 0 0 0 0 0.0724638 0.101449 0.115942 0.246377 0.289855 0.144928 0.0144928 0.0144928 0 0 0 0 0 

2240 2213 1602 93 0 0.723 0 0 0 0 0 0 0 0 0 0 0 0 0 0 0 0 0 0 0 0.0289855 0.0869565 0.130435 0.0289855 0.275362 0.144928 0.246377 0.057971 0 0 0 0 0 0 

2240 2221 1602 96 0 0.720396 0 0 0 0 0 0 0 0 0 0 0 0 0 0 0 0 0 0 0.0144928 0 0.0434783 0.057971 0.304348 0.202899 0.217391 0.0869565 0.0289855 0.0434783 0 0 0 0 0 

2208 2200 1600 89 0 0.727273 0 0 0 0 0 0 0 0 0 0 0 0 0 0 0 0 0 0 0 0.0147059 0.0735294 0.0735294 0.161765 0.147059 0.352941 0.102941 0.0588235 0.0147059 0 0 0 0 0 

2240 2218 1603 100 0 0.721371 0 0 0 0 0 0 0 0 0 0 0 0 0 0 0 0 0 0 0 0.0144928 0.0434783 0.130435 0.231884 0.144928 0.202899 0.15942 0.057971 0 0.0144928 0 0 0 0 

2208 2193 1603 105 0 0.729594 0 0 0 0 0 0 0 0 0 0 0 0 0 0 0 0 0 0 0 0.0147059 0.0588235 0.0882353 0.161765 0.147059 0.25 0.220588 0.0294118 0.0294118 0 0 0 0 0 

2208 2185 1602 96 0 0.732265 0 0 0 0 0 0 0 0 0 0 0 0 0 0 0 0 0 0 0 0.0294118 0 0.0882353 0.176471 0.191176 0.191176 0.279412 0.0294118 0.0147059 0 0 0 0 0 

