2240 2220 1602 95 0 0.720721 0 0 0 0 0 0 0 0 0 0 0 0 0 0 0 0 0 0 0.0144928 0 0.0724638 0.101449 0.217391 0.144928 0.202899 0.217391 0 0.0289855 0 0 0 0 0 

2240 2216 1602 98 0 0.722022 0 0 0 0 0 0 0 0 0 0 0 0 0 0 0 0 0 0 0 0 0.0724638 0.0724638 0.15942 0.246377 0.304348 0.115942 0.0289855 0 0 0 0 0 0 

2240 2218 1602 85 0 0.721371 0 0 0 0 0 0 0 0 0 0 0 0 0 0 0 0 0 0 0.0144928 0 0.057971 0.115942 0.15942 0.188406 0.26087 0.15942 0.0434783 0 0 0 0 0 0 

2240 2211 1602 90 0 0.723654 0 0 0 0 0 0 0 0 0 0 0 0 0 0 0 0 0 0 0 0.0289855 0.0434783 0.0724638 0.231884 0.188406 0.15942 0.202899 0.057971 0.0144928 0 0 0 0 0 

2208 2192 1602 90 0 0.729927 0 0 0 0 0 0 0 0 0 0 0 0 0 0 0 0 0 0 0.0147059 0.0147059 0.0147059 0.117647 0.132353 0.308824 0.102941 0.147059 0.117647 0.0294118 0 0 0 0 0 

2240 2220 1603 101 0 0.720721 0 0 0 0 0 0 0 0 0 0 0 0 0 0 0 0 0 0 0 0.0144928 0.0869565 0.0724638 0.15942 0.26087 0.202899 0.144928 0.0434783 0.0144928 0 0 0 0 0 

2240 2214 1602 88 0 0.722674 0 0 0 0 0 0 0 0 0 0 0 0 0 0 0 0 0 0 0 0.0289855 0.0724638 0.0869565 0.130435 0.202899 0.26087 0.144928 0.0724638 0 0 0 0 0 0 

2240 2218 1603 108 0 0.721371 0 0 0 0 0 0 0 0 0 0 0 0 0 0 0 0 0 0 0 0.0144928 0.101449 0.057971 0.202899 0.15942 0.275362 0.101449 0.057971 0.0289855 0 0 0 0 0 

2176 2150 1602 91 0 0.744186 0 0 0 0 0 0 0 0 0 0 0 0 0 0 0 0 0 0 0 0 0 0.0447761 0.104478 0.283582 0.268657 0.179104 0.104478 0 0.0149254 0 0 0 0 

2240 2222 1602 92 0 0.720072 0 0 0 0 0 0 0 0 0 0 0 0 0 0 0 0 0 0 0.0144928 0.0434783 0.0724638 0.0434783 0.246377 0.15942 0.15942 0.15942 0.0724638 0.0289855 0 0 0 0 0 

