2176 2161 1602 93 0 0.740398 0 0 0 0 0 0 0 0 0 0 0 0 0 0 0 0 0 0 0.0149254 0 0.0298507 0.0746269 0.119403 0.208955 0.238806 0.164179 0.0746269 0.0746269 0 0 0 0 0 

2240 2214 1602 97 0 0.722674 0 0 0 0 0 0 0 0 0 0 0 0 0 0 0 0 0 0.0144928 0 0.0144928 0.0434783 0.101449 0.188406 0.202899 0.217391 0.0869565 0.115942 0.0144928 0 0 0 0 0 

2176 2151 1602 83 0 0.74384 0 0 0 0 0 0 0 0 0 0 0 0 0 0 0 0 0 0 0 0 0.0149254 0.0298507 0.19403 0.208955 0.238806 0.164179 0.0597015 0.0895522 0 0 0 0 0 

2208 2199 1602 92 0 0.727603 0 0 0 0 0 0 0 0 0 0 0 0 0 0 0 0 0 0.0147059 0 0.0147059 0.0147059 0.0735294 0.161765 0.220588 0.308824 0.161765 0.0294118 0 0 0 0 0 0 

2272 2243 1602 93 0 0.71333 0 0 0 0 0 0 0 0 0 0 0 0 0 0 0 0 0 0 0.0142857 0.0142857 0.0571429 0.171429 0.2 0.157143 0.185714 0.114286 0.0714286 0.0142857 0 0 0 0 0 

2208 2190 1602 90 0 0.730594 0 0 0 0 0 0 0 0 0 0 0 0 0 0 0 0 0 0 0.0147059 0.0147059 0.0441176 0.0735294 0.132353 0.132353 0.367647 0.132353 0.0882353 0 0 0 0 0 0 

2240 2212 1602 96 0 0.723327 0 0 0 0 0 0 0 0 0 0 0 0 0 0 0 0 0 0 0 0.0144928 0.0434783 0.0434783 0.26087 0.246377 0.188406 0.130435 0.0434783 0.0289855 0 0 0 0 0 

2208 2193 1602 93 0 0.729594 0 0 0 0 0 0 0 0 0 0 0 0 0 0 0 0 0 0 0.0441176 0.0147059 0 0.0147059 0.205882 0.25 0.235294 0.161765 0.0441176 0.0147059 0.0147059 0 0 0 0 

2240 2213 1602 96 0 0.723 0 0 0 0 0 0 0 0 0 0 0 0 0 0 0 0 0 0 0 0 0.057971 0.0869565 0.15942 0.304348 0.202899 0.115942 0.0724638 0 0 0 0 0 0 

2240 2212 1602 95 0 0.723327 0 0 0 0 0 0 0 0 0 0 0 0 0 0 0 0 0 0 0.0144928 0.0144928 0.0434783 0.0869565 0.144928 0.304348 0.188406 0.101449 0.057971 0.0434783 0 0 0 0 0 

