2240 2216 1603 104 0 0.722022 0 0 0 0 0 0 0 0 0 0 0 0 0 0 0 0 0 0 0 0.0144928 0.057971 0.115942 0.188406 0.231884 0.115942 0.173913 0.101449 0 0 0 0 0 0 

2208 2199 1602 92 0 0.727603 0 0 0 0 0 0 0 0 0 0 0 0 0 0 0 0 0 0 0 0.0147059 0.0441176 0.102941 0.220588 0.117647 0.235294 0.205882 0.0441176 0.0147059 0 0 0 0 0 

2240 2233 1602 85 0 0.716525 0 0 0 0 0 0 0 0 0 0 0 0 0 0 0 0 0 0 0 0.0289855 0.057971 0.101449 0.26087 0.188406 0.202899 0.0869565 0.057971 0.0144928 0 0 0 0 0 

2208 2191 1602 97 0 0.73026 0 0 0 0 0 0 0 0 0 0 0 0 0 0 0 0 0 0.0147059 0 0.0147059 0.0441176 0.0735294 0.161765 0.191176 0.176471 0.235294 0.0735294 0.0147059 0 0 0 0 0 

2208 2198 1602 89 0 0.727934 0 0 0 0 0 0 0 0 0 0 0 0 0 0 0 0 0 0 0.0147059 0 0.0588235 0.0735294 0.220588 0.161765 0.235294 0.102941 0.117647 0.0147059 0 0 0 0 0 

2272 2248 1603 102 0 0.711744 0 0 0 0 0 0 0 0 0 0 0 0 0 0 0 0 0 0 0.0285714 0.0285714 0.0142857 0.114286 0.285714 0.171429 0.214286 0.0714286 0.0428571 0.0285714 0 0 0 0 0 

2176 2166 1603 103 0 0.738689 0 0 0 0 0 0 0 0 0 0 0 0 0 0 0 0 0 0 0 0.0149254 0.0447761 0.0597015 0.0895522 0.208955 0.283582 0.19403 0.0895522 0.0149254 0 0 0 0 0 

2272 2244 1603 108 0 0.713012 0 0 0 0 0 0 0 0 0 0 0 0 0 0 0 0 0 0.0142857 0.0285714 0.0285714 0.0428571 0.0428571 0.214286 0.228571 0.242857 0.114286 0.0285714 0.0142857 0 0 0 0 0 

2240 2229 1602 94 0 0.717811 0 0 0 0 0 0 0 0 0 0 0 0 0 0 0 0 0 0 0 0 0.0724638 0.101449 0.246377 0.217391 0.188406 0.130435 0.0434783 0 0 0 0 0 0 

2240 2236 1600 102 0 0.715564 0 0 0 0 0 0 0 0 0 0 0 0 0 0 0 0 0 0 0.0144928 0.0289855 0.057971 0.0724638 0.202899 0.26087 0.202899 0.144928 0.0144928 0 0 0 0 0 0 

