2176 2156 1602 84 0 0.742115 0 0 0 0 0 0 0 0 0 0 0 0 0 0 0 0 0 0 0 0.0149254 0.0149254 0.0746269 0.0895522 0.208955 0.223881 0.268657 0.104478 0 0 0 0 0 0 

2240 2217 1602 96 0 0.721696 0 0 0 0 0 0 0 0 0 0 0 0 0 0 0 0 0 0 0 0.0434783 0.0289855 0.0869565 0.173913 0.26087 0.188406 0.15942 0.0434783 0.0144928 0 0 0 0 0 

2272 2251 1603 106 0 0.710795 0 0 0 0 0 0 0 0 0 0 0 0 0 0 0 0 0 0 0.0285714 0.0428571 0.0571429 0.0857143 0.128571 0.314286 0.228571 0.0571429 0.0428571 0.0142857 0 0 0 0 0 

2240 2230 1602 96 0 0.717489 0 0 0 0 0 0 0 0 0 0 0 0 0 0 0 0 0 0.0144928 0.0289855 0 0.0144928 0.188406 0.188406 0.130435 0.188406 0.217391 0 0.0289855 0 0 0 0 0 

2240 2226 1602 93 0 0.718778 0 0 0 0 0 0 0 0 0 0 0 0 0 0 0 0 0 0.0144928 0.0289855 0.0434783 0.0724638 0.057971 0.130435 0.202899 0.202899 0.144928 0.0724638 0.0289855 0 0 0 0 0 

2208 2200 1602 97 0 0.727273 0 0 0 0 0 0 0 0 0 0 0 0 0 0 0 0 0 0 0.0147059 0.0294118 0.0294118 0.102941 0.147059 0.176471 0.25 0.176471 0.0588235 0.0147059 0 0 0 0 0 

2208 2191 1603 105 0 0.73026 0 0 0 0 0 0 0 0 0 0 0 0 0 0 0 0 0 0 0.0147059 0.0294118 0.0294118 0.0882353 0.147059 0.176471 0.220588 0.161765 0.117647 0.0147059 0 0 0 0 0 

2208 2198 1602 95 0 0.727934 0 0 0 0 0 0 0 0 0 0 0 0 0 0 0 0 0 0 0 0 0.0588235 0.0735294 0.161765 0.264706 0.235294 0.147059 0.0441176 0.0147059 0 0 0 0 0 

2208 2187 1602 94 0 0.731596 0 0 0 0 0 0 0 0 0 0 0 0 0 0 0 0 0 0 0.0294118 0 0.0294118 0.0441176 0.161765 0.235294 0.235294 0.176471 0.0588235 0.0294118 0 0 0 0 0 

2272 2257 1603 100 0 0.708906 0 0 0 0 0 0 0 0 0 0 0 0 0 0 0 0 0.0142857 0 0 0.0428571 0.0571429 0.114286 0.185714 0.285714 0.185714 0.0428571 0.0428571 0.0285714 0 0 0 0 0 

