2208 2196 1602 88 0 0.728597 0 0 0 0 0 0 0 0 0 0 0 0 0 0 0 0 0 0 0.0294118 0.0294118 0 0.102941 0.0588235 0.264706 0.323529 0.132353 0.0294118 0.0294118 0 0 0 0 0 

2208 2200 1600 89 0 0.727273 0 0 0 0 0 0 0 0 0 0 0 0 0 0 0 0 0 0 0.0147059 0.0294118 0.0147059 0.117647 0.176471 0.147059 0.25 0.161765 0.0735294 0.0147059 0 0 0 0 0 

2208 2198 1602 85 0 0.727934 0 0 0 0 0 0 0 0 0 0 0 0 0 0 0 0 0 0 0.0147059 0.0147059 0.0441176 0.0882353 0.117647 0.205882 0.294118 0.191176 0.0147059 0 0.0147059 0 0 0 0 

2208 2196 1603 100 0 0.728597 0 0 0 0 0 0 0 0 0 0 0 0 0 0 0 0 0 0 0 0 0.0294118 0.0735294 0.147059 0.308824 0.294118 0.102941 0.0147059 0.0294118 0 0 0 0 0 

2240 2212 1602 94 0 0.723327 0 0 0 0 0 0 0 0 0 0 0 0 0 0 0 0 0 0 0.0144928 0.0144928 0.0724638 0.0724638 0.188406 0.188406 0.144928 0.217391 0.0869565 0 0 0 0 0 0 

2208 2195 1602 90 0 0.728929 0 0 0 0 0 0 0 0 0 0 0 0 0 0 0 0 0 0 0.0147059 0 0.0294118 0.102941 0.102941 0.308824 0.264706 0.0735294 0.0735294 0.0294118 0 0 0 0 0 

2208 2197 1602 100 0 0.728266 0 0 0 0 0 0 0 0 0 0 0 0 0 0 0 0 0 0 0.0147059 0.0147059 0.0294118 0.132353 0.147059 0.132353 0.235294 0.220588 0.0735294 0 0 0 0 0 0 

2208 2193 1602 88 0 0.729594 0 0 0 0 0 0 0 0 0 0 0 0 0 0 0 0 0 0.0147059 0 0.0147059 0.0147059 0.0588235 0.176471 0.176471 0.308824 0.220588 0.0147059 0 0 0 0 0 0 

2208 2186 1602 86 0 0.73193 0 0 0 0 0 0 0 0 0 0 0 0 0 0 0 0 0 0 0 0.0147059 0.0294118 0.117647 0.191176 0.132353 0.176471 0.235294 0.0735294 0.0294118 0 0 0 0 0 

2208 2181 1602 84 0 0.733608 0 0 0 0 0 0 0 0 0 0 0 0 0 0 0 0 0 0 0 0 0.0294118 0.0735294 0.191176 0.161765 0.308824 0.132353 0.0735294 0.0294118 0 0 0 0 0 

