2176 2165 1602 86 0 0.73903 0 0 0 0 0 0 0 0 0 0 0 0 0 0 0 0 0 0 0 0 0.0298507 0.0597015 0.179104 0.238806 0.179104 0.179104 0.104478 0.0149254 0.0149254 0 0 0 0 

2240 2213 1602 89 0 0.723 0 0 0 0 0 0 0 0 0 0 0 0 0 0 0 0 0 0 0.0289855 0 0.0289855 0.115942 0.130435 0.26087 0.246377 0.0724638 0.115942 0 0 0 0 0 0 

2240 2220 1602 92 0 0.720721 0 0 0 0 0 0 0 0 0 0 0 0 0 0 0 0 0 0 0 0.0289855 0.0289855 0.101449 0.202899 0.275362 0.130435 0.173913 0.057971 0 0 0 0 0 0 

2240 2225 1602 97 0 0.719101 0 0 0 0 0 0 0 0 0 0 0 0 0 0 0 0 0 0 0.0289855 0 0.057971 0.15942 0.173913 0.144928 0.202899 0.115942 0.115942 0 0 0 0 0 0 

2208 2196 1602 92 0 0.728597 0 0 0 0 0 0 0 0 0 0 0 0 0 0 0 0 0 0 0.0147059 0.0147059 0.0147059 0.117647 0.191176 0.191176 0.161765 0.205882 0.0588235 0.0294118 0 0 0 0 0 

2208 2204 1600 103 0 0.725953 0 0 0 0 0 0 0 0 0 0 0 0 0 0 0 0 0 0 0 0.0294118 0.0735294 0.117647 0.132353 0.191176 0.235294 0.102941 0.0588235 0.0441176 0.0147059 0 0 0 0 

2208 2184 1602 92 0 0.732601 0 0 0 0 0 0 0 0 0 0 0 0 0 0 0 0 0 0 0 0 0.0441176 0.0735294 0.176471 0.235294 0.132353 0.25 0.0882353 0 0 0 0 0 0 

2240 2213 1602 94 0 0.723 0 0 0 0 0 0 0 0 0 0 0 0 0 0 0 0 0 0 0 0.0144928 0.0869565 0.0869565 0.115942 0.231884 0.217391 0.217391 0.0144928 0.0144928 0 0 0 0 0 

2208 2199 1601 95 0 0.727603 0 0 0 0 0 0 0 0 0 0 0 0 0 0 0 0 0 0 0 0.0147059 0.0588235 0.102941 0.161765 0.176471 0.220588 0.205882 0.0441176 0.0147059 0 0 0 0 0 

2240 2222 1602 96 0 0.720072 0 0 0 0 0 0 0 0 0 0 0 0 0 0 0 0 0 0 0.0144928 0.0289855 0.0289855 0.0724638 0.188406 0.333333 0.101449 0.188406 0.0289855 0.0144928 0 0 0 0 0 

