2208 2198 1602 93 0 0.727934 0 0 0 0 0 0 0 0 0 0 0 0 0 0 0 0 0 0 0 0.0441176 0.0147059 0.0735294 0.191176 0.161765 0.279412 0.191176 0.0441176 0 0 0 0 0 0 

2208 2198 1602 90 0 0.727934 0 0 0 0 0 0 0 0 0 0 0 0 0 0 0 0 0 0 0 0.0294118 0.0294118 0.0735294 0.161765 0.235294 0.25 0.161765 0.0588235 0 0 0 0 0 0 

2208 2198 1600 104 0 0.727934 0 0 0 0 0 0 0 0 0 0 0 0 0 0 0 0 0 0 0 0 0.0735294 0.102941 0.0882353 0.294118 0.25 0.102941 0.0441176 0.0441176 0 0 0 0 0 

2208 2195 1602 91 0 0.728929 0 0 0 0 0 0 0 0 0 0 0 0 0 0 0 0 0 0 0 0.0147059 0.0294118 0.132353 0.102941 0.264706 0.191176 0.191176 0.0735294 0 0 0 0 0 0 

2240 2224 1603 101 0 0.719424 0 0 0 0 0 0 0 0 0 0 0 0 0 0 0 0 0 0 0 0.0434783 0.057971 0.0869565 0.130435 0.289855 0.202899 0.130435 0.0434783 0.0144928 0 0 0 0 0 

2240 2223 1602 95 0 0.719748 0 0 0 0 0 0 0 0 0 0 0 0 0 0 0 0 0 0 0.0144928 0 0.0724638 0.115942 0.144928 0.246377 0.202899 0.15942 0.0289855 0.0144928 0 0 0 0 0 

2208 2184 1603 99 0 0.732601 0 0 0 0 0 0 0 0 0 0 0 0 0 0 0 0 0 0 0 0 0.0588235 0.0735294 0.132353 0.205882 0.25 0.205882 0.0441176 0.0294118 0 0 0 0 0 

2176 2165 1602 88 0 0.73903 0 0 0 0 0 0 0 0 0 0 0 0 0 0 0 0 0 0 0 0 0.0447761 0.0447761 0.223881 0.134328 0.208955 0.208955 0.119403 0.0149254 0 0 0 0 0 

2208 2200 1601 93 0 0.727273 0 0 0 0 0 0 0 0 0 0 0 0 0 0 0 0 0 0 0 0.0147059 0.0294118 0.117647 0.25 0.132353 0.176471 0.205882 0.0441176 0.0294118 0 0 0 0 0 

2208 2194 1602 94 0 0.729262 0 0 0 0 0 0 0 0 0 0 0 0 0 0 0 0 0 0 0 0.0588235 0 0.102941 0.0882353 0.308824 0.191176 0.176471 0.0294118 0.0294118 0.0147059 0 0 0 0 

