2208 2180 1602 93 0 0.733945 0 0 0 0 0 0 0 0 0 0 0 0 0 0 0 0 0 0 0 0.0147059 0.0735294 0.102941 0.0882353 0.147059 0.220588 0.220588 0.117647 0.0147059 0 0 0 0 0 

2208 2199 1602 83 0 0.727603 0 0 0 0 0 0 0 0 0 0 0 0 0 0 0 0 0 0 0 0 0.0441176 0.147059 0.0735294 0.294118 0.235294 0.161765 0.0294118 0 0.0147059 0 0 0 0 

2240 2213 1602 87 0 0.723 0 0 0 0 0 0 0 0 0 0 0 0 0 0 0 0 0 0 0 0.057971 0 0.0869565 0.217391 0.202899 0.202899 0.15942 0.057971 0 0.0144928 0 0 0 0 

2208 2198 1602 98 0 0.727934 0 0 0 0 0 0 0 0 0 0 0 0 0 0 0 0 0 0 0 0 0.0441176 0.147059 0.132353 0.176471 0.308824 0.117647 0.0441176 0.0294118 0 0 0 0 0 

2240 2218 1602 95 0 0.721371 0 0 0 0 0 0 0 0 0 0 0 0 0 0 0 0 0 0 0 0 0.101449 0.115942 0.144928 0.26087 0.144928 0.101449 0.115942 0.0144928 0 0 0 0 0 

2240 2220 1602 93 0 0.720721 0 0 0 0 0 0 0 0 0 0 0 0 0 0 0 0 0 0 0 0.0434783 0.0434783 0.0869565 0.246377 0.15942 0.188406 0.130435 0.0869565 0.0144928 0 0 0 0 0 

2240 2216 1602 94 0 0.722022 0 0 0 0 0 0 0 0 0 0 0 0 0 0 0 0 0.0144928 0 0.0144928 0 0 0.0869565 0.289855 0.173913 0.217391 0.115942 0.057971 0.0289855 0 0 0 0 0 

2240 2221 1602 94 0 0.720396 0 0 0 0 0 0 0 0 0 0 0 0 0 0 0 0 0 0 0.0144928 0.0289855 0.0144928 0.144928 0.144928 0.246377 0.217391 0.115942 0.057971 0 0.0144928 0 0 0 0 

2208 2188 1602 94 0 0.731261 0 0 0 0 0 0 0 0 0 0 0 0 0 0 0 0 0 0.0147059 0 0.0441176 0.0147059 0.0294118 0.205882 0.220588 0.161765 0.176471 0.0882353 0.0441176 0 0 0 0 0 

2208 2193 1602 87 0 0.729594 0 0 0 0 0 0 0 0 0 0 0 0 0 0 0 0 0 0 0 0.0294118 0.0441176 0.0441176 0.205882 0.176471 0.205882 0.235294 0.0588235 0 0 0 0 0 0 

