2176 2170 1600 92 0 0.737327 0 0 0 0 0 0 0 0 0 0 0 0 0 0 0 0 0 0 0 0 0.0447761 0.0597015 0.19403 0.208955 0.208955 0.149254 0.0895522 0.0298507 0.0149254 0 0 0 0 

2240 2213 1602 93 0 0.723 0 0 0 0 0 0 0 0 0 0 0 0 0 0 0 0 0 0 0 0.0144928 0.101449 0.0724638 0.130435 0.26087 0.130435 0.217391 0.0724638 0 0 0 0 0 0 

2208 2190 1602 93 0 0.730594 0 0 0 0 0 0 0 0 0 0 0 0 0 0 0 0 0 0 0.0147059 0 0.0735294 0.0441176 0.161765 0.176471 0.264706 0.161765 0.102941 0 0 0 0 0 0 

2208 2195 1602 92 0 0.728929 0 0 0 0 0 0 0 0 0 0 0 0 0 0 0 0 0 0 0 0.0147059 0.0441176 0.102941 0.147059 0.176471 0.294118 0.132353 0.0882353 0 0 0 0 0 0 

2240 2218 1602 97 0 0.721371 0 0 0 0 0 0 0 0 0 0 0 0 0 0 0 0 0 0 0 0 0.0434783 0.144928 0.144928 0.289855 0.173913 0.15942 0.0289855 0.0144928 0 0 0 0 0 

2176 2169 1600 94 0 0.737667 0 0 0 0 0 0 0 0 0 0 0 0 0 0 0 0 0 0 0.0149254 0.0149254 0.0149254 0.0746269 0.164179 0.19403 0.179104 0.208955 0.104478 0.0298507 0 0 0 0 0 

2176 2169 1601 95 0 0.737667 0 0 0 0 0 0 0 0 0 0 0 0 0 0 0 0 0 0 0.0149254 0 0 0.0895522 0.119403 0.238806 0.253731 0.223881 0.0298507 0.0298507 0 0 0 0 0 

2240 2223 1603 101 0 0.719748 0 0 0 0 0 0 0 0 0 0 0 0 0 0 0 0 0 0 0.0289855 0 0.0144928 0.130435 0.202899 0.202899 0.26087 0.101449 0.0289855 0.0289855 0 0 0 0 0 

2240 2214 1602 89 0 0.722674 0 0 0 0 0 0 0 0 0 0 0 0 0 0 0 0 0 0 0 0.0144928 0.057971 0.0869565 0.144928 0.246377 0.275362 0.144928 0 0.0289855 0 0 0 0 0 

2208 2187 1602 97 0 0.731596 0 0 0 0 0 0 0 0 0 0 0 0 0 0 0 0 0 0.0147059 0 0 0 0.0588235 0.191176 0.235294 0.279412 0.147059 0.0735294 0 0 0 0 0 0 

