2240 2213 1603 103 0 0.723 0 0 0 0 0 0 0 0 0 0 0 0 0 0 0 0 0 0 0 0.0434783 0.0289855 0.057971 0.202899 0.275362 0.144928 0.173913 0.0434783 0.0289855 0 0 0 0 0 

2240 2211 1602 97 0 0.723654 0 0 0 0 0 0 0 0 0 0 0 0 0 0 0 0 0 0 0 0.0289855 0.057971 0.101449 0.202899 0.173913 0.15942 0.15942 0.0869565 0.0144928 0.0144928 0 0 0 0 

2240 2217 1603 102 0 0.721696 0 0 0 0 0 0 0 0 0 0 0 0 0 0 0 0 0 0 0 0.0289855 0.0434783 0.130435 0.101449 0.246377 0.246377 0.144928 0.057971 0 0 0 0 0 0 

2208 2191 1602 89 0 0.73026 0 0 0 0 0 0 0 0 0 0 0 0 0 0 0 0 0 0 0.0147059 0 0.0147059 0.117647 0.191176 0.205882 0.161765 0.205882 0.0588235 0.0147059 0.0147059 0 0 0 0 

2208 2193 1602 86 0 0.729594 0 0 0 0 0 0 0 0 0 0 0 0 0 0 0 0 0 0 0 0 0.0441176 0.102941 0.132353 0.264706 0.235294 0.117647 0.102941 0 0 0 0 0 0 

2240 2214 1602 96 0 0.722674 0 0 0 0 0 0 0 0 0 0 0 0 0 0 0 0 0 0 0 0 0.0724638 0.057971 0.15942 0.304348 0.188406 0.217391 0 0 0 0 0 0 0 

2208 2185 1602 97 0 0.732265 0 0 0 0 0 0 0 0 0 0 0 0 0 0 0 0 0 0 0.0147059 0 0.0735294 0.0882353 0.0735294 0.191176 0.294118 0.161765 0.0588235 0.0441176 0 0 0 0 0 

2208 2200 1602 92 0 0.727273 0 0 0 0 0 0 0 0 0 0 0 0 0 0 0 0 0 0 0.0147059 0 0.0735294 0.0588235 0.176471 0.205882 0.191176 0.235294 0.0441176 0 0 0 0 0 0 

2208 2198 1602 86 0 0.727934 0 0 0 0 0 0 0 0 0 0 0 0 0 0 0 0 0 0 0.0147059 0 0.0588235 0.117647 0.205882 0.0882353 0.191176 0.235294 0.0882353 0 0 0 0 0 0 

2240 2213 1602 97 0 0.723 0 0 0 0 0 0 0 0 0 0 0 0 0 0 0 0 0 0 0 0 0.0724638 0.0724638 0.202899 0.15942 0.347826 0.0724638 0.0724638 0 0 0 0 0 0 

