2240 2230 1602 98 0 0.717489 0 0 0 0 0 0 0 0 0 0 0 0 0 0 0 0 0 0 0.0144928 0.0289855 0.0144928 0.144928 0.231884 0.173913 0.217391 0.101449 0.057971 0.0144928 0 0 0 0 0 

2208 2191 1602 88 0 0.73026 0 0 0 0 0 0 0 0 0 0 0 0 0 0 0 0 0 0 0.0147059 0.0147059 0.0294118 0.0735294 0.147059 0.235294 0.220588 0.161765 0.102941 0 0 0 0 0 0 

2208 2187 1602 92 0 0.731596 0 0 0 0 0 0 0 0 0 0 0 0 0 0 0 0 0 0 0.0147059 0.0147059 0.0294118 0.0441176 0.102941 0.235294 0.367647 0.147059 0.0294118 0.0147059 0 0 0 0 0 

2208 2199 1603 101 0 0.727603 0 0 0 0 0 0 0 0 0 0 0 0 0 0 0 0 0 0 0 0 0.0294118 0.132353 0.220588 0.161765 0.205882 0.147059 0.102941 0 0 0 0 0 0 

2240 2215 1602 96 0 0.722348 0 0 0 0 0 0 0 0 0 0 0 0 0 0 0 0 0 0.0144928 0.0144928 0 0.0144928 0.101449 0.15942 0.304348 0.188406 0.115942 0.0869565 0 0 0 0 0 0 

2208 2197 1602 90 0 0.728266 0 0 0 0 0 0 0 0 0 0 0 0 0 0 0 0 0 0 0 0.0147059 0.0294118 0.117647 0.176471 0.25 0.161765 0.161765 0.0441176 0.0294118 0.0147059 0 0 0 0 

2272 2246 1602 96 0 0.712378 0 0 0 0 0 0 0 0 0 0 0 0 0 0 0 0 0 0 0 0.0571429 0.0857143 0.1 0.2 0.157143 0.214286 0.1 0.0714286 0.0142857 0 0 0 0 0 

2240 2229 1602 89 0 0.717811 0 0 0 0 0 0 0 0 0 0 0 0 0 0 0 0 0 0 0.0144928 0.0144928 0.0724638 0.130435 0.173913 0.188406 0.15942 0.217391 0.0144928 0.0144928 0 0 0 0 0 

2240 2226 1603 101 0 0.718778 0 0 0 0 0 0 0 0 0 0 0 0 0 0 0 0 0 0 0.0144928 0.057971 0.0434783 0.0724638 0.173913 0.202899 0.231884 0.115942 0.0869565 0 0 0 0 0 0 

2240 2222 1603 103 0 0.720072 0 0 0 0 0 0 0 0 0 0 0 0 0 0 0 0 0 0 0 0.0434783 0.0724638 0.101449 0.188406 0.188406 0.15942 0.115942 0.101449 0.0289855 0 0 0 0 0 

