2240 2212 1602 94 0 0.723327 0 0 0 0 0 0 0 0 0 0 0 0 0 0 0 0 0 0 0 0.057971 0.0724638 0.101449 0.0869565 0.173913 0.231884 0.173913 0.0869565 0.0144928 0 0 0 0 0 

2240 2217 1602 92 0 0.721696 0 0 0 0 0 0 0 0 0 0 0 0 0 0 0 0 0 0 0.0144928 0.0434783 0.0144928 0.101449 0.144928 0.246377 0.246377 0.0869565 0.101449 0 0 0 0 0 0 

2208 2197 1602 88 0 0.728266 0 0 0 0 0 0 0 0 0 0 0 0 0 0 0 0 0 0 0 0 0.0441176 0.132353 0.191176 0.176471 0.191176 0.176471 0.0588235 0.0294118 0 0 0 0 0 

2272 2246 1603 99 0 0.712378 0 0 0 0 0 0 0 0 0 0 0 0 0 0 0 0 0 0.0285714 0.0142857 0.0285714 0.0285714 0.0857143 0.214286 0.171429 0.242857 0.157143 0.0285714 0 0 0 0 0 0 

2208 2190 1602 87 0 0.730594 0 0 0 0 0 0 0 0 0 0 0 0 0 0 0 0 0 0 0 0 0.0294118 0.0735294 0.220588 0.205882 0.25 0.132353 0.0588235 0.0294118 0 0 0 0 0 

2208 2191 1603 99 0 0.73026 0 0 0 0 0 0 0 0 0 0 0 0 0 0 0 0 0 0 0 0.0147059 0.0147059 0.0441176 0.205882 0.279412 0.235294 0.132353 0.0588235 0 0.0147059 0 0 0 0 

2240 2225 1603 101 0 0.719101 0 0 0 0 0 0 0 0 0 0 0 0 0 0 0 0 0 0 0 0.0289855 0.0434783 0.115942 0.202899 0.231884 0.202899 0.0869565 0.057971 0.0289855 0 0 0 0 0 

2208 2196 1602 84 0 0.728597 0 0 0 0 0 0 0 0 0 0 0 0 0 0 0 0 0 0 0 0 0.0441176 0.0294118 0.132353 0.382353 0.235294 0.176471 0 0 0 0 0 0 0 

2208 2183 1602 84 0 0.732936 0 0 0 0 0 0 0 0 0 0 0 0 0 0 0 0 0 0 0 0.0294118 0.0147059 0.102941 0.0882353 0.25 0.25 0.176471 0.0588235 0.0147059 0.0147059 0 0 0 0 

2208 2195 1602 88 0 0.728929 0 0 0 0 0 0 0 0 0 0 0 0 0 0 0 0 0 0.0147059 0 0 0.0441176 0.0441176 0.279412 0.147059 0.191176 0.191176 0.0588235 0.0294118 0 0 0 0 0 

