2208 2196 1602 91 0 0.728597 0 0 0 0 0 0 0 0 0 0 0 0 0 0 0 0 0 0 0.0147059 0.0147059 0.0147059 0.0882353 0.117647 0.323529 0.205882 0.132353 0.0882353 0 0 0 0 0 0 

2208 2191 1602 97 0 0.73026 0 0 0 0 0 0 0 0 0 0 0 0 0 0 0 0 0 0.0147059 0 0.0147059 0.0588235 0.102941 0.117647 0.161765 0.205882 0.191176 0.132353 0 0 0 0 0 0 

2208 2195 1602 92 0 0.728929 0 0 0 0 0 0 0 0 0 0 0 0 0 0 0 0.0147059 0 0 0 0 0.0441176 0.0588235 0.191176 0.147059 0.308824 0.176471 0.0588235 0 0 0 0 0 0 

2208 2183 1602 96 0 0.732936 0 0 0 0 0 0 0 0 0 0 0 0 0 0 0 0 0 0 0.0147059 0.0147059 0.0147059 0.0735294 0.102941 0.235294 0.279412 0.191176 0.0735294 0 0 0 0 0 0 

2272 2250 1603 99 0 0.711111 0 0 0 0 0 0 0 0 0 0 0 0 0 0 0 0 0 0 0 0.0142857 0.1 0.142857 0.171429 0.242857 0.157143 0.114286 0.0428571 0.0142857 0 0 0 0 0 

2272 2246 1602 95 0 0.712378 0 0 0 0 0 0 0 0 0 0 0 0 0 0 0 0 0 0 0 0 0.0714286 0.157143 0.271429 0.185714 0.142857 0.114286 0.0142857 0.0285714 0.0142857 0 0 0 0 

2240 2231 1603 101 0 0.717167 0 0 0 0 0 0 0 0 0 0 0 0 0 0 0 0 0 0 0.0434783 0.0144928 0.057971 0.115942 0.202899 0.173913 0.144928 0.130435 0.0869565 0.0289855 0 0 0 0 0 

2176 2164 1602 91 0 0.739372 0 0 0 0 0 0 0 0 0 0 0 0 0 0 0 0 0 0 0 0 0.0149254 0.0447761 0.164179 0.164179 0.402985 0.134328 0.0597015 0.0149254 0 0 0 0 0 

2208 2196 1602 95 0 0.728597 0 0 0 0 0 0 0 0 0 0 0 0 0 0 0 0 0 0 0 0.0147059 0.0294118 0.0882353 0.176471 0.220588 0.25 0.161765 0.0441176 0.0147059 0 0 0 0 0 

2208 2194 1602 96 0 0.729262 0 0 0 0 0 0 0 0 0 0 0 0 0 0 0 0 0 0.0147059 0 0 0.0588235 0.0588235 0.102941 0.25 0.323529 0.132353 0.0441176 0.0147059 0 0 0 0 0 

