2176 2169 1602 97 0 0.737667 0 0 0 0 0 0 0 0 0 0 0 0 0 0 0 0 0 0 0 0 0.0447761 0.0597015 0.208955 0.164179 0.238806 0.149254 0.0746269 0.0597015 0 0 0 0 0 

2176 2167 1602 92 0 0.738348 0 0 0 0 0 0 0 0 0 0 0 0 0 0 0 0 0 0 0 0 0.0149254 0.0895522 0.119403 0.253731 0.298507 0.0895522 0.104478 0.0298507 0 0 0 0 0 

2208 2185 1602 87 0 0.732265 0 0 0 0 0 0 0 0 0 0 0 0 0 0 0 0 0 0 0 0 0.0294118 0.0588235 0.117647 0.264706 0.338235 0.161765 0.0294118 0 0 0 0 0 0 

2240 2218 1603 99 0 0.721371 0 0 0 0 0 0 0 0 0 0 0 0 0 0 0 0 0 0.0144928 0 0.0289855 0.0724638 0.115942 0.130435 0.188406 0.202899 0.101449 0.130435 0 0.0144928 0 0 0 0 

2208 2202 1600 96 0 0.726612 0 0 0 0 0 0 0 0 0 0 0 0 0 0 0 0 0 0 0 0.0441176 0.0441176 0.0882353 0.132353 0.176471 0.264706 0.235294 0 0.0147059 0 0 0 0 0 

2208 2200 1602 88 0 0.727273 0 0 0 0 0 0 0 0 0 0 0 0 0 0 0 0 0 0 0.0147059 0.0294118 0.0294118 0.0882353 0.117647 0.235294 0.279412 0.147059 0.0441176 0 0.0147059 0 0 0 0 

2240 2224 1603 102 0 0.719424 0 0 0 0 0 0 0 0 0 0 0 0 0 0 0 0.0144928 0 0 0.0289855 0.0434783 0.0144928 0.0869565 0.15942 0.202899 0.188406 0.202899 0.0144928 0.0434783 0 0 0 0 0 

2240 2229 1602 92 0 0.717811 0 0 0 0 0 0 0 0 0 0 0 0 0 0 0 0 0.0144928 0 0 0.0434783 0.0434783 0.15942 0.101449 0.173913 0.275362 0.115942 0.057971 0.0144928 0 0 0 0 0 

2208 2190 1602 92 0 0.730594 0 0 0 0 0 0 0 0 0 0 0 0 0 0 0 0 0 0 0.0147059 0.0294118 0.0294118 0.0735294 0.161765 0.176471 0.294118 0.0882353 0.0588235 0.0735294 0 0 0 0 0 

2240 2222 1602 83 0 0.720072 0 0 0 0 0 0 0 0 0 0 0 0 0 0 0 0 0 0 0 0 0.0434783 0.130435 0.275362 0.173913 0.15942 0.130435 0.0869565 0 0 0 0 0 0 

