2208 2198 1602 86 0 0.727934 0 0 0 0 0 0 0 0 0 0 0 0 0 0 0 0 0 0 0 0.0147059 0.0147059 0.0588235 0.147059 0.441176 0.132353 0.117647 0.0588235 0.0147059 0 0 0 0 0 

2208 2184 1602 95 0 0.732601 0 0 0 0 0 0 0 0 0 0 0 0 0 0 0 0 0 0 0 0.0147059 0.0441176 0.102941 0.102941 0.191176 0.264706 0.176471 0.0882353 0.0147059 0 0 0 0 0 

2240 2212 1602 82 0 0.723327 0 0 0 0 0 0 0 0 0 0 0 0 0 0 0 0 0 0 0 0 0.0434783 0.0869565 0.217391 0.289855 0.144928 0.115942 0.101449 0 0 0 0 0 0 

2240 2220 1603 100 0 0.720721 0 0 0 0 0 0 0 0 0 0 0 0 0 0 0 0 0 0 0 0 0.0869565 0.115942 0.144928 0.231884 0.188406 0.188406 0.0434783 0 0 0 0 0 0 

2208 2196 1602 92 0 0.728597 0 0 0 0 0 0 0 0 0 0 0 0 0 0 0 0 0 0 0 0.0147059 0.0294118 0.0735294 0.191176 0.25 0.161765 0.25 0.0294118 0 0 0 0 0 0 

2240 2211 1602 94 0 0.723654 0 0 0 0 0 0 0 0 0 0 0 0 0 0 0 0 0 0 0 0.0144928 0.057971 0.101449 0.144928 0.217391 0.231884 0.173913 0.057971 0 0 0 0 0 0 

2208 2200 1600 90 0 0.727273 0 0 0 0 0 0 0 0 0 0 0 0 0 0 0 0 0 0 0.0147059 0.0147059 0.0294118 0.132353 0.0735294 0.308824 0.205882 0.117647 0.0882353 0.0147059 0 0 0 0 0 

2240 2221 1602 96 0 0.720396 0 0 0 0 0 0 0 0 0 0 0 0 0 0 0 0 0 0 0 0 0.0289855 0.101449 0.275362 0.217391 0.202899 0.130435 0.0434783 0 0 0 0 0 0 

2208 2195 1602 94 0 0.728929 0 0 0 0 0 0 0 0 0 0 0 0 0 0 0 0 0 0 0 0 0.0735294 0.0735294 0.161765 0.235294 0.25 0.102941 0.0588235 0.0441176 0 0 0 0 0 

2208 2190 1602 93 0 0.730594 0 0 0 0 0 0 0 0 0 0 0 0 0 0 0 0 0 0 0 0.0294118 0.0147059 0.0735294 0.147059 0.25 0.279412 0.117647 0.0588235 0.0294118 0 0 0 0 0 

