2176 2170 1600 95 0 0.737327 0 0 0 0 0 0 0 0 0 0 0 0 0 0 0 0 0 0.0149254 0 0 0.0298507 0.0597015 0.119403 0.253731 0.283582 0.104478 0.0895522 0.0447761 0 0 0 0 0 

2208 2198 1601 89 0 0.727934 0 0 0 0 0 0 0 0 0 0 0 0 0 0 0 0 0 0 0.0147059 0.0294118 0.0294118 0.102941 0.0441176 0.294118 0.294118 0.117647 0.0588235 0.0147059 0 0 0 0 0 

2208 2187 1602 98 0 0.731596 0 0 0 0 0 0 0 0 0 0 0 0 0 0 0 0 0 0 0 0.0294118 0.0147059 0.117647 0.102941 0.205882 0.25 0.191176 0.0882353 0 0 0 0 0 0 

2176 2169 1601 85 0 0.737667 0 0 0 0 0 0 0 0 0 0 0 0 0 0 0 0 0 0 0 0 0.0447761 0.0746269 0.104478 0.238806 0.283582 0.134328 0.104478 0.0149254 0 0 0 0 0 

2240 2216 1602 97 0 0.722022 0 0 0 0 0 0 0 0 0 0 0 0 0 0 0 0 0 0.0144928 0 0.0144928 0.0144928 0.130435 0.202899 0.173913 0.202899 0.188406 0.057971 0 0 0 0 0 0 

2240 2213 1602 97 0 0.723 0 0 0 0 0 0 0 0 0 0 0 0 0 0 0 0 0 0 0 0.0144928 0.0434783 0.15942 0.144928 0.188406 0.231884 0.101449 0.101449 0.0144928 0 0 0 0 0 

2208 2185 1602 95 0 0.732265 0 0 0 0 0 0 0 0 0 0 0 0 0 0 0 0 0 0.0147059 0 0.0147059 0 0.132353 0.117647 0.264706 0.176471 0.0882353 0.161765 0.0294118 0 0 0 0 0 

2240 2232 1602 97 0 0.716846 0 0 0 0 0 0 0 0 0 0 0 0 0 0 0 0 0 0.0144928 0 0 0.101449 0.101449 0.144928 0.231884 0.246377 0.130435 0.0144928 0.0144928 0 0 0 0 0 

2208 2181 1602 98 0 0.733608 0 0 0 0 0 0 0 0 0 0 0 0 0 0 0 0 0 0 0 0 0.0588235 0.0735294 0.132353 0.25 0.205882 0.132353 0.117647 0.0294118 0 0 0 0 0 

2272 2250 1603 101 0 0.711111 0 0 0 0 0 0 0 0 0 0 0 0 0 0 0 0 0 0 0.0142857 0.0714286 0.0714286 0.0571429 0.142857 0.314286 0.142857 0.114286 0.0714286 0 0 0 0 0 0 

