2240 2222 1602 90 0 0.720072 0 0 0 0 0 0 0 0 0 0 0 0 0 0 0 0 0 0 0 0.0434783 0.0289855 0.130435 0.115942 0.289855 0.188406 0.15942 0.0289855 0.0144928 0 0 0 0 0 

2240 2211 1602 87 0 0.723654 0 0 0 0 0 0 0 0 0 0 0 0 0 0 0 0 0 0 0 0.0289855 0.0289855 0.057971 0.173913 0.275362 0.246377 0.144928 0.0434783 0 0 0 0 0 0 

2240 2224 1602 89 0 0.719424 0 0 0 0 0 0 0 0 0 0 0 0 0 0 0 0 0 0 0.0289855 0.0289855 0.0869565 0.057971 0.144928 0.231884 0.130435 0.246377 0.0289855 0.0144928 0 0 0 0 0 

2208 2188 1603 105 0 0.731261 0 0 0 0 0 0 0 0 0 0 0 0 0 0 0 0 0 0 0.0147059 0.0294118 0.0294118 0.0735294 0.147059 0.205882 0.191176 0.176471 0.102941 0.0294118 0 0 0 0 0 

2272 2250 1602 96 0 0.711111 0 0 0 0 0 0 0 0 0 0 0 0 0 0 0 0 0 0 0 0.0285714 0.0285714 0.185714 0.157143 0.271429 0.214286 0.0857143 0.0285714 0 0 0 0 0 0 

2208 2197 1602 90 0 0.728266 0 0 0 0 0 0 0 0 0 0 0 0 0 0 0 0 0 0 0 0 0.0882353 0.147059 0.132353 0.147059 0.132353 0.25 0.102941 0 0 0 0 0 0 

2208 2186 1602 95 0 0.73193 0 0 0 0 0 0 0 0 0 0 0 0 0 0 0 0 0 0 0.0147059 0 0.0147059 0.0882353 0.0882353 0.294118 0.308824 0.117647 0.0441176 0.0294118 0 0 0 0 0 

2208 2196 1602 92 0 0.728597 0 0 0 0 0 0 0 0 0 0 0 0 0 0 0 0 0 0 0 0.0147059 0.0294118 0.102941 0.132353 0.308824 0.191176 0.117647 0.0882353 0.0147059 0 0 0 0 0 

2240 2212 1602 95 0 0.723327 0 0 0 0 0 0 0 0 0 0 0 0 0 0 0 0 0 0 0.0289855 0.0289855 0.057971 0.057971 0.15942 0.15942 0.246377 0.173913 0.0724638 0.0144928 0 0 0 0 0 

2208 2201 1601 99 0 0.726942 0 0 0 0 0 0 0 0 0 0 0 0 0 0 0 0 0 0 0 0.0294118 0.0735294 0.102941 0.117647 0.161765 0.279412 0.161765 0.0441176 0.0147059 0.0147059 0 0 0 0 

