2240 2219 1602 92 0 0.721045 0 0 0 0 0 0 0 0 0 0 0 0 0 0 0 0 0 0 0 0.0289855 0.0869565 0.101449 0.130435 0.202899 0.217391 0.15942 0.057971 0.0144928 0 0 0 0 0 

2208 2181 1602 96 0 0.733608 0 0 0 0 0 0 0 0 0 0 0 0 0 0 0 0 0 0 0.0147059 0 0.0147059 0.0735294 0.220588 0.161765 0.279412 0.0735294 0.102941 0.0588235 0 0 0 0 0 

2240 2213 1602 98 0 0.723 0 0 0 0 0 0 0 0 0 0 0 0 0 0 0 0 0 0.0289855 0 0.0144928 0.0289855 0.0869565 0.130435 0.231884 0.289855 0.0869565 0.101449 0 0 0 0 0 0 

2240 2223 1602 89 0 0.719748 0 0 0 0 0 0 0 0 0 0 0 0 0 0 0 0 0 0 0 0.0289855 0.057971 0.0724638 0.188406 0.318841 0.115942 0.144928 0.0724638 0 0 0 0 0 0 

2208 2197 1602 91 0 0.728266 0 0 0 0 0 0 0 0 0 0 0 0 0 0 0 0 0 0 0 0 0.0441176 0.132353 0.102941 0.220588 0.308824 0.147059 0.0294118 0.0147059 0 0 0 0 0 

2240 2222 1603 103 0 0.720072 0 0 0 0 0 0 0 0 0 0 0 0 0 0 0 0 0 0.0144928 0.0144928 0.0144928 0.0434783 0.0434783 0.173913 0.318841 0.202899 0.0869565 0.0869565 0 0 0 0 0 0 

2176 2162 1602 84 0 0.740056 0 0 0 0 0 0 0 0 0 0 0 0 0 0 0 0 0 0.0149254 0 0 0.0298507 0.0298507 0.104478 0.223881 0.328358 0.164179 0.0895522 0.0149254 0 0 0 0 0 

2240 2212 1602 89 0 0.723327 0 0 0 0 0 0 0 0 0 0 0 0 0 0 0 0 0 0 0 0.0144928 0.057971 0.0869565 0.173913 0.26087 0.217391 0.0869565 0.0724638 0.0144928 0.0144928 0 0 0 0 

2208 2192 1602 87 0 0.729927 0 0 0 0 0 0 0 0 0 0 0 0 0 0 0 0 0 0 0 0.0147059 0.0294118 0.0735294 0.220588 0.191176 0.205882 0.176471 0.0735294 0.0147059 0 0 0 0 0 

2208 2196 1602 97 0 0.728597 0 0 0 0 0 0 0 0 0 0 0 0 0 0 0 0 0 0 0 0.0147059 0.0441176 0.0882353 0.191176 0.191176 0.220588 0.161765 0.0735294 0.0147059 0 0 0 0 0 

