2240 2216 1602 95 0 0.722022 0 0 0 0 0 0 0 0 0 0 0 0 0 0 0 0 0.0144928 0 0 0.0144928 0.0144928 0.15942 0.15942 0.246377 0.101449 0.217391 0.0434783 0.0289855 0 0 0 0 0 

2208 2195 1602 89 0 0.728929 0 0 0 0 0 0 0 0 0 0 0 0 0 0 0 0 0 0 0 0.0294118 0 0.0588235 0.176471 0.308824 0.235294 0.117647 0.0735294 0 0 0 0 0 0 

2240 2225 1603 101 0 0.719101 0 0 0 0 0 0 0 0 0 0 0 0 0 0 0 0 0 0 0.0289855 0.0144928 0.0289855 0.130435 0.144928 0.275362 0.15942 0.130435 0.0869565 0 0 0 0 0 0 

2208 2184 1602 95 0 0.732601 0 0 0 0 0 0 0 0 0 0 0 0 0 0 0 0 0 0 0 0.0147059 0 0.0735294 0.132353 0.308824 0.220588 0.191176 0.0588235 0 0 0 0 0 0 

2240 2228 1603 100 0 0.718133 0 0 0 0 0 0 0 0 0 0 0 0 0 0 0 0 0 0 0 0.0434783 0.0434783 0.115942 0.173913 0.246377 0.202899 0.0869565 0.0724638 0.0144928 0 0 0 0 0 

2208 2189 1602 86 0 0.730927 0 0 0 0 0 0 0 0 0 0 0 0 0 0 0 0 0 0.0147059 0 0 0.0735294 0.0441176 0.161765 0.161765 0.25 0.205882 0.0882353 0 0 0 0 0 0 

2240 2219 1602 85 0 0.721045 0 0 0 0 0 0 0 0 0 0 0 0 0 0 0 0 0 0 0 0.0144928 0.057971 0.0724638 0.188406 0.231884 0.304348 0.0869565 0.0289855 0.0144928 0 0 0 0 0 

2240 2225 1603 101 0 0.719101 0 0 0 0 0 0 0 0 0 0 0 0 0 0 0 0 0 0 0 0.0434783 0.0289855 0.101449 0.202899 0.202899 0.26087 0.101449 0.0434783 0.0144928 0 0 0 0 0 

2208 2182 1602 91 0 0.733272 0 0 0 0 0 0 0 0 0 0 0 0 0 0 0 0 0 0 0 0.0294118 0 0.102941 0.102941 0.235294 0.264706 0.161765 0.102941 0 0 0 0 0 0 

2240 2224 1602 94 0 0.719424 0 0 0 0 0 0 0 0 0 0 0 0 0 0 0 0 0 0 0 0.0434783 0.057971 0.0869565 0.188406 0.231884 0.202899 0.101449 0.057971 0.0289855 0 0 0 0 0 

