2240 2224 1603 105 0 0.719424 0 0 0 0 0 0 0 0 0 0 0 0 0 0 0 0 0 0 0.0144928 0 0.057971 0.0724638 0.202899 0.275362 0.246377 0.057971 0.057971 0.0144928 0 0 0 0 0 

2240 2219 1602 95 0 0.721045 0 0 0 0 0 0 0 0 0 0 0 0 0 0 0 0 0 0 0 0.0289855 0.0724638 0.0724638 0.188406 0.202899 0.246377 0.101449 0.0724638 0.0144928 0 0 0 0 0 

2208 2198 1602 94 0 0.727934 0 0 0 0 0 0 0 0 0 0 0 0 0 0 0 0 0 0 0 0.0294118 0.0294118 0.0735294 0.161765 0.25 0.264706 0.117647 0.0441176 0.0294118 0 0 0 0 0 

2208 2195 1602 94 0 0.728929 0 0 0 0 0 0 0 0 0 0 0 0 0 0 0 0 0 0 0.0147059 0 0.0147059 0.0882353 0.220588 0.205882 0.220588 0.147059 0.0735294 0.0147059 0 0 0 0 0 

2176 2165 1602 84 0 0.73903 0 0 0 0 0 0 0 0 0 0 0 0 0 0 0 0 0 0 0 0.0149254 0.0149254 0.0447761 0.0895522 0.313433 0.298507 0.149254 0.0298507 0.0298507 0.0149254 0 0 0 0 

2208 2202 1602 87 0 0.726612 0 0 0 0 0 0 0 0 0 0 0 0.0147059 0 0 0 0 0 0 0 0 0.0294118 0.0441176 0.220588 0.235294 0.220588 0.176471 0.0588235 0 0 0 0 0 0 

2240 2222 1602 98 0 0.720072 0 0 0 0 0 0 0 0 0 0 0 0 0 0 0 0 0 0 0.0289855 0.0289855 0.0289855 0.144928 0.15942 0.130435 0.217391 0.188406 0.0724638 0 0 0 0 0 0 

2208 2183 1602 86 0 0.732936 0 0 0 0 0 0 0 0 0 0 0 0 0 0 0 0 0 0 0 0 0.0441176 0.132353 0.147059 0.117647 0.264706 0.161765 0.117647 0.0147059 0 0 0 0 0 

2240 2225 1602 92 0 0.719101 0 0 0 0 0 0 0 0 0 0 0 0 0 0 0 0 0 0 0 0 0.057971 0.144928 0.173913 0.246377 0.188406 0.144928 0.0434783 0 0 0 0 0 0 

2208 2197 1602 94 0 0.728266 0 0 0 0 0 0 0 0 0 0 0 0 0 0 0 0 0 0 0 0.0147059 0.0441176 0.176471 0.0735294 0.191176 0.220588 0.191176 0.0882353 0 0 0 0 0 0 

