2208 2196 1602 94 0 0.728597 0 0 0 0 0 0 0 0 0 0 0 0 0 0 0 0 0 0.0147059 0 0.0147059 0.0147059 0.0882353 0.191176 0.205882 0.205882 0.176471 0.0882353 0 0 0 0 0 0 

2272 2257 1602 93 0 0.708906 0 0 0 0 0 0 0 0 0 0 0 0 0 0 0 0 0 0 0.0142857 0.0285714 0.1 0.142857 0.171429 0.185714 0.185714 0.128571 0.0285714 0.0142857 0 0 0 0 0 

2208 2187 1602 95 0 0.731596 0 0 0 0 0 0 0 0 0 0 0 0 0 0 0 0 0 0 0 0 0.0588235 0.102941 0.147059 0.205882 0.205882 0.147059 0.102941 0.0294118 0 0 0 0 0 

2208 2190 1602 98 0 0.730594 0 0 0 0 0 0 0 0 0 0 0 0 0 0 0 0 0 0.0147059 0 0 0.0294118 0.0735294 0.147059 0.220588 0.25 0.220588 0.0441176 0 0 0 0 0 0 

2240 2226 1602 93 0 0.718778 0 0 0 0 0 0 0 0 0 0 0 0 0 0 0 0 0 0 0.0144928 0.0289855 0.0289855 0.144928 0.188406 0.202899 0.130435 0.202899 0.057971 0 0 0 0 0 0 

2240 2225 1602 98 0 0.719101 0 0 0 0 0 0 0 0 0 0 0 0 0 0 0 0 0 0 0 0 0.0869565 0.0434783 0.289855 0.217391 0.188406 0.115942 0.0434783 0.0144928 0 0 0 0 0 

2240 2230 1602 89 0 0.717489 0 0 0 0 0 0 0 0 0 0 0 0 0 0 0 0 0.0144928 0 0 0.0289855 0.0724638 0.173913 0.101449 0.15942 0.202899 0.173913 0.057971 0.0144928 0 0 0 0 0 

2272 2250 1602 98 0 0.711111 0 0 0 0 0 0 0 0 0 0 0 0 0 0 0 0 0 0.0142857 0.0142857 0.0142857 0.0285714 0.142857 0.271429 0.142857 0.185714 0.157143 0.0142857 0.0142857 0 0 0 0 0 

2208 2188 1602 94 0 0.731261 0 0 0 0 0 0 0 0 0 0 0 0 0 0 0 0 0 0 0 0 0.0588235 0.0441176 0.191176 0.220588 0.220588 0.191176 0.0588235 0.0147059 0 0 0 0 0 

2208 2182 1602 92 0 0.733272 0 0 0 0 0 0 0 0 0 0 0 0 0 0 0 0 0 0 0.0147059 0.0147059 0 0.0735294 0.102941 0.279412 0.264706 0.161765 0.0882353 0 0 0 0 0 0 

