2240 2219 1603 106 0 0.721045 0 0 0 0 0 0 0 0 0 0 0 0 0 0 0 0 0 0 0.0144928 0.0289855 0.0434783 0.115942 0.115942 0.26087 0.173913 0.188406 0.0434783 0.0144928 0 0 0 0 0 

2208 2192 1602 96 0 0.729927 0 0 0 0 0 0 0 0 0 0 0 0 0 0 0 0 0 0 0 0 0.0294118 0.0882353 0.220588 0.235294 0.176471 0.147059 0.0735294 0.0294118 0 0 0 0 0 

2208 2197 1602 88 0 0.728266 0 0 0 0 0 0 0 0 0 0 0 0 0 0 0 0 0 0 0 0 0.0441176 0.0882353 0.161765 0.220588 0.294118 0.147059 0.0441176 0 0 0 0 0 0 

2208 2186 1602 93 0 0.73193 0 0 0 0 0 0 0 0 0 0 0 0 0 0 0 0 0 0 0.0147059 0 0.0147059 0.147059 0.0441176 0.25 0.279412 0.161765 0.0882353 0 0 0 0 0 0 

2208 2194 1603 99 0 0.729262 0 0 0 0 0 0 0 0 0 0 0 0 0 0 0 0 0 0 0 0.0147059 0.0588235 0.0294118 0.205882 0.220588 0.235294 0.147059 0.0735294 0.0147059 0 0 0 0 0 

2208 2190 1602 93 0 0.730594 0 0 0 0 0 0 0 0 0 0 0 0 0 0 0 0 0 0 0 0.0147059 0.0147059 0.0588235 0.147059 0.294118 0.264706 0.176471 0.0147059 0.0147059 0 0 0 0 0 

2176 2148 1602 83 0 0.744879 0 0 0 0 0 0 0 0 0 0 0 0 0 0 0 0 0 0 0.0149254 0.0149254 0.0149254 0.0597015 0.104478 0.134328 0.253731 0.223881 0.164179 0.0149254 0 0 0 0 0 

2240 2215 1602 94 0 0.722348 0 0 0 0 0 0 0 0 0 0 0 0 0 0 0 0 0 0 0 0.0144928 0.057971 0.0869565 0.173913 0.275362 0.188406 0.144928 0.0144928 0.0434783 0 0 0 0 0 

2208 2199 1602 83 0 0.727603 0 0 0 0 0 0 0 0 0 0 0 0 0 0 0 0 0 0 0.0147059 0.0294118 0.0294118 0.161765 0.0588235 0.220588 0.235294 0.132353 0.0882353 0.0294118 0 0 0 0 0 

2208 2202 1602 91 0 0.726612 0 0 0 0 0 0 0 0 0 0 0 0 0 0 0 0 0 0 0 0 0.0441176 0.117647 0.220588 0.191176 0.161765 0.191176 0.0735294 0 0 0 0 0 0 

