2240 2217 1602 90 0 0.721696 0 0 0 0 0 0 0 0 0 0 0 0 0 0 0 0 0 0 0.0144928 0.0144928 0.0289855 0.0869565 0.15942 0.304348 0.217391 0.115942 0.0434783 0.0144928 0 0 0 0 0 

2208 2197 1602 87 0 0.728266 0 0 0 0 0 0 0 0 0 0 0 0 0 0 0 0 0 0 0 0.0441176 0.0294118 0.0735294 0.205882 0.191176 0.161765 0.191176 0.0882353 0.0147059 0 0 0 0 0 

2176 2164 1601 85 0 0.739372 0 0 0 0 0 0 0 0 0 0 0 0 0 0 0 0 0 0 0 0.0149254 0.0298507 0.0298507 0.179104 0.208955 0.19403 0.238806 0.0895522 0.0149254 0 0 0 0 0 

2208 2194 1602 93 0 0.729262 0 0 0 0 0 0 0 0 0 0 0 0 0 0 0 0 0 0 0 0.0147059 0.0147059 0.117647 0.176471 0.25 0.147059 0.176471 0.102941 0 0 0 0 0 0 

2240 2215 1602 96 0 0.722348 0 0 0 0 0 0 0 0 0 0 0 0 0 0 0 0 0 0 0.0144928 0.0289855 0.0434783 0.057971 0.217391 0.188406 0.26087 0.101449 0.0434783 0.0434783 0 0 0 0 0 

2208 2202 1600 97 0 0.726612 0 0 0 0 0 0 0 0 0 0 0 0 0 0 0 0.0147059 0 0 0.0147059 0.0147059 0.0294118 0.0735294 0.132353 0.205882 0.294118 0.176471 0.0294118 0.0147059 0 0 0 0 0 

2208 2189 1602 95 0 0.730927 0 0 0 0 0 0 0 0 0 0 0 0 0 0 0 0 0 0 0.0147059 0.0147059 0.0147059 0.117647 0.117647 0.220588 0.191176 0.220588 0.0882353 0 0 0 0 0 0 

2208 2184 1602 93 0 0.732601 0 0 0 0 0 0 0 0 0 0 0 0 0 0 0 0 0 0 0.0147059 0 0.0147059 0.0882353 0.147059 0.294118 0.176471 0.117647 0.117647 0.0294118 0 0 0 0 0 

2240 2225 1603 106 0 0.719101 0 0 0 0 0 0 0 0 0 0 0 0 0 0 0 0 0 0 0.0144928 0.0144928 0.0724638 0.130435 0.101449 0.202899 0.304348 0.101449 0.0434783 0.0144928 0 0 0 0 0 

2208 2198 1602 87 0 0.727934 0 0 0 0 0 0 0 0 0 0 0 0 0 0 0 0 0 0 0 0.0147059 0.0441176 0.147059 0.161765 0.191176 0.161765 0.147059 0.102941 0.0294118 0 0 0 0 0 

