2208 2179 1602 93 0 0.734282 0 0 0 0 0 0 0 0 0 0 0 0 0 0 0 0 0 0 0 0.0147059 0.0294118 0 0.147059 0.279412 0.323529 0.132353 0.0735294 0 0 0 0 0 0 

2176 2172 1600 105 0 0.736648 0 0 0 0 0 0 0 0 0 0 0 0 0 0 0 0 0 0 0 0 0.0895522 0.0597015 0.104478 0.179104 0.268657 0.19403 0.0746269 0.0298507 0 0 0 0 0 

2208 2193 1602 96 0 0.729594 0 0 0 0 0 0 0 0 0 0 0 0 0 0 0 0 0 0 0 0 0.0735294 0.117647 0.132353 0.191176 0.176471 0.220588 0.0735294 0.0147059 0 0 0 0 0 

2208 2181 1602 96 0 0.733608 0 0 0 0 0 0 0 0 0 0 0 0 0 0 0 0 0 0 0 0 0.0441176 0.0441176 0.161765 0.235294 0.220588 0.235294 0.0588235 0 0 0 0 0 0 

2208 2191 1602 93 0 0.73026 0 0 0 0 0 0 0 0 0 0 0 0 0 0 0 0 0 0 0 0.0147059 0.0294118 0.0882353 0.132353 0.25 0.323529 0.0588235 0.0735294 0.0147059 0.0147059 0 0 0 0 

2240 2220 1602 87 0 0.720721 0 0 0 0 0 0 0 0 0 0 0 0 0 0 0 0 0 0 0 0.057971 0.0434783 0.0869565 0.173913 0.188406 0.231884 0.144928 0.057971 0.0144928 0 0 0 0 0 

2240 2215 1602 94 0 0.722348 0 0 0 0 0 0 0 0 0 0 0 0 0 0 0 0 0 0 0 0.0144928 0.0724638 0.0724638 0.173913 0.246377 0.15942 0.231884 0.0289855 0 0 0 0 0 0 

2208 2189 1602 84 0 0.730927 0 0 0 0 0 0 0 0 0 0 0 0 0 0 0 0 0 0 0 0 0.0588235 0.0735294 0.191176 0.191176 0.176471 0.220588 0.0882353 0 0 0 0 0 0 

2240 2221 1602 96 0 0.720396 0 0 0 0 0 0 0 0 0 0 0 0 0 0 0 0 0 0 0 0.0144928 0.0434783 0.144928 0.144928 0.246377 0.217391 0.144928 0.0289855 0.0144928 0 0 0 0 0 

2240 2211 1602 92 0 0.723654 0 0 0 0 0 0 0 0 0 0 0 0 0 0 0 0 0 0 0 0 0.0144928 0.115942 0.188406 0.275362 0.217391 0.144928 0.0434783 0 0 0 0 0 0 

