2240 2225 1603 103 0 0.719101 0 0 0 0 0 0 0 0 0 0 0 0 0 0 0 0 0 0 0.0144928 0.0144928 0.0144928 0.101449 0.202899 0.26087 0.26087 0.0869565 0.0434783 0 0 0 0 0 0 

2240 2215 1602 91 0 0.722348 0 0 0 0 0 0 0 0 0 0 0 0 0 0 0 0 0 0 0.0144928 0.0144928 0.057971 0.130435 0.144928 0.130435 0.275362 0.15942 0.057971 0.0144928 0 0 0 0 0 

2208 2182 1602 93 0 0.733272 0 0 0 0 0 0 0 0 0 0 0 0 0 0 0 0 0 0 0 0.0147059 0.0147059 0.0882353 0.191176 0.205882 0.191176 0.161765 0.117647 0 0.0147059 0 0 0 0 

2240 2225 1602 94 0 0.719101 0 0 0 0 0 0 0 0 0 0 0 0 0 0 0 0 0 0.0144928 0 0.0289855 0.057971 0.0724638 0.202899 0.202899 0.217391 0.130435 0.0724638 0 0 0 0 0 0 

2208 2179 1602 93 0 0.734282 0 0 0 0 0 0 0 0 0 0 0 0 0 0 0 0 0 0 0 0.0294118 0.0441176 0.0882353 0.117647 0.147059 0.220588 0.279412 0.0294118 0.0294118 0.0147059 0 0 0 0 

2240 2224 1602 94 0 0.719424 0 0 0 0 0 0 0 0 0 0 0 0 0 0 0 0 0 0 0 0.0144928 0.057971 0.101449 0.231884 0.144928 0.26087 0.173913 0.0144928 0 0 0 0 0 0 

2240 2213 1602 95 0 0.723 0 0 0 0 0 0 0 0 0 0 0 0 0 0 0 0 0 0 0 0.0144928 0.0434783 0.0724638 0.188406 0.246377 0.275362 0.0869565 0.0724638 0 0 0 0 0 0 

2208 2203 1600 100 0 0.726282 0 0 0 0 0 0 0 0 0 0 0 0 0 0 0 0 0 0 0 0.0294118 0.0588235 0.117647 0.132353 0.205882 0.191176 0.176471 0.0588235 0.0294118 0 0 0 0 0 

2272 2245 1603 100 0 0.712695 0 0 0 0 0 0 0 0 0 0 0 0 0 0 0 0 0 0 0.0428571 0.0285714 0.0571429 0.0857143 0.142857 0.271429 0.2 0.0857143 0.0714286 0.0142857 0 0 0 0 0 

2208 2199 1602 90 0 0.727603 0 0 0 0 0 0 0 0 0 0 0 0 0 0 0 0 0 0 0.0147059 0.0294118 0.0294118 0.0735294 0.205882 0.161765 0.220588 0.191176 0.0441176 0.0294118 0 0 0 0 0 

