2208 2197 1602 91 0 0.728266 0 0 0 0 0 0 0 0 0 0 0 0 0 0 0 0 0 0 0 0 0.0294118 0.102941 0.161765 0.279412 0.220588 0.161765 0.0294118 0 0.0147059 0 0 0 0 

2208 2183 1602 93 0 0.732936 0 0 0 0 0 0 0 0 0 0 0 0 0 0 0 0 0 0 0 0 0.0147059 0.117647 0.132353 0.264706 0.205882 0.147059 0.102941 0.0147059 0 0 0 0 0 

2176 2163 1602 91 0 0.739713 0 0 0 0 0 0 0 0 0 0 0 0 0 0 0 0 0 0 0 0.0149254 0.0149254 0.0149254 0.134328 0.313433 0.238806 0.179104 0.0597015 0.0298507 0 0 0 0 0 

2240 2232 1600 92 0 0.716846 0 0 0 0 0 0 0 0 0 0 0 0 0 0 0 0 0 0.0144928 0 0.0434783 0.0289855 0.115942 0.188406 0.173913 0.246377 0.173913 0.0144928 0 0 0 0 0 0 

2240 2217 1602 97 0 0.721696 0 0 0 0 0 0 0 0 0 0 0 0 0 0 0 0 0 0 0.0144928 0.0434783 0.0144928 0.057971 0.188406 0.231884 0.275362 0.115942 0.057971 0 0 0 0 0 0 

2240 2228 1602 95 0 0.718133 0 0 0 0 0 0 0 0 0 0 0 0 0 0 0 0 0 0 0.0144928 0 0.0434783 0.144928 0.188406 0.217391 0.217391 0.144928 0.0144928 0.0144928 0 0 0 0 0 

2240 2231 1602 92 0 0.717167 0 0 0 0 0 0 0 0 0 0 0 0 0 0 0 0 0 0 0 0.0434783 0.0144928 0.15942 0.188406 0.217391 0.217391 0.0869565 0.0724638 0 0 0 0 0 0 

2208 2192 1602 89 0 0.729927 0 0 0 0 0 0 0 0 0 0 0 0 0 0 0 0 0 0.0147059 0 0.0294118 0.0441176 0.0588235 0.132353 0.220588 0.220588 0.161765 0.102941 0.0147059 0 0 0 0 0 

2208 2196 1602 89 0 0.728597 0 0 0 0 0 0 0 0 0 0 0 0 0 0 0 0 0 0 0 0.0147059 0.0882353 0.0294118 0.0882353 0.308824 0.264706 0.161765 0.0294118 0.0147059 0 0 0 0 0 

2208 2186 1602 92 0 0.73193 0 0 0 0 0 0 0 0 0 0 0 0 0 0 0 0 0 0 0.0294118 0 0.0441176 0.0441176 0.102941 0.25 0.308824 0.102941 0.102941 0.0147059 0 0 0 0 0 

