2176 2161 1602 95 0 0.740398 0 0 0 0 0 0 0 0 0 0 0 0 0 0 0 0 0 0 0.0149254 0.0149254 0 0.0746269 0.0895522 0.208955 0.268657 0.268657 0.0149254 0.0447761 0 0 0 0 0 

2240 2213 1602 96 0 0.723 0 0 0 0 0 0 0 0 0 0 0 0 0 0 0 0 0 0 0 0.0144928 0.0289855 0.101449 0.202899 0.26087 0.173913 0.144928 0.057971 0.0144928 0 0 0 0 0 

2208 2192 1603 100 0 0.729927 0 0 0 0 0 0 0 0 0 0 0 0 0 0 0 0 0 0 0 0.0147059 0.0147059 0.161765 0.0882353 0.205882 0.308824 0.102941 0.0735294 0.0294118 0 0 0 0 0 

2208 2194 1602 91 0 0.729262 0 0 0 0 0 0 0 0 0 0 0 0 0 0 0 0 0 0 0.0147059 0 0.0147059 0.0882353 0.205882 0.220588 0.220588 0.176471 0.0147059 0.0441176 0 0 0 0 0 

2208 2189 1602 95 0 0.730927 0 0 0 0 0 0 0 0 0 0 0 0 0 0 0 0 0 0 0 0.0147059 0.0294118 0.0588235 0.176471 0.235294 0.220588 0.235294 0.0147059 0 0.0147059 0 0 0 0 

2208 2201 1602 91 0 0.726942 0 0 0 0 0 0 0 0 0 0 0 0 0 0 0 0 0 0 0.0147059 0.0294118 0.0147059 0.0294118 0.220588 0.279412 0.220588 0.102941 0.0735294 0.0147059 0 0 0 0 0 

2240 2226 1602 95 0 0.718778 0 0 0 0 0 0 0 0 0 0 0 0 0 0 0 0 0 0 0.0144928 0.0434783 0.0724638 0.057971 0.202899 0.173913 0.246377 0.115942 0.0434783 0.0144928 0.0144928 0 0 0 0 

2240 2224 1602 89 0 0.719424 0 0 0 0 0 0 0 0 0 0 0 0 0 0 0 0 0.0144928 0 0.0144928 0.0144928 0.0289855 0.0724638 0.173913 0.246377 0.289855 0.101449 0.0434783 0 0 0 0 0 0 

2208 2194 1602 87 0 0.729262 0 0 0 0 0 0 0 0 0 0 0 0 0 0 0 0 0 0 0 0.0147059 0.0441176 0.0735294 0.176471 0.132353 0.338235 0.191176 0.0294118 0 0 0 0 0 0 

2208 2182 1602 93 0 0.733272 0 0 0 0 0 0 0 0 0 0 0 0 0 0 0 0 0 0 0 0.0147059 0.0441176 0.0882353 0.132353 0.161765 0.205882 0.294118 0.0588235 0 0 0 0 0 0 

