2208 2193 1602 89 0 0.729594 0 0 0 0 0 0 0 0 0 0 0 0 0 0 0 0 0 0 0.0147059 0 0.0294118 0.0588235 0.235294 0.191176 0.235294 0.132353 0.0882353 0.0147059 0 0 0 0 0 

2240 2216 1602 94 0 0.722022 0 0 0 0 0 0 0 0 0 0 0 0 0 0 0 0 0 0.0144928 0 0 0.0869565 0.057971 0.144928 0.202899 0.289855 0.188406 0.0144928 0 0 0 0 0 0 

2208 2194 1603 100 0 0.729262 0 0 0 0 0 0 0 0 0 0 0 0 0 0 0 0 0 0 0 0.0441176 0.0147059 0.0588235 0.220588 0.176471 0.25 0.117647 0.0882353 0.0294118 0 0 0 0 0 

2208 2187 1602 93 0 0.731596 0 0 0 0 0 0 0 0 0 0 0 0 0 0 0 0 0 0 0.0147059 0 0.0147059 0.0882353 0.147059 0.279412 0.161765 0.205882 0.0882353 0 0 0 0 0 0 

2176 2168 1602 89 0 0.738007 0 0 0 0 0 0 0 0 0 0 0 0 0 0 0 0 0 0 0 0 0.0298507 0.119403 0.0746269 0.119403 0.432836 0.149254 0.0746269 0 0 0 0 0 0 

2208 2187 1602 93 0 0.731596 0 0 0 0 0 0 0 0 0 0 0 0 0 0 0 0 0 0 0.0147059 0.0147059 0.0147059 0.0441176 0.191176 0.205882 0.264706 0.176471 0.0588235 0.0147059 0 0 0 0 0 

2240 2229 1602 97 0 0.717811 0 0 0 0 0 0 0 0 0 0 0 0 0 0 0 0 0.0144928 0 0.0144928 0.0289855 0.0434783 0.0724638 0.15942 0.26087 0.217391 0.144928 0.0434783 0 0 0 0 0 0 

2208 2182 1602 92 0 0.733272 0 0 0 0 0 0 0 0 0 0 0 0 0 0 0 0 0 0 0 0 0.0735294 0.132353 0.132353 0.176471 0.161765 0.132353 0.132353 0.0294118 0.0294118 0 0 0 0 

2272 2244 1603 105 0 0.713012 0 0 0 0 0 0 0 0 0 0 0 0 0 0 0 0 0 0.0142857 0 0.0142857 0.0571429 0.157143 0.157143 0.228571 0.171429 0.157143 0.0285714 0.0142857 0 0 0 0 0 

2240 2221 1602 91 0 0.720396 0 0 0 0 0 0 0 0 0 0 0 0 0 0 0 0 0 0 0 0.057971 0.0289855 0.057971 0.231884 0.217391 0.202899 0.115942 0.0869565 0 0 0 0 0 0 

