2240 2217 1602 95 0 0.721696 0 0 0 0 0 0 0 0 0 0 0 0 0 0 0 0 0.0144928 0 0 0 0.0869565 0.0434783 0.15942 0.246377 0.275362 0.101449 0.0724638 0 0 0 0 0 0 

2208 2195 1602 95 0 0.728929 0 0 0 0 0 0 0 0 0 0 0 0 0 0 0 0 0 0 0.0147059 0.0147059 0.0735294 0.0441176 0.102941 0.235294 0.308824 0.132353 0.0441176 0.0294118 0 0 0 0 0 

2240 2230 1602 97 0 0.717489 0 0 0 0 0 0 0 0 0 0 0 0 0 0 0 0 0 0 0.0289855 0 0.0289855 0.15942 0.15942 0.217391 0.246377 0.115942 0.0434783 0 0 0 0 0 0 

2208 2186 1602 91 0 0.73193 0 0 0 0 0 0 0 0 0 0 0 0 0 0 0 0 0 0 0 0 0.0294118 0.0735294 0.205882 0.220588 0.191176 0.176471 0.102941 0 0 0 0 0 0 

2208 2201 1601 93 0 0.726942 0 0 0 0 0 0 0 0 0 0 0 0 0 0 0 0 0 0 0 0 0.0588235 0.0588235 0.25 0.264706 0.147059 0.132353 0.0441176 0.0294118 0.0147059 0 0 0 0 

2208 2194 1603 101 0 0.729262 0 0 0 0 0 0 0 0 0 0 0 0 0 0 0 0 0 0 0 0.0147059 0.0294118 0.147059 0.132353 0.191176 0.220588 0.147059 0.102941 0.0147059 0 0 0 0 0 

2208 2188 1602 95 0 0.731261 0 0 0 0 0 0 0 0 0 0 0 0 0 0 0 0 0 0 0 0.0147059 0.0294118 0.0588235 0.176471 0.264706 0.220588 0.161765 0.0294118 0.0294118 0.0147059 0 0 0 0 

2240 2227 1603 101 0 0.718455 0 0 0 0 0 0 0 0 0 0 0 0 0 0 0 0 0 0 0 0 0.057971 0.115942 0.173913 0.275362 0.246377 0.101449 0.0289855 0 0 0 0 0 0 

2176 2168 1601 90 0 0.738007 0 0 0 0 0 0 0 0 0 0 0 0 0 0 0 0 0.0149254 0 0 0 0.0149254 0.0597015 0.119403 0.223881 0.283582 0.223881 0.0298507 0.0298507 0 0 0 0 0 

2208 2194 1602 94 0 0.729262 0 0 0 0 0 0 0 0 0 0 0 0 0 0 0 0 0 0 0 0.0147059 0.0294118 0.117647 0.132353 0.235294 0.220588 0.161765 0.0882353 0 0 0 0 0 0 

