2240 2211 1602 92 0 0.723654 0 0 0 0 0 0 0 0 0 0 0 0 0 0 0 0 0 0 0.0289855 0.0144928 0.0289855 0.0869565 0.173913 0.217391 0.217391 0.144928 0.0434783 0.0434783 0 0 0 0 0 

2208 2179 1602 90 0 0.734282 0 0 0 0 0 0 0 0 0 0 0 0 0 0 0 0 0.0147059 0 0 0.0147059 0.0147059 0.102941 0.117647 0.191176 0.191176 0.235294 0.0882353 0.0294118 0 0 0 0 0 

2208 2198 1602 87 0 0.727934 0 0 0 0 0 0 0 0 0 0 0 0 0 0 0 0 0 0.0147059 0 0 0 0.117647 0.25 0.191176 0.176471 0.147059 0.0735294 0.0294118 0 0 0 0 0 

2208 2186 1602 92 0 0.73193 0 0 0 0 0 0 0 0 0 0 0 0 0 0 0 0 0 0 0.0147059 0.0441176 0.0294118 0.0294118 0.161765 0.205882 0.220588 0.161765 0.102941 0.0294118 0 0 0 0 0 

2240 2214 1602 95 0 0.722674 0 0 0 0 0 0 0 0 0 0 0 0 0 0 0 0 0 0 0 0.0144928 0.0289855 0.101449 0.217391 0.275362 0.115942 0.173913 0.057971 0.0144928 0 0 0 0 0 

2208 2194 1602 90 0 0.729262 0 0 0 0 0 0 0 0 0 0 0 0 0 0 0 0 0 0.0147059 0 0 0.0588235 0.0588235 0.117647 0.25 0.235294 0.235294 0.0294118 0 0 0 0 0 0 

2208 2185 1602 88 0 0.732265 0 0 0 0 0 0 0 0 0 0 0 0 0 0 0 0 0 0 0 0 0.0441176 0.0882353 0.117647 0.279412 0.161765 0.235294 0.0735294 0 0 0 0 0 0 

2208 2196 1602 87 0 0.728597 0 0 0 0 0 0 0 0 0 0 0 0 0 0 0 0 0 0 0.0147059 0 0.0441176 0.0735294 0.117647 0.264706 0.294118 0.147059 0.0294118 0.0147059 0 0 0 0 0 

2240 2232 1602 93 0 0.716846 0 0 0 0 0 0 0 0 0 0 0 0 0 0 0 0 0 0 0 0.0144928 0.057971 0.115942 0.275362 0.202899 0.173913 0.057971 0.0869565 0.0144928 0 0 0 0 0 

2208 2192 1602 88 0 0.729927 0 0 0 0 0 0 0 0 0 0 0 0 0 0 0 0 0 0 0 0 0.0147059 0.0735294 0.220588 0.25 0.220588 0.161765 0.0441176 0.0147059 0 0 0 0 0 

