2176 2155 1602 89 0 0.742459 0 0 0 0 0 0 0 0 0 0 0 0 0 0 0 0 0 0 0 0.0149254 0.0149254 0.0746269 0.134328 0.19403 0.208955 0.179104 0.164179 0 0.0149254 0 0 0 0 

2240 2221 1603 102 0 0.720396 0 0 0 0 0 0 0 0 0 0 0 0 0 0 0 0 0 0.0144928 0.0289855 0 0.0289855 0.15942 0.101449 0.202899 0.231884 0.15942 0.057971 0.0144928 0 0 0 0 0 

2240 2221 1603 102 0 0.720396 0 0 0 0 0 0 0 0 0 0 0 0 0 0 0 0 0 0.0144928 0.0144928 0.0144928 0.101449 0.101449 0.115942 0.15942 0.173913 0.202899 0.101449 0 0 0 0 0 0 

2240 2227 1602 96 0 0.718455 0 0 0 0 0 0 0 0 0 0 0 0 0 0 0 0 0 0 0.0289855 0.0289855 0.057971 0.0724638 0.15942 0.26087 0.217391 0.0724638 0.0869565 0.0144928 0 0 0 0 0 

2240 2212 1602 96 0 0.723327 0 0 0 0 0 0 0 0 0 0 0 0 0 0 0 0 0 0 0.0144928 0.0144928 0.0724638 0.0869565 0.144928 0.202899 0.231884 0.144928 0.057971 0.0144928 0.0144928 0 0 0 0 

2208 2192 1602 89 0 0.729927 0 0 0 0 0 0 0 0 0 0 0 0 0 0 0 0 0 0 0.0294118 0.0147059 0.0294118 0.0294118 0.132353 0.235294 0.338235 0.117647 0.0588235 0.0147059 0 0 0 0 0 

2272 2245 1602 93 0 0.712695 0 0 0 0 0 0 0 0 0 0 0 0 0 0 0 0 0 0 0.0285714 0.0142857 0.1 0.1 0.114286 0.285714 0.171429 0.114286 0.0571429 0.0142857 0 0 0 0 0 

2208 2184 1602 90 0 0.732601 0 0 0 0 0 0 0 0 0 0 0 0 0 0 0 0 0 0 0 0.0147059 0.0147059 0.0588235 0.191176 0.220588 0.220588 0.220588 0.0441176 0.0147059 0 0 0 0 0 

2208 2181 1602 96 0 0.733608 0 0 0 0 0 0 0 0 0 0 0 0 0 0 0 0 0 0 0 0.0147059 0.0588235 0.0588235 0.147059 0.191176 0.264706 0.161765 0.0294118 0.0588235 0.0147059 0 0 0 0 

2240 2218 1602 93 0 0.721371 0 0 0 0 0 0 0 0 0 0 0 0 0 0 0 0 0 0 0.0144928 0.0144928 0.0289855 0.130435 0.130435 0.26087 0.217391 0.144928 0.057971 0 0 0 0 0 0 

