2272 2243 1602 97 0 0.71333 0 0 0 0 0 0 0 0 0 0 0 0 0 0 0 0 0 0 0.0285714 0.0428571 0.0428571 0.0857143 0.171429 0.214286 0.242857 0.128571 0.0428571 0 0 0 0 0 0 

2208 2191 1602 86 0 0.73026 0 0 0 0 0 0 0 0 0 0 0 0 0 0 0 0 0 0 0.0147059 0 0 0.147059 0.176471 0.176471 0.191176 0.191176 0.102941 0 0 0 0 0 0 

2208 2189 1602 92 0 0.730927 0 0 0 0 0 0 0 0 0 0 0 0 0 0 0 0 0 0 0 0.0294118 0.0294118 0.0441176 0.205882 0.176471 0.220588 0.235294 0.0588235 0 0 0 0 0 0 

2272 2259 1602 94 0 0.708278 0 0 0 0 0 0 0 0 0 0 0 0 0 0 0 0 0 0 0.0142857 0.0428571 0.1 0.114286 0.185714 0.257143 0.114286 0.0857143 0.0714286 0 0.0142857 0 0 0 0 

2240 2228 1602 95 0 0.718133 0 0 0 0 0 0 0 0 0 0 0 0 0 0 0 0 0 0 0.0144928 0.0724638 0.0144928 0.101449 0.130435 0.289855 0.217391 0.057971 0.0724638 0.0289855 0 0 0 0 0 

2208 2180 1602 96 0 0.733945 0 0 0 0 0 0 0 0 0 0 0 0 0 0 0 0 0 0 0 0 0.0147059 0.0588235 0.191176 0.308824 0.147059 0.161765 0.0882353 0.0294118 0 0 0 0 0 

2208 2186 1602 95 0 0.73193 0 0 0 0 0 0 0 0 0 0 0 0 0 0 0 0 0 0 0.0147059 0.0294118 0.0147059 0.0588235 0.147059 0.220588 0.220588 0.191176 0.102941 0 0 0 0 0 0 

2208 2200 1603 102 0 0.727273 0 0 0 0 0 0 0 0 0 0 0 0 0 0 0 0 0 0 0 0.0147059 0.0294118 0.132353 0.161765 0.132353 0.367647 0.0735294 0.0735294 0.0147059 0 0 0 0 0 

2240 2218 1603 101 0 0.721371 0 0 0 0 0 0 0 0 0 0 0 0 0 0 0 0 0 0 0.0144928 0.0289855 0.0434783 0.115942 0.0869565 0.289855 0.188406 0.15942 0.0724638 0 0 0 0 0 0 

2272 2252 1603 100 0 0.71048 0 0 0 0 0 0 0 0 0 0 0 0 0 0 0 0 0 0 0.0142857 0.0142857 0.0857143 0.142857 0.185714 0.2 0.185714 0.114286 0.0571429 0 0 0 0 0 0 

