2208 2185 1602 93 0 0.732265 0 0 0 0 0 0 0 0 0 0 0 0 0 0 0 0 0 0 0 0.0147059 0.0441176 0.0735294 0.117647 0.308824 0.147059 0.205882 0.0441176 0.0294118 0.0147059 0 0 0 0 

2208 2186 1602 94 0 0.73193 0 0 0 0 0 0 0 0 0 0 0 0 0 0 0 0 0 0 0 0.0294118 0.0294118 0.0441176 0.161765 0.220588 0.25 0.191176 0.0588235 0.0147059 0 0 0 0 0 

2240 2220 1602 97 0 0.720721 0 0 0 0 0 0 0 0 0 0 0 0 0 0 0 0 0 0 0 0.0144928 0.0434783 0.144928 0.130435 0.217391 0.26087 0.173913 0.0144928 0 0 0 0 0 0 

2208 2191 1602 88 0 0.73026 0 0 0 0 0 0 0 0 0 0 0 0 0 0 0 0 0 0 0.0147059 0 0.0441176 0.0588235 0.161765 0.176471 0.352941 0.102941 0.0882353 0 0 0 0 0 0 

2208 2196 1602 96 0 0.728597 0 0 0 0 0 0 0 0 0 0 0 0 0 0 0 0 0 0 0 0 0.0294118 0.0735294 0.220588 0.205882 0.294118 0.117647 0.0441176 0.0147059 0 0 0 0 0 

2208 2197 1602 92 0 0.728266 0 0 0 0 0 0 0 0 0 0 0 0 0 0 0 0 0 0 0 0 0.0294118 0.147059 0.161765 0.176471 0.220588 0.220588 0.0441176 0 0 0 0 0 0 

2240 2220 1602 87 0 0.720721 0 0 0 0 0 0 0 0 0 0 0 0 0 0 0 0 0 0 0 0 0.0724638 0.115942 0.231884 0.15942 0.173913 0.202899 0.0289855 0.0144928 0 0 0 0 0 

2272 2244 1603 100 0 0.713012 0 0 0 0 0 0 0 0 0 0 0 0 0 0 0 0 0 0 0.0285714 0 0.0714286 0.128571 0.171429 0.214286 0.214286 0.128571 0.0142857 0.0285714 0 0 0 0 0 

2240 2227 1603 105 0 0.718455 0 0 0 0 0 0 0 0 0 0 0 0 0 0 0 0 0 0 0.0144928 0.0434783 0.0724638 0.0869565 0.144928 0.188406 0.231884 0.15942 0.0434783 0.0144928 0 0 0 0 0 

2240 2215 1602 92 0 0.722348 0 0 0 0 0 0 0 0 0 0 0 0 0 0 0 0 0 0 0 0.0434783 0.057971 0.0724638 0.130435 0.231884 0.217391 0.217391 0.0289855 0 0 0 0 0 0 

