2208 2196 1602 84 0 0.728597 0 0 0 0 0 0 0 0 0 0 0 0 0 0 0 0 0 0 0 0 0.0294118 0.117647 0.161765 0.176471 0.338235 0.117647 0.0588235 0 0 0 0 0 0 

2240 2222 1602 85 0 0.720072 0 0 0 0 0 0 0 0 0 0 0 0 0 0 0 0 0 0.0144928 0 0.0144928 0.0289855 0.144928 0.115942 0.26087 0.231884 0.15942 0.0144928 0.0144928 0 0 0 0 0 

2240 2212 1602 96 0 0.723327 0 0 0 0 0 0 0 0 0 0 0 0 0 0 0 0 0 0 0 0.0144928 0.0434783 0.15942 0.15942 0.15942 0.231884 0.144928 0.0434783 0.0434783 0 0 0 0 0 

2208 2189 1602 95 0 0.730927 0 0 0 0 0 0 0 0 0 0 0 0 0 0 0 0 0 0 0.0294118 0.0147059 0.0147059 0.0588235 0.205882 0.220588 0.161765 0.161765 0.0735294 0.0588235 0 0 0 0 0 

2176 2166 1602 90 0 0.738689 0 0 0 0 0 0 0 0 0 0 0 0 0 0 0 0 0 0 0 0 0.0447761 0.0597015 0.104478 0.283582 0.238806 0.164179 0.0447761 0.0597015 0 0 0 0 0 

2176 2156 1602 85 0 0.742115 0 0 0 0 0 0 0 0 0 0 0 0 0 0 0 0 0 0 0 0 0.0149254 0 0.19403 0.238806 0.238806 0.223881 0.0746269 0.0149254 0 0 0 0 0 

2176 2160 1602 92 0 0.740741 0 0 0 0 0 0 0 0 0 0 0 0 0 0 0 0 0 0 0 0 0 0.0895522 0.19403 0.104478 0.313433 0.19403 0.0746269 0.0298507 0 0 0 0 0 

2176 2168 1602 88 0 0.738007 0 0 0 0 0 0 0 0 0 0 0 0 0 0 0 0 0 0 0.0149254 0.0298507 0.0298507 0.0298507 0.134328 0.179104 0.253731 0.208955 0.119403 0 0 0 0 0 0 

2176 2163 1602 85 0 0.739713 0 0 0 0 0 0 0 0 0 0 0 0 0 0 0 0 0 0 0 0 0.0298507 0.0746269 0.0895522 0.223881 0.283582 0.238806 0.0447761 0.0149254 0 0 0 0 0 

2240 2221 1602 96 0 0.720396 0 0 0 0 0 0 0 0 0 0 0 0 0 0 0 0 0 0 0 0.0434783 0.0289855 0.144928 0.202899 0.173913 0.15942 0.15942 0.0434783 0.0434783 0 0 0 0 0 

