2208 2195 1602 87 0 0.728929 0 0 0 0 0 0 0 0 0 0 0 0 0 0 0 0 0.0147059 0 0 0.0147059 0.0294118 0.0882353 0.132353 0.235294 0.235294 0.161765 0.0735294 0.0147059 0 0 0 0 0 

2240 2211 1602 98 0 0.723654 0 0 0 0 0 0 0 0 0 0 0 0 0 0 0 0 0 0 0 0.057971 0.0434783 0.057971 0.144928 0.231884 0.231884 0.144928 0.0724638 0.0144928 0 0 0 0 0 

2208 2199 1603 99 0 0.727603 0 0 0 0 0 0 0 0 0 0 0 0 0 0 0 0 0 0 0.0147059 0.0147059 0.0147059 0.0882353 0.191176 0.205882 0.25 0.132353 0.0882353 0 0 0 0 0 0 

2240 2212 1602 91 0 0.723327 0 0 0 0 0 0 0 0 0 0 0 0 0 0 0 0 0 0 0.0144928 0.0434783 0 0.0869565 0.144928 0.289855 0.202899 0.144928 0.057971 0.0144928 0 0 0 0 0 

2208 2189 1602 96 0 0.730927 0 0 0 0 0 0 0 0 0 0 0 0 0 0 0 0 0 0 0 0.0147059 0.0294118 0.117647 0.117647 0.235294 0.264706 0.0882353 0.102941 0.0294118 0 0 0 0 0 

2272 2243 1602 91 0 0.71333 0 0 0 0 0 0 0 0 0 0 0 0 0 0 0 0 0 0 0.0142857 0.0571429 0.0714286 0.128571 0.0857143 0.228571 0.185714 0.185714 0.0285714 0.0142857 0 0 0 0 0 

2208 2194 1602 98 0 0.729262 0 0 0 0 0 0 0 0 0 0 0 0 0 0 0 0 0 0 0 0.0294118 0.0147059 0.0735294 0.235294 0.147059 0.279412 0.132353 0.0588235 0.0294118 0 0 0 0 0 

2240 2224 1603 102 0 0.719424 0 0 0 0 0 0 0 0 0 0 0 0 0 0 0 0 0 0 0 0.0724638 0.057971 0.0434783 0.15942 0.231884 0.231884 0.144928 0.0434783 0.0144928 0 0 0 0 0 

2208 2183 1602 96 0 0.732936 0 0 0 0 0 0 0 0 0 0 0 0 0 0 0 0 0 0 0 0 0.0441176 0.0882353 0.161765 0.191176 0.235294 0.147059 0.132353 0 0 0 0 0 0 

2208 2193 1603 102 0 0.729594 0 0 0 0 0 0 0 0 0 0 0 0 0 0 0 0 0 0.0147059 0 0 0.0294118 0.0735294 0.147059 0.264706 0.235294 0.147059 0.0882353 0 0 0 0 0 0 

