2208 2201 1600 93 0 0.726942 0 0 0 0 0 0 0 0 0 0 0 0 0 0 0 0 0 0 0.0147059 0.0441176 0.0294118 0.0441176 0.176471 0.235294 0.220588 0.132353 0.102941 0 0 0 0 0 0 

2208 2198 1603 99 0 0.727934 0 0 0 0 0 0 0 0 0 0 0 0 0 0 0 0 0 0 0.0147059 0.0147059 0.0441176 0.0588235 0.132353 0.279412 0.25 0.147059 0.0147059 0.0441176 0 0 0 0 0 

2208 2192 1602 96 0 0.729927 0 0 0 0 0 0 0 0 0 0 0 0 0 0 0 0 0 0 0 0 0.0735294 0.0882353 0.132353 0.205882 0.220588 0.220588 0.0441176 0.0147059 0 0 0 0 0 

2208 2190 1602 91 0 0.730594 0 0 0 0 0 0 0 0 0 0 0 0 0 0 0 0 0 0 0 0.0147059 0.0294118 0.0588235 0.235294 0.117647 0.294118 0.205882 0.0294118 0.0147059 0 0 0 0 0 

2240 2233 1600 94 0 0.716525 0 0 0 0 0 0 0 0 0 0 0 0 0 0 0 0 0 0 0.0144928 0.0289855 0.0434783 0.144928 0.173913 0.246377 0.144928 0.130435 0.057971 0.0144928 0 0 0 0 0 

2240 2216 1602 89 0 0.722022 0 0 0 0 0 0 0 0 0 0 0 0 0 0 0 0 0 0 0 0 0.0724638 0.101449 0.15942 0.246377 0.275362 0.057971 0.057971 0.0289855 0 0 0 0 0 

2176 2165 1602 91 0 0.73903 0 0 0 0 0 0 0 0 0 0 0 0 0 0 0 0 0 0 0 0 0.0298507 0.0895522 0.0895522 0.223881 0.298507 0.164179 0.0895522 0.0149254 0 0 0 0 0 

2208 2194 1602 97 0 0.729262 0 0 0 0 0 0 0 0 0 0 0 0 0 0 0 0 0 0 0 0 0.0441176 0.0588235 0.191176 0.308824 0.191176 0.102941 0.0735294 0.0294118 0 0 0 0 0 

2208 2189 1602 92 0 0.730927 0 0 0 0 0 0 0 0 0 0 0 0 0 0 0 0 0 0 0 0.0147059 0.0441176 0.102941 0.117647 0.191176 0.264706 0.191176 0.0588235 0.0147059 0 0 0 0 0 

2240 2221 1602 87 0 0.720396 0 0 0 0 0 0 0 0 0 0 0 0 0 0 0 0 0 0 0 0.0144928 0.0869565 0.115942 0.173913 0.173913 0.202899 0.15942 0.057971 0.0144928 0 0 0 0 0 

