2208 2196 1602 93 0 0.728597 0 0 0 0 0 0 0 0 0 0 0 0 0 0 0 0 0 0 0 0 0.0441176 0.102941 0.161765 0.220588 0.25 0.161765 0.0441176 0.0147059 0 0 0 0 0 

2240 2221 1603 100 0 0.720396 0 0 0 0 0 0 0 0 0 0 0 0 0 0 0 0 0 0 0.0144928 0.0289855 0.057971 0.0434783 0.173913 0.217391 0.304348 0.115942 0.0434783 0 0 0 0 0 0 

2208 2192 1602 88 0 0.729927 0 0 0 0 0 0 0 0 0 0 0 0 0 0 0 0 0 0 0.0147059 0.0147059 0 0.0588235 0.205882 0.294118 0.161765 0.132353 0.117647 0 0 0 0 0 0 

2208 2180 1602 94 0 0.733945 0 0 0 0 0 0 0 0 0 0 0 0 0 0 0 0 0 0 0 0.0147059 0.0588235 0.102941 0.0882353 0.205882 0.191176 0.176471 0.161765 0 0 0 0 0 0 

2176 2162 1602 90 0 0.740056 0 0 0 0 0 0 0 0 0 0 0 0 0 0 0 0 0 0 0 0 0.0149254 0.0597015 0.0895522 0.268657 0.298507 0.208955 0.0597015 0 0 0 0 0 0 

2240 2213 1602 95 0 0.723 0 0 0 0 0 0 0 0 0 0 0 0 0 0 0 0 0 0 0 0.0144928 0.0434783 0.130435 0.130435 0.26087 0.217391 0.130435 0.0434783 0.0289855 0 0 0 0 0 

2240 2220 1602 88 0 0.720721 0 0 0 0 0 0 0 0 0 0 0 0 0 0 0 0 0 0.0144928 0.0144928 0.0144928 0.0289855 0.057971 0.188406 0.26087 0.26087 0.101449 0.0434783 0.0144928 0 0 0 0 0 

2208 2194 1603 101 0 0.729262 0 0 0 0 0 0 0 0 0 0 0 0 0 0 0 0 0 0 0.0147059 0 0.0147059 0.132353 0.147059 0.25 0.191176 0.117647 0.117647 0.0147059 0 0 0 0 0 

2208 2198 1600 92 0 0.727934 0 0 0 0 0 0 0 0 0 0 0 0 0 0 0 0 0 0.0147059 0 0 0.0294118 0.102941 0.176471 0.25 0.161765 0.176471 0.0735294 0.0147059 0 0 0 0 0 

2240 2219 1602 92 0 0.721045 0 0 0 0 0 0 0 0 0 0 0 0 0 0 0 0 0 0 0.0144928 0.0434783 0.057971 0.0724638 0.130435 0.217391 0.26087 0.144928 0.0289855 0.0289855 0 0 0 0 0 

