2208 2185 1602 97 0 0.732265 0 0 0 0 0 0 0 0 0 0 0 0 0 0 0 0 0 0 0 0 0.0294118 0.117647 0.117647 0.220588 0.279412 0.147059 0.0588235 0.0294118 0 0 0 0 0 

2208 2189 1602 98 0 0.730927 0 0 0 0 0 0 0 0 0 0 0 0 0 0 0 0 0 0 0.0147059 0.0441176 0.0147059 0.0441176 0.161765 0.220588 0.205882 0.191176 0.0882353 0.0147059 0 0 0 0 0 

2240 2220 1602 88 0 0.720721 0 0 0 0 0 0 0 0 0 0 0 0 0 0 0 0 0.0144928 0 0.0144928 0 0.0434783 0.101449 0.0869565 0.318841 0.26087 0.115942 0.0289855 0.0144928 0 0 0 0 0 

2208 2186 1602 98 0 0.73193 0 0 0 0 0 0 0 0 0 0 0 0 0 0 0 0 0 0 0 0 0.0294118 0.0441176 0.235294 0.191176 0.264706 0.161765 0.0588235 0.0147059 0 0 0 0 0 

2208 2196 1602 93 0 0.728597 0 0 0 0 0 0 0 0 0 0 0 0 0 0 0 0 0 0 0 0.0441176 0.0294118 0.0588235 0.161765 0.25 0.205882 0.147059 0.102941 0 0 0 0 0 0 

2208 2191 1602 90 0 0.73026 0 0 0 0 0 0 0 0 0 0 0 0 0 0 0 0 0 0 0 0.0147059 0.0441176 0.0882353 0.132353 0.279412 0.176471 0.176471 0.0588235 0.0147059 0.0147059 0 0 0 0 

2176 2169 1600 90 0 0.737667 0 0 0 0 0 0 0 0 0 0 0 0 0 0 0 0 0 0 0 0.0149254 0.0149254 0.0298507 0.149254 0.223881 0.343284 0.164179 0.0597015 0 0 0 0 0 0 

2208 2197 1602 93 0 0.728266 0 0 0 0 0 0 0 0 0 0 0 0 0 0 0 0 0 0 0 0.0147059 0.0294118 0.132353 0.102941 0.264706 0.220588 0.161765 0.0735294 0 0 0 0 0 0 

2272 2247 1602 93 0 0.712061 0 0 0 0 0 0 0 0 0 0 0 0 0 0 0 0 0 0 0.0428571 0.0142857 0.0285714 0.2 0.114286 0.185714 0.242857 0.1 0.0714286 0 0 0 0 0 0 

2240 2224 1602 98 0 0.719424 0 0 0 0 0 0 0 0 0 0 0 0 0 0 0 0 0 0 0 0.0289855 0.0869565 0.057971 0.144928 0.304348 0.188406 0.144928 0.0289855 0.0144928 0 0 0 0 0 

