2208 2191 1602 95 0 0.73026 0 0 0 0 0 0 0 0 0 0 0 0 0 0 0 0 0 0 0.0147059 0.0147059 0.0441176 0.102941 0.0882353 0.176471 0.279412 0.220588 0.0588235 0 0 0 0 0 0 

2240 2215 1602 98 0 0.722348 0 0 0 0 0 0 0 0 0 0 0 0 0 0 0 0 0 0 0.0434783 0.0289855 0.057971 0.057971 0.0869565 0.217391 0.246377 0.202899 0.057971 0 0 0 0 0 0 

2240 2214 1602 90 0 0.722674 0 0 0 0 0 0 0 0 0 0 0 0 0 0 0 0 0 0 0 0 0.0724638 0.173913 0.115942 0.15942 0.217391 0.202899 0.0434783 0.0144928 0 0 0 0 0 

2208 2193 1602 88 0 0.729594 0 0 0 0 0 0 0 0 0 0 0 0 0 0 0 0 0 0 0 0 0.0294118 0.0882353 0.147059 0.323529 0.205882 0.117647 0.0735294 0.0147059 0 0 0 0 0 

2176 2158 1602 91 0 0.741427 0 0 0 0 0 0 0 0 0 0 0 0 0 0 0 0 0 0 0 0 0.0447761 0.0895522 0.104478 0.179104 0.208955 0.208955 0.164179 0 0 0 0 0 0 

2208 2195 1602 91 0 0.728929 0 0 0 0 0 0 0 0 0 0 0 0 0 0 0 0 0 0 0 0.0294118 0.0441176 0.0882353 0.117647 0.220588 0.279412 0.117647 0.102941 0 0 0 0 0 0 

2240 2217 1602 90 0 0.721696 0 0 0 0 0 0 0 0 0 0 0 0 0 0 0 0 0 0.0144928 0 0.0144928 0.0869565 0.0724638 0.101449 0.26087 0.231884 0.15942 0.0434783 0.0144928 0 0 0 0 0 

2240 2216 1602 94 0 0.722022 0 0 0 0 0 0 0 0 0 0 0 0 0 0 0 0 0 0.0144928 0.0144928 0.0144928 0.0289855 0.144928 0.144928 0.15942 0.202899 0.188406 0.0869565 0 0 0 0 0 0 

2208 2188 1602 96 0 0.731261 0 0 0 0 0 0 0 0 0 0 0 0 0 0 0 0 0 0 0 0.0147059 0 0.132353 0.161765 0.205882 0.220588 0.161765 0.0882353 0.0147059 0 0 0 0 0 

2208 2197 1603 99 0 0.728266 0 0 0 0 0 0 0 0 0 0 0 0 0 0 0 0 0 0 0 0.0294118 0.0441176 0.0882353 0.147059 0.191176 0.279412 0.132353 0.0588235 0.0294118 0 0 0 0 0 

