2208 2185 1603 102 0 0.732265 0 0 0 0 0 0 0 0 0 0 0 0 0 0 0 0 0 0 0 0.0294118 0.0294118 0.117647 0.102941 0.25 0.102941 0.25 0.0882353 0.0294118 0 0 0 0 0 

2208 2199 1600 87 0 0.727603 0 0 0 0 0 0 0 0 0 0 0 0 0 0 0 0 0 0 0 0.0147059 0.0294118 0.0882353 0.205882 0.235294 0.191176 0.147059 0.0882353 0 0 0 0 0 0 

2208 2197 1602 93 0 0.728266 0 0 0 0 0 0 0 0 0 0 0 0 0 0 0 0 0 0 0 0 0.0588235 0.0441176 0.205882 0.176471 0.352941 0.117647 0.0441176 0 0 0 0 0 0 

2208 2182 1602 97 0 0.733272 0 0 0 0 0 0 0 0 0 0 0 0 0 0 0 0 0 0.0147059 0 0 0.0588235 0.0441176 0.147059 0.235294 0.176471 0.191176 0.117647 0.0147059 0 0 0 0 0 

2208 2184 1603 100 0 0.732601 0 0 0 0 0 0 0 0 0 0 0 0 0 0 0 0 0 0 0.0147059 0 0.0147059 0.0588235 0.235294 0.205882 0.161765 0.176471 0.117647 0.0147059 0 0 0 0 0 

2272 2251 1603 103 0 0.710795 0 0 0 0 0 0 0 0 0 0 0 0 0 0 0 0 0 0.0142857 0.0285714 0.0142857 0.0428571 0.142857 0.157143 0.214286 0.242857 0.1 0.0142857 0.0285714 0 0 0 0 0 

2240 2221 1602 94 0 0.720396 0 0 0 0 0 0 0 0 0 0 0 0 0 0 0 0 0 0 0 0 0.0869565 0.0434783 0.15942 0.347826 0.217391 0.115942 0.0289855 0 0 0 0 0 0 

2240 2217 1602 98 0 0.721696 0 0 0 0 0 0 0 0 0 0 0 0 0 0 0 0 0 0 0 0.0434783 0.0289855 0.101449 0.144928 0.217391 0.318841 0.0869565 0.0289855 0.0289855 0 0 0 0 0 

2208 2203 1601 94 0 0.726282 0 0 0 0 0 0 0 0 0 0 0 0 0 0 0 0 0 0 0 0 0.0147059 0.147059 0.191176 0.176471 0.279412 0.161765 0.0294118 0 0 0 0 0 0 

2208 2196 1602 88 0 0.728597 0 0 0 0 0 0 0 0 0 0 0 0 0 0 0 0 0.0147059 0 0 0.0147059 0.0294118 0.0882353 0.147059 0.205882 0.279412 0.147059 0.0294118 0.0441176 0 0 0 0 0 

