2208 2203 1600 91 0 0.726282 0 0 0 0 0 0 0 0 0 0 0 0 0 0 0 0 0 0 0 0.0147059 0.0294118 0.132353 0.176471 0.235294 0.191176 0.147059 0.0441176 0.0147059 0.0147059 0 0 0 0 

2208 2190 1602 94 0 0.730594 0 0 0 0 0 0 0 0 0 0 0 0 0 0 0 0 0 0 0 0.0147059 0.0588235 0.0588235 0.147059 0.25 0.235294 0.117647 0.0882353 0.0294118 0 0 0 0 0 

2240 2213 1602 87 0 0.723 0 0 0 0 0 0 0 0 0 0 0 0 0 0 0 0 0 0.0144928 0 0.0144928 0.0144928 0.0724638 0.173913 0.275362 0.26087 0.130435 0.0434783 0 0 0 0 0 0 

2208 2194 1602 92 0 0.729262 0 0 0 0 0 0 0 0 0 0 0 0 0 0 0 0 0 0 0 0.0147059 0.0294118 0.0588235 0.147059 0.294118 0.264706 0.132353 0.0588235 0 0 0 0 0 0 

2240 2219 1603 104 0 0.721045 0 0 0 0 0 0 0 0 0 0 0 0 0 0 0 0 0 0 0.0144928 0.0289855 0.0289855 0.057971 0.231884 0.231884 0.173913 0.173913 0.057971 0 0 0 0 0 0 

2240 2213 1602 90 0 0.723 0 0 0 0 0 0 0 0 0 0 0 0 0 0 0 0 0 0 0.0144928 0.0289855 0.057971 0.0869565 0.115942 0.188406 0.304348 0.130435 0.057971 0.0144928 0 0 0 0 0 

2176 2166 1602 93 0 0.738689 0 0 0 0 0 0 0 0 0 0 0 0 0 0 0 0 0 0 0 0 0.0298507 0.134328 0.0597015 0.208955 0.238806 0.253731 0.0447761 0.0298507 0 0 0 0 0 

2240 2215 1602 96 0 0.722348 0 0 0 0 0 0 0 0 0 0 0 0 0 0 0 0 0 0.0144928 0 0.0144928 0.0289855 0.0869565 0.144928 0.304348 0.246377 0.0724638 0.0724638 0.0144928 0 0 0 0 0 

2240 2228 1602 98 0 0.718133 0 0 0 0 0 0 0 0 0 0 0 0 0 0 0 0 0.0144928 0.0289855 0 0 0.0289855 0.15942 0.115942 0.246377 0.188406 0.115942 0.101449 0 0 0 0 0 0 

2240 2215 1602 96 0 0.722348 0 0 0 0 0 0 0 0 0 0 0 0 0 0 0 0 0 0 0 0.057971 0.0144928 0.115942 0.115942 0.246377 0.217391 0.173913 0.057971 0 0 0 0 0 0 

