2240 2221 1602 94 0 0.720396 0 0 0 0 0 0 0 0 0 0 0 0 0 0 0 0 0 0 0.0144928 0 0.057971 0.0869565 0.144928 0.304348 0.246377 0.101449 0.0289855 0.0144928 0 0 0 0 0 

2176 2170 1602 91 0 0.737327 0 0 0 0 0 0 0 0 0 0 0 0 0 0 0 0 0 0 0 0.0149254 0.0447761 0.0895522 0.119403 0.238806 0.149254 0.208955 0.0895522 0.0447761 0 0 0 0 0 

2208 2182 1602 94 0 0.733272 0 0 0 0 0 0 0 0 0 0 0 0 0 0 0 0 0 0 0.0147059 0.0147059 0.0147059 0.102941 0.147059 0.147059 0.220588 0.264706 0.0441176 0.0294118 0 0 0 0 0 

2240 2228 1603 101 0 0.718133 0 0 0 0 0 0 0 0 0 0 0 0 0 0 0 0 0 0 0 0.0144928 0.0869565 0.0869565 0.246377 0.15942 0.231884 0.101449 0.0434783 0.0289855 0 0 0 0 0 

2208 2179 1602 98 0 0.734282 0 0 0 0 0 0 0 0 0 0 0 0 0 0 0 0 0 0 0 0.0294118 0.0588235 0.0441176 0.132353 0.205882 0.191176 0.191176 0.132353 0.0147059 0 0 0 0 0 

2240 2216 1602 91 0 0.722022 0 0 0 0 0 0 0 0 0 0 0 0 0 0 0 0 0 0 0 0 0.0724638 0.130435 0.188406 0.173913 0.202899 0.15942 0.0434783 0.0289855 0 0 0 0 0 

2208 2201 1601 94 0 0.726942 0 0 0 0 0 0 0 0 0 0 0 0 0 0 0 0 0 0 0 0 0.0588235 0.102941 0.264706 0.147059 0.161765 0.161765 0.0735294 0.0147059 0.0147059 0 0 0 0 

2208 2196 1602 94 0 0.728597 0 0 0 0 0 0 0 0 0 0 0 0 0 0 0 0 0 0 0 0.0294118 0.0588235 0.0294118 0.191176 0.191176 0.235294 0.220588 0.0441176 0 0 0 0 0 0 

2240 2229 1603 100 0 0.717811 0 0 0 0 0 0 0 0 0 0 0 0 0 0 0 0 0 0 0.0144928 0.0144928 0.0724638 0.15942 0.130435 0.217391 0.188406 0.101449 0.0724638 0.0289855 0 0 0 0 0 

2208 2188 1602 97 0 0.731261 0 0 0 0 0 0 0 0 0 0 0 0 0 0 0 0 0 0.0147059 0 0.0294118 0 0.0588235 0.117647 0.279412 0.25 0.176471 0.0735294 0 0 0 0 0 0 

