2240 2217 1602 95 0 0.721696 0 0 0 0 0 0 0 0 0 0 0 0 0 0 0 0 0 0 0 0.0144928 0.0144928 0.15942 0.217391 0.173913 0.188406 0.173913 0.0434783 0.0144928 0 0 0 0 0 

2208 2183 1602 91 0 0.732936 0 0 0 0 0 0 0 0 0 0 0 0 0 0 0 0 0 0 0 0.0294118 0.0735294 0.0735294 0.102941 0.117647 0.323529 0.161765 0.0735294 0.0441176 0 0 0 0 0 

2240 2216 1603 102 0 0.722022 0 0 0 0 0 0 0 0 0 0 0 0 0 0 0 0 0 0 0.0144928 0 0.0434783 0.101449 0.15942 0.246377 0.231884 0.15942 0.0434783 0 0 0 0 0 0 

2208 2198 1601 86 0 0.727934 0 0 0 0 0 0 0 0 0 0 0 0 0 0 0 0 0 0 0.0294118 0 0.0147059 0.102941 0.176471 0.147059 0.279412 0.220588 0.0294118 0 0 0 0 0 0 

2176 2166 1602 85 0 0.738689 0 0 0 0 0 0 0 0 0 0 0 0 0 0 0 0 0 0 0 0 0.0298507 0.0746269 0.164179 0.179104 0.253731 0.208955 0.0597015 0.0149254 0.0149254 0 0 0 0 

2240 2220 1602 95 0 0.720721 0 0 0 0 0 0 0 0 0 0 0 0 0 0 0 0 0 0 0.0144928 0 0.0289855 0.130435 0.188406 0.231884 0.217391 0.144928 0.0289855 0.0144928 0 0 0 0 0 

2240 2216 1602 94 0 0.722022 0 0 0 0 0 0 0 0 0 0 0 0 0 0 0 0 0 0 0 0 0.0289855 0.115942 0.246377 0.202899 0.217391 0.144928 0.0144928 0.0289855 0 0 0 0 0 

2240 2213 1602 97 0 0.723 0 0 0 0 0 0 0 0 0 0 0 0 0 0 0 0 0 0 0 0.0289855 0.0869565 0.0289855 0.15942 0.26087 0.217391 0.130435 0.0869565 0 0 0 0 0 0 

2240 2216 1602 92 0 0.722022 0 0 0 0 0 0 0 0 0 0 0 0 0 0 0 0 0 0 0 0.0144928 0.0724638 0.0289855 0.26087 0.231884 0.188406 0.101449 0.101449 0 0 0 0 0 0 

2208 2200 1603 101 0 0.727273 0 0 0 0 0 0 0 0 0 0 0 0 0 0 0 0 0 0 0 0.0147059 0.0441176 0.117647 0.205882 0.191176 0.176471 0.102941 0.117647 0.0294118 0 0 0 0 0 

