2208 2196 1602 97 0 0.728597 0 0 0 0 0 0 0 0 0 0 0 0 0 0 0 0 0 0 0.0147059 0.0147059 0.0441176 0.0588235 0.176471 0.147059 0.323529 0.161765 0.0588235 0 0 0 0 0 0 

2240 2232 1601 91 0 0.716846 0 0 0 0 0 0 0 0 0 0 0 0 0 0 0 0 0 0 0.0144928 0.0289855 0.0724638 0.0869565 0.202899 0.246377 0.115942 0.15942 0.0724638 0 0 0 0 0 0 

2240 2223 1603 99 0 0.719748 0 0 0 0 0 0 0 0 0 0 0 0 0 0 0 0 0 0 0 0.0144928 0.057971 0.0869565 0.231884 0.246377 0.15942 0.130435 0.057971 0.0144928 0 0 0 0 0 

2208 2183 1602 87 0 0.732936 0 0 0 0 0 0 0 0 0 0 0 0 0 0 0 0 0 0 0 0.0147059 0.0294118 0.0441176 0.205882 0.176471 0.235294 0.220588 0.0735294 0 0 0 0 0 0 

2240 2228 1602 94 0 0.718133 0 0 0 0 0 0 0 0 0 0 0 0 0 0 0 0 0 0 0 0.0434783 0.0724638 0.130435 0.130435 0.231884 0.15942 0.188406 0 0.0434783 0 0 0 0 0 

2240 2223 1603 101 0 0.719748 0 0 0 0 0 0 0 0 0 0 0 0 0 0 0 0 0 0 0 0.0289855 0.057971 0.0869565 0.217391 0.202899 0.202899 0.115942 0.0869565 0 0 0 0 0 0 

2240 2228 1602 94 0 0.718133 0 0 0 0 0 0 0 0 0 0 0 0 0 0 0 0 0 0 0 0.0289855 0.0289855 0.188406 0.115942 0.202899 0.304348 0.0869565 0.0289855 0.0144928 0 0 0 0 0 

2176 2152 1601 81 0 0.743494 0 0 0 0 0 0 0 0 0 0 0 0 0 0 0 0 0 0 0.0149254 0 0 0.0447761 0.134328 0.179104 0.298507 0.223881 0.0895522 0.0149254 0 0 0 0 0 

2208 2183 1602 96 0 0.732936 0 0 0 0 0 0 0 0 0 0 0 0 0 0 0 0 0 0 0 0 0.0147059 0.102941 0.117647 0.235294 0.294118 0.176471 0.0588235 0 0 0 0 0 0 

2240 2212 1602 90 0 0.723327 0 0 0 0 0 0 0 0 0 0 0 0 0 0 0 0 0 0 0 0 0.0289855 0.101449 0.231884 0.246377 0.188406 0.115942 0.0869565 0 0 0 0 0 0 

