2208 2195 1602 85 0 0.728929 0 0 0 0 0 0 0 0 0 0 0 0 0 0 0 0 0 0 0 0.0147059 0.0294118 0.0735294 0.132353 0.308824 0.279412 0.102941 0.0147059 0.0441176 0 0 0 0 0 

2240 2221 1602 93 0 0.720396 0 0 0 0 0 0 0 0 0 0 0 0 0 0 0 0 0 0 0 0.0434783 0.0434783 0.130435 0.130435 0.26087 0.173913 0.144928 0.0434783 0.0144928 0.0144928 0 0 0 0 

2240 2221 1602 82 0 0.720396 0 0 0 0 0 0 0 0 0 0 0 0 0 0 0 0 0 0 0.0144928 0.0144928 0.0434783 0.144928 0.057971 0.333333 0.188406 0.173913 0.0144928 0.0144928 0 0 0 0 0 

2208 2199 1602 100 0 0.727603 0 0 0 0 0 0 0 0 0 0 0 0 0 0 0 0 0 0 0.0147059 0 0.0294118 0.117647 0.205882 0.161765 0.191176 0.191176 0.0882353 0 0 0 0 0 0 

2240 2223 1602 98 0 0.719748 0 0 0 0 0 0 0 0 0 0 0 0 0 0 0 0 0 0 0 0.0144928 0.057971 0.173913 0.130435 0.144928 0.318841 0.115942 0.0144928 0.0289855 0 0 0 0 0 

2208 2184 1602 91 0 0.732601 0 0 0 0 0 0 0 0 0 0 0 0 0 0 0 0 0 0 0 0.0147059 0.0441176 0.0882353 0.176471 0.161765 0.191176 0.205882 0.0882353 0.0294118 0 0 0 0 0 

2208 2205 1601 88 0 0.725624 0 0 0 0 0 0 0 0 0 0 0 0 0 0 0 0 0 0 0.0147059 0 0.0882353 0.0588235 0.176471 0.25 0.161765 0.147059 0.102941 0 0 0 0 0 0 

2240 2227 1602 94 0 0.718455 0 0 0 0 0 0 0 0 0 0 0 0 0 0 0 0 0 0.0289855 0 0.0289855 0.057971 0.0869565 0.144928 0.246377 0.144928 0.202899 0.057971 0 0 0 0 0 0 

2240 2211 1602 95 0 0.723654 0 0 0 0 0 0 0 0 0 0 0 0 0 0 0 0 0 0 0 0.0144928 0.0434783 0.0724638 0.202899 0.217391 0.26087 0.144928 0.0289855 0 0.0144928 0 0 0 0 

2240 2223 1602 93 0 0.719748 0 0 0 0 0 0 0 0 0 0 0 0 0 0 0 0 0 0 0.0144928 0.0144928 0 0.115942 0.202899 0.217391 0.347826 0.0434783 0.0434783 0 0 0 0 0 0 

