2208 2198 1602 89 0 0.727934 0 0 0 0 0 0 0 0 0 0 0 0 0 0 0 0 0 0 0 0 0.0882353 0.0882353 0.102941 0.294118 0.176471 0.176471 0.0588235 0 0.0147059 0 0 0 0 

2208 2196 1602 91 0 0.728597 0 0 0 0 0 0 0 0 0 0 0 0 0 0 0 0 0 0.0147059 0 0.0147059 0.0294118 0.0735294 0.191176 0.235294 0.205882 0.102941 0.102941 0.0294118 0 0 0 0 0 

2240 2214 1602 94 0 0.722674 0 0 0 0 0 0 0 0 0 0 0 0 0 0 0 0 0 0 0 0 0.057971 0.0869565 0.275362 0.217391 0.101449 0.15942 0.0724638 0.0289855 0 0 0 0 0 

2240 2220 1602 92 0 0.720721 0 0 0 0 0 0 0 0 0 0 0 0 0 0 0 0 0 0.0144928 0 0 0.0869565 0.144928 0.173913 0.144928 0.144928 0.15942 0.130435 0 0 0 0 0 0 

2176 2164 1602 92 0 0.739372 0 0 0 0 0 0 0 0 0 0 0 0 0 0 0 0 0 0 0 0.0298507 0.0149254 0.0149254 0.134328 0.313433 0.238806 0.149254 0.0298507 0.0597015 0.0149254 0 0 0 0 

2240 2224 1616 94 0 0.719424 0 0 0 0 0 0 0 0 0 0 0 0 0 0 0 0 0 0 0.0144928 0 0.0434783 0.057971 0.217391 0.246377 0.202899 0.130435 0.0869565 0 0 0 0 0 0 

2208 2191 1602 94 0 0.73026 0 0 0 0 0 0 0 0 0 0 0 0 0 0 0 0 0 0 0 0 0.0588235 0.0588235 0.205882 0.191176 0.235294 0.161765 0.0735294 0.0147059 0 0 0 0 0 

2208 2183 1602 91 0 0.732936 0 0 0 0 0 0 0 0 0 0 0 0 0 0 0 0 0 0 0.0147059 0.0147059 0.0294118 0.0735294 0.132353 0.205882 0.235294 0.191176 0.0735294 0.0294118 0 0 0 0 0 

2240 2214 1602 91 0 0.722674 0 0 0 0 0 0 0 0 0 0 0 0 0 0 0 0 0 0.0144928 0 0.0144928 0.0434783 0.115942 0.15942 0.15942 0.275362 0.144928 0.057971 0.0144928 0 0 0 0 0 

2240 2211 1602 92 0 0.723654 0 0 0 0 0 0 0 0 0 0 0 0 0 0 0 0 0 0 0 0.0144928 0.0869565 0.0434783 0.202899 0.231884 0.188406 0.144928 0.0434783 0.0434783 0 0 0 0 0 

