2208 2203 1600 90 0 0.726282 0 0 0 0 0 0 0 0 0 0 0 0 0 0 0 0 0 0 0.0147059 0.0147059 0.0441176 0.0441176 0.176471 0.264706 0.279412 0.102941 0.0294118 0.0294118 0 0 0 0 0 

2176 2167 1602 90 0 0.738348 0 0 0 0 0 0 0 0 0 0 0 0 0 0 0 0 0 0 0 0 0.0597015 0.0149254 0.134328 0.283582 0.223881 0.19403 0.0597015 0.0298507 0 0 0 0 0 

2240 2231 1602 89 0 0.717167 0 0 0 0 0 0 0 0 0 0 0 0 0 0 0 0 0 0 0 0 0.0724638 0.173913 0.144928 0.231884 0.202899 0.130435 0.0434783 0 0 0 0 0 0 

2208 2190 1602 94 0 0.730594 0 0 0 0 0 0 0 0 0 0 0 0 0 0 0 0 0 0 0.0147059 0 0.0441176 0.0882353 0.147059 0.205882 0.264706 0.132353 0.0588235 0.0441176 0 0 0 0 0 

2240 2223 1602 98 0 0.719748 0 0 0 0 0 0 0 0 0 0 0 0 0 0 0 0 0 0 0.0144928 0.0144928 0.0144928 0.101449 0.217391 0.246377 0.231884 0.115942 0.0434783 0 0 0 0 0 0 

2208 2187 1602 93 0 0.731596 0 0 0 0 0 0 0 0 0 0 0 0 0 0 0 0 0 0 0 0.0147059 0.0147059 0.132353 0.117647 0.264706 0.147059 0.220588 0.0588235 0.0294118 0 0 0 0 0 

2240 2214 1602 86 0 0.722674 0 0 0 0 0 0 0 0 0 0 0 0 0 0 0 0 0 0 0 0 0.0434783 0.101449 0.173913 0.275362 0.202899 0.173913 0.0289855 0 0 0 0 0 0 

2240 2221 1602 91 0 0.720396 0 0 0 0 0 0 0 0 0 0 0 0 0 0 0 0 0 0 0.0144928 0.057971 0.0289855 0.0869565 0.188406 0.15942 0.231884 0.144928 0.0869565 0 0 0 0 0 0 

2240 2218 1603 101 0 0.721371 0 0 0 0 0 0 0 0 0 0 0 0 0 0 0 0 0 0.0144928 0 0.0144928 0.0434783 0.101449 0.15942 0.231884 0.217391 0.144928 0.0724638 0 0 0 0 0 0 

2240 2219 1603 99 0 0.721045 0 0 0 0 0 0 0 0 0 0 0 0 0 0 0 0 0 0 0 0.0144928 0.0144928 0.115942 0.246377 0.231884 0.231884 0.0434783 0.0724638 0.0289855 0 0 0 0 0 

