2240 2216 1602 98 0 0.722022 0 0 0 0 0 0 0 0 0 0 0 0 0 0 0 0 0 0 0 0.0434783 0.0724638 0.057971 0.130435 0.275362 0.202899 0.144928 0.057971 0 0.0144928 0 0 0 0 

2208 2199 1602 91 0 0.727603 0 0 0 0 0 0 0 0 0 0 0 0 0 0 0 0 0 0 0 0.0147059 0.0588235 0.132353 0.117647 0.176471 0.25 0.176471 0.0588235 0.0147059 0 0 0 0 0 

2208 2198 1602 93 0 0.727934 0 0 0 0 0 0 0 0 0 0 0 0 0 0 0 0 0 0 0.0147059 0 0.0588235 0.0735294 0.117647 0.279412 0.235294 0.161765 0.0441176 0.0147059 0 0 0 0 0 

2272 2245 1603 99 0 0.712695 0 0 0 0 0 0 0 0 0 0 0 0 0 0 0 0 0 0.0142857 0.0142857 0.0428571 0.0571429 0.0714286 0.185714 0.2 0.228571 0.142857 0.0285714 0.0142857 0 0 0 0 0 

2240 2224 1603 103 0 0.719424 0 0 0 0 0 0 0 0 0 0 0 0 0 0 0 0 0 0 0.0144928 0.0289855 0.0289855 0.101449 0.217391 0.246377 0.130435 0.130435 0.101449 0 0 0 0 0 0 

2208 2198 1601 91 0 0.727934 0 0 0 0 0 0 0 0 0 0 0 0 0 0 0 0 0 0 0 0 0.0588235 0.132353 0.147059 0.147059 0.308824 0.117647 0.0735294 0.0147059 0 0 0 0 0 

2240 2221 1603 101 0 0.720396 0 0 0 0 0 0 0 0 0 0 0 0 0 0 0 0 0 0 0 0.0144928 0.0869565 0.0869565 0.202899 0.217391 0.173913 0.115942 0.0724638 0.0289855 0 0 0 0 0 

2208 2199 1602 93 0 0.727603 0 0 0 0 0 0 0 0 0 0 0 0 0 0 0 0 0 0 0.0147059 0.0147059 0.0588235 0.0882353 0.147059 0.220588 0.176471 0.191176 0.0588235 0.0294118 0 0 0 0 0 

2208 2184 1602 89 0 0.732601 0 0 0 0 0 0 0 0 0 0 0 0 0 0 0 0 0 0 0.0147059 0.0294118 0.0147059 0.0735294 0.147059 0.161765 0.235294 0.235294 0.0882353 0 0 0 0 0 0 

2208 2196 1602 98 0 0.728597 0 0 0 0 0 0 0 0 0 0 0 0 0 0 0 0 0 0 0.0147059 0.0294118 0.0294118 0.0294118 0.264706 0.147059 0.205882 0.176471 0.102941 0 0 0 0 0 0 

