2208 2186 1602 96 0 0.73193 0 0 0 0 0 0 0 0 0 0 0 0 0 0 0 0 0 0 0 0.0294118 0.0441176 0.0882353 0.102941 0.147059 0.338235 0.161765 0.0735294 0.0147059 0 0 0 0 0 

2208 2178 1601 81 0 0.734619 0 0 0 0 0 0 0 0 0 0 0 0 0 0 0 0 0 0 0.0147059 0.0147059 0.0441176 0.0588235 0.0882353 0.279412 0.220588 0.117647 0.117647 0.0441176 0 0 0 0 0 

2208 2181 1602 87 0 0.733608 0 0 0 0 0 0 0 0 0 0 0 0 0 0 0 0 0 0 0 0 0.0147059 0.0882353 0.176471 0.147059 0.352941 0.132353 0.0882353 0 0 0 0 0 0 

2208 2198 1602 89 0 0.727934 0 0 0 0 0 0 0 0 0 0 0 0 0 0 0 0 0 0 0 0.0147059 0.0735294 0.0882353 0.147059 0.191176 0.235294 0.176471 0.0441176 0.0294118 0 0 0 0 0 

2208 2179 1602 96 0 0.734282 0 0 0 0 0 0 0 0 0 0 0 0 0 0 0 0 0 0 0 0.0147059 0.0441176 0.0294118 0.205882 0.161765 0.25 0.191176 0.0735294 0.0294118 0 0 0 0 0 

2240 2216 1602 97 0 0.722022 0 0 0 0 0 0 0 0 0 0 0 0 0 0 0 0 0 0.0144928 0.0144928 0.0144928 0.0289855 0.057971 0.217391 0.202899 0.26087 0.115942 0.0434783 0.0289855 0 0 0 0 0 

2240 2214 1603 99 0 0.722674 0 0 0 0 0 0 0 0 0 0 0 0 0 0 0 0 0 0 0 0 0.0724638 0.057971 0.246377 0.217391 0.173913 0.15942 0.057971 0.0144928 0 0 0 0 0 

2208 2193 1602 88 0 0.729594 0 0 0 0 0 0 0 0 0 0 0 0 0 0 0 0 0 0 0 0.0147059 0.0441176 0.117647 0.117647 0.205882 0.264706 0.147059 0.0588235 0.0294118 0 0 0 0 0 

2208 2188 1602 95 0 0.731261 0 0 0 0 0 0 0 0 0 0 0 0 0 0 0 0 0 0 0.0147059 0.0294118 0.0294118 0.0588235 0.117647 0.25 0.191176 0.220588 0.0882353 0 0 0 0 0 0 

2240 2222 1602 91 0 0.720072 0 0 0 0 0 0 0 0 0 0 0 0 0 0 0 0 0.0144928 0 0.0144928 0.0144928 0.0434783 0.0869565 0.130435 0.304348 0.217391 0.0724638 0.0869565 0.0144928 0 0 0 0 0 

