2240 2216 1603 112 0 0.722022 0 0 0 0 0 0 0 0 0 0 0 0 0 0 0 0 0 0 0 0.0144928 0.0434783 0.101449 0.144928 0.333333 0.15942 0.130435 0.057971 0.0144928 0 0 0 0 0 

2240 2221 1602 90 0 0.720396 0 0 0 0 0 0 0 0 0 0 0 0 0 0 0 0 0 0 0 0.0434783 0.057971 0.101449 0.173913 0.202899 0.202899 0.144928 0.0289855 0.0434783 0 0 0 0 0 

2208 2179 1602 97 0 0.734282 0 0 0 0 0 0 0 0 0 0 0 0 0 0 0 0 0 0 0 0 0.0588235 0.0735294 0.132353 0.25 0.205882 0.147059 0.0588235 0.0735294 0 0 0 0 0 

2240 2219 1602 96 0 0.721045 0 0 0 0 0 0 0 0 0 0 0 0 0 0 0 0 0 0 0 0.0289855 0.0724638 0.0724638 0.231884 0.101449 0.289855 0.144928 0.0434783 0.0144928 0 0 0 0 0 

2240 2226 1602 87 0 0.718778 0 0 0 0 0 0 0 0 0 0 0 0 0 0 0 0 0 0 0 0 0.0724638 0.115942 0.15942 0.26087 0.217391 0.173913 0 0 0 0 0 0 0 

2240 2218 1602 98 0 0.721371 0 0 0 0 0 0 0 0 0 0 0 0 0 0 0 0 0 0 0 0 0.115942 0.101449 0.188406 0.101449 0.231884 0.202899 0.057971 0 0 0 0 0 0 

2208 2201 1602 101 0 0.726942 0 0 0 0 0 0 0 0 0 0 0 0 0 0 0 0 0 0 0 0.0441176 0.0147059 0.132353 0.161765 0.147059 0.25 0.176471 0.0588235 0 0.0147059 0 0 0 0 

2240 2221 1602 95 0 0.720396 0 0 0 0 0 0 0 0 0 0 0 0 0 0 0 0 0 0 0 0.0289855 0.0434783 0.115942 0.202899 0.188406 0.246377 0.0869565 0.057971 0.0289855 0 0 0 0 0 

2240 2226 1603 99 0 0.718778 0 0 0 0 0 0 0 0 0 0 0 0 0 0 0 0 0 0 0.0144928 0.0144928 0.057971 0.057971 0.173913 0.362319 0.173913 0.0724638 0.0434783 0.0289855 0 0 0 0 0 

2272 2246 1603 99 0 0.712378 0 0 0 0 0 0 0 0 0 0 0 0 0 0 0 0 0 0 0.0285714 0.0285714 0.0285714 0.0857143 0.257143 0.228571 0.185714 0.1 0.0285714 0.0285714 0 0 0 0 0 

