2240 2219 1602 98 0 0.721045 0 0 0 0 0 0 0 0 0 0 0 0 0 0 0 0 0 0 0 0.0144928 0.101449 0.0724638 0.15942 0.217391 0.217391 0.15942 0.0434783 0.0144928 0 0 0 0 0 

2208 2183 1602 96 0 0.732936 0 0 0 0 0 0 0 0 0 0 0 0 0 0 0 0 0 0 0.0147059 0.0147059 0.0294118 0.0882353 0.102941 0.235294 0.220588 0.191176 0.0588235 0.0441176 0 0 0 0 0 

2240 2213 1603 102 0 0.723 0 0 0 0 0 0 0 0 0 0 0 0 0 0 0 0 0 0 0 0 0.0434783 0.0869565 0.217391 0.26087 0.188406 0.144928 0.0289855 0.0289855 0 0 0 0 0 

2176 2164 1602 95 0 0.739372 0 0 0 0 0 0 0 0 0 0 0 0 0 0 0 0 0 0 0.0149254 0 0 0.0149254 0.238806 0.149254 0.268657 0.268657 0.0298507 0.0149254 0 0 0 0 0 

2272 2248 1602 97 0 0.711744 0 0 0 0 0 0 0 0 0 0 0 0 0 0 0 0 0 0.0142857 0 0.0285714 0.0428571 0.114286 0.228571 0.257143 0.171429 0.0714286 0.0428571 0.0285714 0 0 0 0 0 

2208 2200 1602 91 0 0.727273 0 0 0 0 0 0 0 0 0 0 0 0 0 0 0 0 0 0 0 0 0.0147059 0.147059 0.191176 0.161765 0.25 0.220588 0.0147059 0 0 0 0 0 0 

2240 2212 1602 94 0 0.723327 0 0 0 0 0 0 0 0 0 0 0 0 0 0 0 0 0 0 0 0.0144928 0.0289855 0.115942 0.144928 0.275362 0.202899 0.173913 0.0434783 0 0 0 0 0 0 

2240 2219 1602 91 0 0.721045 0 0 0 0 0 0 0 0 0 0 0 0 0 0 0 0 0 0.0144928 0 0.057971 0.0434783 0.0724638 0.15942 0.202899 0.246377 0.0869565 0.0869565 0.0144928 0.0144928 0 0 0 0 

2240 2211 1602 98 0 0.723654 0 0 0 0 0 0 0 0 0 0 0 0 0 0 0 0 0 0 0 0.0289855 0.057971 0.130435 0.173913 0.115942 0.26087 0.130435 0.0434783 0.0434783 0.0144928 0 0 0 0 

2208 2195 1602 88 0 0.728929 0 0 0 0 0 0 0 0 0 0 0 0 0 0 0 0 0 0 0 0.0294118 0.0294118 0.102941 0.102941 0.235294 0.279412 0.147059 0.0735294 0 0 0 0 0 0 

