2208 2194 1602 82 0 0.729262 0 0 0 0 0 0 0 0 0 0 0 0 0 0 0 0 0 0 0 0.0147059 0.0294118 0.0441176 0.161765 0.264706 0.294118 0.176471 0.0147059 0 0 0 0 0 0 

2208 2197 1602 92 0 0.728266 0 0 0 0 0 0 0 0 0 0 0 0 0 0 0 0 0 0 0 0 0.0441176 0.0882353 0.235294 0.220588 0.132353 0.176471 0.102941 0 0 0 0 0 0 

2208 2195 1602 93 0 0.728929 0 0 0 0 0 0 0 0 0 0 0 0 0 0 0 0 0 0.0147059 0 0 0.0882353 0.102941 0.147059 0.132353 0.235294 0.147059 0.0735294 0.0588235 0 0 0 0 0 

2240 2217 1602 91 0 0.721696 0 0 0 0 0 0 0 0 0 0 0 0 0 0 0 0 0 0 0.0144928 0.0144928 0.0144928 0.115942 0.217391 0.173913 0.289855 0.0869565 0.0434783 0.0289855 0 0 0 0 0 

2208 2200 1602 93 0 0.727273 0 0 0 0 0 0 0 0 0 0 0 0 0 0 0 0 0 0 0 0.0147059 0.0294118 0.147059 0.102941 0.323529 0.147059 0.117647 0.102941 0.0147059 0 0 0 0 0 

2208 2193 1602 98 0 0.729594 0 0 0 0 0 0 0 0 0 0 0 0 0 0 0 0 0 0 0 0.0147059 0.0588235 0.0735294 0.102941 0.235294 0.308824 0.132353 0.0735294 0 0 0 0 0 0 

2240 2225 1602 90 0 0.719101 0 0 0 0 0 0 0 0 0 0 0 0 0 0 0 0 0 0.0144928 0.0144928 0.0434783 0.0289855 0.0869565 0.130435 0.289855 0.188406 0.130435 0.0434783 0.0289855 0 0 0 0 0 

2240 2225 1603 101 0 0.719101 0 0 0 0 0 0 0 0 0 0 0 0 0 0 0 0 0 0.0144928 0.0144928 0.0144928 0.0724638 0.15942 0.0434783 0.173913 0.318841 0.130435 0.0289855 0.0289855 0 0 0 0 0 

2240 2211 1602 84 0 0.723654 0 0 0 0 0 0 0 0 0 0 0 0 0 0 0 0 0 0 0 0.0144928 0.057971 0.101449 0.115942 0.304348 0.173913 0.15942 0.057971 0.0144928 0 0 0 0 0 

2240 2213 1603 100 0 0.723 0 0 0 0 0 0 0 0 0 0 0 0 0 0 0 0 0 0 0.0289855 0.0144928 0.0434783 0.0434783 0.173913 0.304348 0.130435 0.188406 0.0434783 0.0289855 0 0 0 0 0 

