2208 2195 1601 81 0 0.728929 0 0 0 0 0 0 0 0 0 0 0 0 0 0 0 0 0 0 0 0 0.0735294 0.0882353 0.147059 0.205882 0.294118 0.117647 0.0294118 0.0294118 0.0147059 0 0 0 0 

2208 2190 1602 97 0 0.730594 0 0 0 0 0 0 0 0 0 0 0 0 0 0 0 0 0 0 0 0 0.0147059 0.176471 0.147059 0.205882 0.147059 0.191176 0.102941 0.0147059 0 0 0 0 0 

2240 2216 1603 99 0 0.722022 0 0 0 0 0 0 0 0 0 0 0 0 0 0 0 0 0 0 0.0144928 0 0.0434783 0.101449 0.188406 0.188406 0.275362 0.144928 0.0289855 0.0144928 0 0 0 0 0 

2240 2220 1603 101 0 0.720721 0 0 0 0 0 0 0 0 0 0 0 0 0 0 0 0 0 0 0.0144928 0.0289855 0.0434783 0.0869565 0.101449 0.318841 0.231884 0.130435 0.0289855 0 0.0144928 0 0 0 0 

2176 2169 1601 100 0 0.737667 0 0 0 0 0 0 0 0 0 0 0 0 0 0 0 0 0 0 0 0.0447761 0.0149254 0.0447761 0.149254 0.208955 0.253731 0.119403 0.134328 0.0298507 0 0 0 0 0 

2208 2192 1602 98 0 0.729927 0 0 0 0 0 0 0 0 0 0 0 0 0 0 0 0 0 0 0 0 0.0588235 0.102941 0.191176 0.191176 0.161765 0.176471 0.0882353 0.0294118 0 0 0 0 0 

2208 2186 1602 93 0 0.73193 0 0 0 0 0 0 0 0 0 0 0 0 0 0 0 0 0.0147059 0 0 0.0147059 0.0294118 0.0588235 0.147059 0.205882 0.220588 0.235294 0.0588235 0.0147059 0 0 0 0 0 

2240 2214 1603 101 0 0.722674 0 0 0 0 0 0 0 0 0 0 0 0 0 0 0 0 0 0 0 0 0.0869565 0.144928 0.101449 0.275362 0.15942 0.101449 0.0869565 0.0434783 0 0 0 0 0 

2208 2195 1602 90 0 0.728929 0 0 0 0 0 0 0 0 0 0 0 0 0 0 0 0 0 0 0 0.0294118 0.0147059 0.102941 0.0882353 0.294118 0.264706 0.161765 0.0294118 0.0147059 0 0 0 0 0 

2240 2218 1602 91 0 0.721371 0 0 0 0 0 0 0 0 0 0 0 0 0 0 0 0 0 0 0 0.0434783 0.057971 0.0869565 0.188406 0.202899 0.173913 0.144928 0.0869565 0.0144928 0 0 0 0 0 

