2176 2162 1602 84 0 0.740056 0 0 0 0 0 0 0 0 0 0 0 0 0 0 0 0 0 0 0 0 0.0447761 0.0597015 0.0597015 0.268657 0.268657 0.223881 0.0597015 0.0149254 0 0 0 0 0 

2208 2202 1600 85 0 0.726612 0 0 0 0 0 0 0 0 0 0 0 0 0 0 0 0 0.0147059 0 0 0 0.0588235 0.0588235 0.161765 0.264706 0.205882 0.176471 0.0588235 0 0 0 0 0 0 

2240 2211 1602 89 0 0.723654 0 0 0 0 0 0 0 0 0 0 0 0 0 0 0 0 0 0 0 0.0289855 0.0434783 0.0434783 0.231884 0.173913 0.289855 0.115942 0.0724638 0 0 0 0 0 0 

2208 2185 1602 90 0 0.732265 0 0 0 0 0 0 0 0 0 0 0 0 0 0 0 0 0 0 0 0.0294118 0.0147059 0.0294118 0.176471 0.294118 0.191176 0.161765 0.102941 0 0 0 0 0 0 

2240 2211 1602 96 0 0.723654 0 0 0 0 0 0 0 0 0 0 0 0 0 0 0 0 0 0 0 0 0.0434783 0.15942 0.173913 0.202899 0.144928 0.202899 0.0434783 0.0289855 0 0 0 0 0 

2240 2211 1602 91 0 0.723654 0 0 0 0 0 0 0 0 0 0 0 0 0 0 0 0 0 0 0 0 0.0434783 0.0724638 0.217391 0.275362 0.144928 0.217391 0.0289855 0 0 0 0 0 0 

2240 2213 1603 101 0 0.723 0 0 0 0 0 0 0 0 0 0 0 0 0 0 0 0 0 0 0.0144928 0 0.0289855 0.0869565 0.202899 0.231884 0.246377 0.130435 0.0434783 0.0144928 0 0 0 0 0 

2176 2162 1603 103 0 0.740056 0 0 0 0 0 0 0 0 0 0 0 0 0 0 0 0 0 0 0.0149254 0 0.0149254 0.104478 0.119403 0.19403 0.164179 0.238806 0.134328 0.0149254 0 0 0 0 0 

2176 2166 1602 89 0 0.738689 0 0 0 0 0 0 0 0 0 0 0 0 0 0 0 0 0 0 0 0 0.0149254 0.0746269 0.179104 0.238806 0.208955 0.134328 0.134328 0 0.0149254 0 0 0 0 

2208 2196 1602 89 0 0.728597 0 0 0 0 0 0 0 0 0 0 0 0 0 0 0 0 0 0 0.0147059 0.0294118 0.0294118 0.0588235 0.147059 0.279412 0.191176 0.147059 0.0882353 0.0147059 0 0 0 0 0 

