2240 2218 1602 95 0 0.721371 0 0 0 0 0 0 0 0 0 0 0 0 0 0 0 0 0 0 0 0.057971 0.0434783 0.115942 0.144928 0.217391 0.144928 0.188406 0.057971 0.0289855 0 0 0 0 0 

2240 2212 1602 92 0 0.723327 0 0 0 0 0 0 0 0 0 0 0 0 0 0 0 0 0 0 0 0 0.0724638 0.101449 0.130435 0.275362 0.217391 0.144928 0.0434783 0 0.0144928 0 0 0 0 

2240 2227 1602 96 0 0.718455 0 0 0 0 0 0 0 0 0 0 0 0 0 0 0 0 0 0 0 0.0289855 0.0434783 0.0724638 0.188406 0.391304 0.130435 0.057971 0.0724638 0.0144928 0 0 0 0 0 

2208 2188 1602 90 0 0.731261 0 0 0 0 0 0 0 0 0 0 0 0 0 0 0 0 0 0 0.0294118 0.0147059 0.0294118 0.0735294 0.117647 0.176471 0.279412 0.205882 0.0441176 0.0294118 0 0 0 0 0 

2208 2190 1602 98 0 0.730594 0 0 0 0 0 0 0 0 0 0 0 0 0 0 0 0 0 0 0 0.0147059 0.0441176 0.0441176 0.176471 0.235294 0.264706 0.161765 0.0294118 0.0147059 0.0147059 0 0 0 0 

2176 2166 1603 103 0 0.738689 0 0 0 0 0 0 0 0 0 0 0 0 0 0 0 0 0 0 0.0149254 0 0.0298507 0.0746269 0.134328 0.179104 0.179104 0.313433 0.0597015 0.0149254 0 0 0 0 0 

2208 2193 1602 93 0 0.729594 0 0 0 0 0 0 0 0 0 0 0 0 0 0 0 0 0 0 0 0.0147059 0.0294118 0.0735294 0.147059 0.264706 0.205882 0.25 0.0147059 0 0 0 0 0 0 

2240 2212 1603 100 0 0.723327 0 0 0 0 0 0 0 0 0 0 0 0 0 0 0 0 0 0 0.0289855 0 0.0289855 0.0724638 0.188406 0.26087 0.231884 0.101449 0.057971 0.0144928 0.0144928 0 0 0 0 

2240 2217 1602 97 0 0.721696 0 0 0 0 0 0 0 0 0 0 0 0 0 0 0 0 0 0 0 0 0.057971 0.144928 0.173913 0.217391 0.188406 0.130435 0.0724638 0.0144928 0 0 0 0 0 

2240 2225 1602 98 0 0.719101 0 0 0 0 0 0 0 0 0 0 0 0 0 0 0 0 0 0 0.0434783 0.0144928 0.057971 0.101449 0.0869565 0.289855 0.173913 0.15942 0.0724638 0 0 0 0 0 0 

