2176 2165 1602 92 0 0.73903 0 0 0 0 0 0 0 0 0 0 0 0 0 0 0 0 0 0 0 0.0149254 0.0298507 0.0447761 0.164179 0.223881 0.208955 0.179104 0.119403 0 0.0149254 0 0 0 0 

2240 2216 1602 95 0 0.722022 0 0 0 0 0 0 0 0 0 0 0 0 0 0 0 0 0 0 0.0144928 0.0289855 0.0434783 0.115942 0.15942 0.188406 0.173913 0.188406 0.0869565 0 0 0 0 0 0 

2208 2192 1602 92 0 0.729927 0 0 0 0 0 0 0 0 0 0 0 0 0 0 0 0 0 0.0147059 0 0 0.0735294 0.0735294 0.117647 0.264706 0.191176 0.117647 0.117647 0.0294118 0 0 0 0 0 

2208 2182 1602 91 0 0.733272 0 0 0 0 0 0 0 0 0 0 0 0 0 0 0 0 0 0 0 0.0147059 0.0294118 0.0294118 0.161765 0.235294 0.279412 0.191176 0.0588235 0 0 0 0 0 0 

2240 2214 1602 95 0 0.722674 0 0 0 0 0 0 0 0 0 0 0 0 0 0 0 0 0 0 0.0289855 0.0144928 0.0434783 0.057971 0.217391 0.217391 0.202899 0.101449 0.0869565 0.0144928 0.0144928 0 0 0 0 

2240 2225 1603 100 0 0.719101 0 0 0 0 0 0 0 0 0 0 0 0 0 0 0 0 0 0.0144928 0.0144928 0.0434783 0.0289855 0.0869565 0.188406 0.202899 0.15942 0.188406 0.057971 0.0144928 0 0 0 0 0 

2208 2184 1602 93 0 0.732601 0 0 0 0 0 0 0 0 0 0 0 0 0 0 0 0 0 0 0 0 0.0147059 0.0882353 0.176471 0.220588 0.220588 0.220588 0.0588235 0 0 0 0 0 0 

2240 2219 1602 98 0 0.721045 0 0 0 0 0 0 0 0 0 0 0 0 0 0 0 0 0 0 0.0144928 0.0144928 0.057971 0.0869565 0.173913 0.202899 0.246377 0.144928 0.057971 0 0 0 0 0 0 

2240 2227 1602 93 0 0.718455 0 0 0 0 0 0 0 0 0 0 0 0 0 0 0 0 0 0 0.0289855 0.057971 0.0289855 0.101449 0.144928 0.217391 0.173913 0.173913 0.057971 0.0144928 0 0 0 0 0 

2240 2217 1602 92 0 0.721696 0 0 0 0 0 0 0 0 0 0 0 0 0 0 0 0 0 0 0 0.0434783 0.0144928 0.101449 0.173913 0.26087 0.202899 0.130435 0.0724638 0 0 0 0 0 0 

