2240 2213 1602 98 0 0.723 0 0 0 0 0 0 0 0 0 0 0 0 0 0 0 0 0 0.0144928 0 0 0.0434783 0.173913 0.15942 0.144928 0.202899 0.144928 0.0869565 0.0289855 0 0 0 0 0 

2240 2215 1602 86 0 0.722348 0 0 0 0 0 0 0 0 0 0 0 0 0 0 0 0 0 0 0.0144928 0.0289855 0.0434783 0.057971 0.246377 0.202899 0.15942 0.130435 0.0869565 0.0289855 0 0 0 0 0 

2208 2195 1603 101 0 0.728929 0 0 0 0 0 0 0 0 0 0 0 0 0 0 0 0 0 0 0 0.0441176 0.0294118 0.0882353 0.132353 0.176471 0.264706 0.205882 0.0441176 0.0147059 0 0 0 0 0 

2208 2180 1602 95 0 0.733945 0 0 0 0 0 0 0 0 0 0 0 0 0 0 0 0 0.0147059 0 0 0 0.0147059 0.0588235 0.0882353 0.338235 0.25 0.117647 0.102941 0.0147059 0 0 0 0 0 

2208 2190 1602 87 0 0.730594 0 0 0 0 0 0 0 0 0 0 0 0 0 0 0 0 0 0.0294118 0 0 0.0147059 0.0588235 0.147059 0.191176 0.367647 0.117647 0.0588235 0.0147059 0 0 0 0 0 

2208 2187 1602 94 0 0.731596 0 0 0 0 0 0 0 0 0 0 0 0 0 0 0 0 0 0 0 0 0.0294118 0.132353 0.161765 0.176471 0.220588 0.161765 0.102941 0.0147059 0 0 0 0 0 

2240 2221 1602 92 0 0.720396 0 0 0 0 0 0 0 0 0 0 0 0 0 0 0 0 0 0.0144928 0.0144928 0.0144928 0.0434783 0.0724638 0.173913 0.246377 0.231884 0.130435 0.0289855 0.0289855 0 0 0 0 0 

2208 2186 1602 89 0 0.73193 0 0 0 0 0 0 0 0 0 0 0 0 0 0 0 0 0 0 0 0 0.0147059 0.117647 0.102941 0.235294 0.338235 0.117647 0.0735294 0 0 0 0 0 0 

2208 2187 1602 94 0 0.731596 0 0 0 0 0 0 0 0 0 0 0 0 0 0 0 0 0 0 0 0.0147059 0.0294118 0.117647 0.147059 0.161765 0.220588 0.235294 0.0588235 0.0147059 0 0 0 0 0 

2208 2190 1602 88 0 0.730594 0 0 0 0 0 0 0 0 0 0 0 0 0 0 0 0 0 0 0 0 0.0147059 0.117647 0.176471 0.235294 0.205882 0.176471 0.0441176 0.0294118 0 0 0 0 0 

