2208 2192 1602 93 0 0.729927 0 0 0 0 0 0 0 0 0 0 0 0 0 0 0 0 0 0 0 0.0147059 0 0.132353 0.147059 0.205882 0.264706 0.176471 0.0588235 0 0 0 0 0 0 

2240 2228 1602 96 0 0.718133 0 0 0 0 0 0 0 0 0 0 0 0 0 0 0 0 0 0 0.0144928 0.0144928 0.0869565 0.0724638 0.15942 0.217391 0.26087 0.15942 0.0144928 0 0 0 0 0 0 

2176 2170 1601 98 0 0.737327 0 0 0 0 0 0 0 0 0 0 0 0 0 0 0 0 0 0 0 0.0149254 0.0447761 0.0298507 0.19403 0.19403 0.208955 0.19403 0.104478 0.0149254 0 0 0 0 0 

2208 2199 1601 88 0 0.727603 0 0 0 0 0 0 0 0 0 0 0 0 0 0 0 0 0 0 0 0.0147059 0.0147059 0.117647 0.205882 0.191176 0.220588 0.176471 0.0441176 0.0147059 0 0 0 0 0 

2240 2227 1602 95 0 0.718455 0 0 0 0 0 0 0 0 0 0 0 0 0 0 0 0 0 0.0144928 0 0.0144928 0.057971 0.101449 0.231884 0.144928 0.246377 0.130435 0.0434783 0.0144928 0 0 0 0 0 

2240 2221 1602 93 0 0.720396 0 0 0 0 0 0 0 0 0 0 0 0 0 0 0 0 0 0 0 0.0434783 0.057971 0.115942 0.173913 0.173913 0.202899 0.115942 0.115942 0 0 0 0 0 0 

2208 2199 1602 91 0 0.727603 0 0 0 0 0 0 0 0 0 0 0 0 0 0 0 0 0 0 0 0.0147059 0.0294118 0.0882353 0.25 0.147059 0.191176 0.235294 0.0441176 0 0 0 0 0 0 

2208 2201 1600 82 0 0.726942 0 0 0 0 0 0 0 0 0 0 0 0 0 0 0 0 0 0 0.0147059 0 0.0882353 0.0588235 0.205882 0.176471 0.147059 0.220588 0.0882353 0 0 0 0 0 0 

2208 2202 1600 94 0 0.726612 0 0 0 0 0 0 0 0 0 0 0 0 0 0 0 0 0 0 0.0294118 0.0147059 0.0294118 0.0588235 0.132353 0.264706 0.279412 0.132353 0.0588235 0 0 0 0 0 0 

2240 2229 1602 98 0 0.717811 0 0 0 0 0 0 0 0 0 0 0 0 0 0 0 0 0 0 0.0144928 0.0144928 0.0434783 0.0869565 0.231884 0.26087 0.173913 0.130435 0.0289855 0.0144928 0 0 0 0 0 

