2240 2217 1602 92 0 0.721696 0 0 0 0 0 0 0 0 0 0 0 0 0 0 0 0 0 0 0 0.0144928 0.0434783 0.144928 0.115942 0.26087 0.231884 0.115942 0.0724638 0 0 0 0 0 0 

2208 2200 1602 87 0 0.727273 0 0 0 0 0 0 0 0 0 0 0 0 0 0 0 0 0 0 0.0147059 0.0147059 0.0588235 0.0294118 0.176471 0.279412 0.176471 0.176471 0.0735294 0 0 0 0 0 0 

2176 2161 1602 88 0 0.740398 0 0 0 0 0 0 0 0 0 0 0 0 0 0 0 0 0 0 0 0 0.0149254 0.0149254 0.149254 0.298507 0.238806 0.223881 0.0447761 0.0149254 0 0 0 0 0 

2208 2204 1600 104 0 0.725953 0 0 0 0 0 0 0 0 0 0 0 0 0 0 0 0 0 0 0.0294118 0 0.0588235 0.117647 0.176471 0.161765 0.191176 0.147059 0.0735294 0.0294118 0.0147059 0 0 0 0 

2208 2194 1602 83 0 0.729262 0 0 0 0 0 0 0 0 0 0 0 0 0 0 0 0 0.0147059 0 0 0.0441176 0 0.0441176 0.117647 0.294118 0.264706 0.161765 0.0441176 0.0147059 0 0 0 0 0 

2208 2202 1600 94 0 0.726612 0 0 0 0 0 0 0 0 0 0 0 0 0 0 0 0 0 0.0147059 0 0.0147059 0.0441176 0.0294118 0.176471 0.308824 0.176471 0.191176 0.0441176 0 0 0 0 0 0 

2208 2199 1602 96 0 0.727603 0 0 0 0 0 0 0 0 0 0 0 0 0 0 0 0 0 0 0 0.0294118 0.0294118 0.117647 0.102941 0.264706 0.235294 0.161765 0.0294118 0.0294118 0 0 0 0 0 

2208 2191 1603 106 0 0.73026 0 0 0 0 0 0 0 0 0 0 0 0 0 0 0 0 0 0 0 0.0147059 0.0294118 0.132353 0.132353 0.191176 0.235294 0.147059 0.102941 0.0147059 0 0 0 0 0 

2208 2179 1602 98 0 0.734282 0 0 0 0 0 0 0 0 0 0 0 0 0 0 0 0 0 0 0 0.0147059 0.0294118 0.0588235 0.147059 0.25 0.220588 0.176471 0.0588235 0.0441176 0 0 0 0 0 

2240 2213 1602 95 0 0.723 0 0 0 0 0 0 0 0 0 0 0 0 0 0 0 0 0 0 0 0.0144928 0.0724638 0.115942 0.130435 0.217391 0.217391 0.144928 0.0724638 0.0144928 0 0 0 0 0 

