2176 2168 1603 100 0 0.738007 0 0 0 0 0 0 0 0 0 0 0 0 0 0 0 0 0 0 0 0 0.0298507 0.0746269 0.0895522 0.298507 0.223881 0.223881 0.0149254 0.0447761 0 0 0 0 0 

2240 2219 1602 90 0 0.721045 0 0 0 0 0 0 0 0 0 0 0 0 0 0 0 0 0 0 0 0 0.0289855 0.231884 0.101449 0.231884 0.173913 0.15942 0.0724638 0 0 0 0 0 0 

2208 2189 1603 102 0 0.730927 0 0 0 0 0 0 0 0 0 0 0 0 0 0 0 0 0 0 0.0147059 0 0.0294118 0.0735294 0.132353 0.25 0.264706 0.161765 0.0588235 0.0147059 0 0 0 0 0 

2208 2193 1602 86 0 0.729594 0 0 0 0 0 0 0 0 0 0 0 0 0 0 0 0 0 0 0 0.0294118 0.0147059 0.0588235 0.220588 0.25 0.220588 0.0588235 0.132353 0 0.0147059 0 0 0 0 

2208 2195 1602 93 0 0.728929 0 0 0 0 0 0 0 0 0 0 0 0 0 0 0 0 0 0 0.0147059 0.0294118 0.0294118 0.0588235 0.176471 0.176471 0.264706 0.176471 0.0588235 0.0147059 0 0 0 0 0 

2240 2219 1602 96 0 0.721045 0 0 0 0 0 0 0 0 0 0 0 0 0 0 0 0 0 0 0 0.0289855 0.101449 0.0869565 0.115942 0.217391 0.26087 0.101449 0.0434783 0.0434783 0 0 0 0 0 

2208 2193 1602 89 0 0.729594 0 0 0 0 0 0 0 0 0 0 0 0 0 0 0 0 0 0 0 0.0147059 0.0294118 0.0588235 0.147059 0.308824 0.220588 0.161765 0.0588235 0 0 0 0 0 0 

2208 2185 1602 95 0 0.732265 0 0 0 0 0 0 0 0 0 0 0 0 0 0 0 0 0 0 0 0 0.0588235 0.102941 0.117647 0.25 0.176471 0.176471 0.0735294 0.0441176 0 0 0 0 0 

2208 2183 1603 99 0 0.732936 0 0 0 0 0 0 0 0 0 0 0 0 0 0 0 0 0 0 0 0.0147059 0.0588235 0.0441176 0.161765 0.176471 0.279412 0.161765 0.0588235 0.0441176 0 0 0 0 0 

2208 2187 1602 91 0 0.731596 0 0 0 0 0 0 0 0 0 0 0 0 0 0 0 0 0 0 0 0.0147059 0.0294118 0.0294118 0.147059 0.308824 0.25 0.191176 0 0.0294118 0 0 0 0 0 

