2240 2221 1602 96 0 0.720396 0 0 0 0 0 0 0 0 0 0 0 0 0 0 0 0 0.0289855 0.0144928 0 0.0289855 0.0144928 0.101449 0.144928 0.202899 0.188406 0.188406 0.0869565 0 0 0 0 0 0 

2208 2187 1602 90 0 0.731596 0 0 0 0 0 0 0 0 0 0 0 0 0 0 0 0 0 0.0147059 0 0 0.0294118 0.0588235 0.235294 0.161765 0.220588 0.132353 0.147059 0 0 0 0 0 0 

2240 2223 1602 96 0 0.719748 0 0 0 0 0 0 0 0 0 0 0 0 0 0 0 0 0 0 0 0.0289855 0.0434783 0.15942 0.115942 0.289855 0.144928 0.130435 0.0724638 0.0144928 0 0 0 0 0 

2208 2190 1603 102 0 0.730594 0 0 0 0 0 0 0 0 0 0 0 0 0 0 0 0 0 0 0 0.0147059 0.0735294 0.0735294 0.176471 0.161765 0.176471 0.191176 0.117647 0.0147059 0 0 0 0 0 

2208 2197 1602 86 0 0.728266 0 0 0 0 0 0 0 0 0 0 0 0 0 0 0 0 0.0147059 0 0 0.0294118 0.0588235 0.0735294 0.0882353 0.25 0.220588 0.147059 0.102941 0.0147059 0 0 0 0 0 

2240 2222 1602 95 0 0.720072 0 0 0 0 0 0 0 0 0 0 0 0 0 0 0 0 0 0 0.0144928 0.0289855 0.0434783 0.057971 0.15942 0.318841 0.202899 0.130435 0.0289855 0.0144928 0 0 0 0 0 

2208 2199 1602 92 0 0.727603 0 0 0 0 0 0 0 0 0 0 0 0 0 0 0 0 0 0 0.0147059 0.0147059 0.0588235 0.0588235 0.161765 0.205882 0.25 0.147059 0.0882353 0 0 0 0 0 0 

2208 2187 1602 85 0 0.731596 0 0 0 0 0 0 0 0 0 0 0 0 0 0 0 0 0 0 0 0.0294118 0.0441176 0.102941 0.117647 0.161765 0.25 0.176471 0.102941 0.0147059 0 0 0 0 0 

2208 2202 1601 103 0 0.726612 0 0 0 0 0 0 0 0 0 0 0 0 0 0 0 0 0 0 0 0.0441176 0.0294118 0.0441176 0.191176 0.264706 0.191176 0.161765 0.0735294 0 0 0 0 0 0 

2208 2198 1602 95 0 0.727934 0 0 0 0 0 0 0 0 0 0 0 0 0 0 0 0 0 0 0 0.0588235 0.0441176 0.0882353 0.0735294 0.25 0.176471 0.25 0.0588235 0 0 0 0 0 0 

