2208 2190 1602 93 0 0.730594 0 0 0 0 0 0 0 0 0 0 0 0 0 0 0 0 0 0 0.0147059 0 0.0294118 0.0882353 0.0882353 0.264706 0.323529 0.117647 0.0735294 0 0 0 0 0 0 

2208 2198 1602 90 0 0.727934 0 0 0 0 0 0 0 0 0 0 0 0 0 0 0 0 0 0 0 0.0147059 0.0147059 0.102941 0.147059 0.279412 0.205882 0.220588 0.0147059 0 0 0 0 0 0 

2240 2217 1603 103 0 0.721696 0 0 0 0 0 0 0 0 0 0 0 0 0 0 0 0 0 0 0.0144928 0.0144928 0.0434783 0.057971 0.188406 0.289855 0.173913 0.15942 0.057971 0 0 0 0 0 0 

2208 2194 1603 103 0 0.729262 0 0 0 0 0 0 0 0 0 0 0 0 0 0 0 0 0 0 0.0147059 0.0147059 0.0294118 0.0147059 0.220588 0.308824 0.117647 0.176471 0.102941 0 0 0 0 0 0 

2176 2164 1602 97 0 0.739372 0 0 0 0 0 0 0 0 0 0 0 0 0 0 0 0 0 0 0 0 0.0447761 0.0895522 0.149254 0.149254 0.223881 0.19403 0.134328 0.0149254 0 0 0 0 0 

2240 2212 1602 89 0 0.723327 0 0 0 0 0 0 0 0 0 0 0 0 0 0 0 0 0 0.0144928 0 0 0.0289855 0.130435 0.115942 0.275362 0.26087 0.115942 0.0289855 0.0144928 0.0144928 0 0 0 0 

2176 2157 1602 86 0 0.741771 0 0 0 0 0 0 0 0 0 0 0 0 0 0 0 0 0 0 0 0 0.0298507 0.0597015 0.0447761 0.298507 0.283582 0.19403 0.0597015 0.0298507 0 0 0 0 0 

2176 2155 1602 85 0 0.742459 0 0 0 0 0 0 0 0 0 0 0 0 0 0 0 0 0 0 0 0 0.0149254 0.0895522 0.119403 0.179104 0.268657 0.208955 0.0746269 0.0447761 0 0 0 0 0 

2208 2181 1602 96 0 0.733608 0 0 0 0 0 0 0 0 0 0 0 0 0 0 0 0 0 0 0 0 0.0294118 0.0735294 0.102941 0.352941 0.161765 0.176471 0.102941 0 0 0 0 0 0 

2208 2184 1603 101 0 0.732601 0 0 0 0 0 0 0 0 0 0 0 0 0 0 0 0 0 0 0 0.0294118 0.0294118 0.0588235 0.147059 0.220588 0.264706 0.132353 0.0735294 0.0441176 0 0 0 0 0 

