2208 2198 1602 96 0 0.727934 0 0 0 0 0 0 0 0 0 0 0 0 0 0 0 0 0 0 0.0147059 0 0.0294118 0.117647 0.191176 0.176471 0.25 0.117647 0.0735294 0.0294118 0 0 0 0 0 

2240 2214 1602 98 0 0.722674 0 0 0 0 0 0 0 0 0 0 0 0 0 0 0 0 0 0 0 0.0434783 0.057971 0.0434783 0.202899 0.217391 0.217391 0.144928 0.057971 0 0 0.0144928 0 0 0 

2240 2213 1603 107 0 0.723 0 0 0 0 0 0 0 0 0 0 0 0 0 0 0 0 0.0144928 0.0144928 0 0 0.0434783 0.101449 0.15942 0.217391 0.188406 0.144928 0.101449 0.0144928 0 0 0 0 0 

2208 2191 1602 98 0 0.73026 0 0 0 0 0 0 0 0 0 0 0 0 0 0 0 0 0 0 0.0294118 0 0.0294118 0.132353 0.0882353 0.176471 0.25 0.220588 0.0588235 0.0147059 0 0 0 0 0 

2208 2198 1603 103 0 0.727934 0 0 0 0 0 0 0 0 0 0 0 0 0 0 0 0 0 0 0.0147059 0.0147059 0.0441176 0.102941 0.132353 0.191176 0.264706 0.147059 0.0588235 0.0294118 0 0 0 0 0 

2176 2162 1602 89 0 0.740056 0 0 0 0 0 0 0 0 0 0 0 0 0 0 0 0 0 0 0 0.0298507 0.0149254 0.0597015 0.134328 0.19403 0.253731 0.179104 0.0895522 0.0447761 0 0 0 0 0 

2208 2191 1602 92 0 0.73026 0 0 0 0 0 0 0 0 0 0 0 0 0 0 0 0 0 0 0 0.0441176 0.0147059 0.0735294 0.147059 0.235294 0.25 0.161765 0.0294118 0.0294118 0.0147059 0 0 0 0 

2208 2196 1602 93 0 0.728597 0 0 0 0 0 0 0 0 0 0 0 0 0 0 0 0 0 0 0 0.0147059 0.0441176 0.0882353 0.176471 0.176471 0.279412 0.147059 0.0588235 0.0147059 0 0 0 0 0 

2208 2192 1603 99 0 0.729927 0 0 0 0 0 0 0 0 0 0 0 0 0 0 0 0 0 0.0147059 0 0 0.0294118 0.0294118 0.161765 0.338235 0.205882 0.147059 0.0588235 0.0147059 0 0 0 0 0 

2240 2214 1603 105 0 0.722674 0 0 0 0 0 0 0 0 0 0 0 0 0 0 0 0 0 0 0.0144928 0.0289855 0.057971 0.0724638 0.188406 0.15942 0.246377 0.115942 0.101449 0.0144928 0 0 0 0 0 

