2240 2224 1602 94 0 0.719424 0 0 0 0 0 0 0 0 0 0 0 0 0 0 0 0 0 0 0.0289855 0 0.0869565 0.0434783 0.188406 0.188406 0.304348 0.115942 0.0434783 0 0 0 0 0 0 

2240 2222 1602 95 0 0.720072 0 0 0 0 0 0 0 0 0 0 0 0 0 0 0 0 0 0 0 0.057971 0.0434783 0.057971 0.144928 0.318841 0.217391 0.0724638 0.0724638 0.0144928 0 0 0 0 0 

2176 2167 1602 86 0 0.738348 0 0 0 0 0 0 0 0 0 0 0 0 0 0 0 0 0 0 0 0 0.0298507 0.0746269 0.0895522 0.328358 0.119403 0.298507 0.0597015 0 0 0 0 0 0 

2208 2198 1600 96 0 0.727934 0 0 0 0 0 0 0 0 0 0 0 0 0 0 0 0 0 0 0 0.0441176 0.0294118 0.0882353 0.117647 0.308824 0.161765 0.147059 0.0882353 0 0.0147059 0 0 0 0 

2208 2199 1602 86 0 0.727603 0 0 0 0 0 0 0 0 0 0 0 0 0 0 0 0 0 0 0 0 0.0294118 0.117647 0.220588 0.161765 0.264706 0.117647 0.0882353 0 0 0 0 0 0 

2208 2179 1602 90 0 0.734282 0 0 0 0 0 0 0 0 0 0 0 0 0 0 0 0 0 0 0 0 0.0294118 0.0294118 0.132353 0.323529 0.279412 0.117647 0.0735294 0.0147059 0 0 0 0 0 

2208 2192 1602 92 0 0.729927 0 0 0 0 0 0 0 0 0 0 0 0 0 0 0 0 0 0 0 0.0147059 0.0294118 0.117647 0.147059 0.147059 0.279412 0.220588 0.0441176 0 0 0 0 0 0 

2240 2224 1602 93 0 0.719424 0 0 0 0 0 0 0 0 0 0 0 0 0 0 0 0 0 0 0.0144928 0.0289855 0.0289855 0.101449 0.101449 0.362319 0.173913 0.173913 0.0144928 0 0 0 0 0 0 

2208 2179 1602 97 0 0.734282 0 0 0 0 0 0 0 0 0 0 0 0 0 0 0 0 0 0 0.0147059 0.0294118 0.0294118 0.0588235 0.102941 0.176471 0.294118 0.176471 0.102941 0.0147059 0 0 0 0 0 

2208 2199 1602 88 0 0.727603 0 0 0 0 0 0 0 0 0 0 0 0 0 0 0 0 0 0.0147059 0 0.0294118 0.0441176 0.0588235 0.132353 0.25 0.235294 0.147059 0.0735294 0.0147059 0 0 0 0 0 

