2208 2197 1602 93 0 0.728266 0 0 0 0 0 0 0 0 0 0 0 0 0 0 0 0 0 0 0 0.0294118 0.0588235 0.0735294 0.132353 0.176471 0.338235 0.117647 0.0441176 0.0294118 0 0 0 0 0 

2240 2216 1602 90 0 0.722022 0 0 0 0 0 0 0 0 0 0 0 0 0 0 0.0144928 0 0 0 0.0144928 0.0144928 0.0434783 0.0724638 0.217391 0.15942 0.173913 0.202899 0.0724638 0.0144928 0 0 0 0 0 

2240 2221 1603 100 0 0.720396 0 0 0 0 0 0 0 0 0 0 0 0 0 0 0 0 0 0 0 0.0144928 0.0434783 0.101449 0.15942 0.333333 0.188406 0.0724638 0.0869565 0 0 0 0 0 0 

2208 2193 1602 94 0 0.729594 0 0 0 0 0 0 0 0 0 0 0 0 0 0 0 0 0 0 0 0.0147059 0.0735294 0.0441176 0.205882 0.220588 0.176471 0.161765 0.0588235 0.0147059 0.0294118 0 0 0 0 

2208 2187 1602 91 0 0.731596 0 0 0 0 0 0 0 0 0 0 0 0 0 0 0 0 0 0 0.0147059 0.0147059 0.0147059 0.0441176 0.161765 0.264706 0.235294 0.176471 0.0588235 0.0147059 0 0 0 0 0 

2240 2219 1603 99 0 0.721045 0 0 0 0 0 0 0 0 0 0 0 0 0 0 0 0 0 0 0 0.0289855 0.0724638 0.0869565 0.144928 0.217391 0.275362 0.0869565 0.0724638 0.0144928 0 0 0 0 0 

2208 2188 1602 86 0 0.731261 0 0 0 0 0 0 0 0 0 0 0 0 0 0 0 0 0 0 0 0 0.0294118 0.102941 0.176471 0.191176 0.279412 0.117647 0.0735294 0.0294118 0 0 0 0 0 

2240 2218 1603 106 0 0.721371 0 0 0 0 0 0 0 0 0 0 0 0 0 0 0 0 0 0.0144928 0.0289855 0.0289855 0.057971 0.0434783 0.173913 0.202899 0.144928 0.217391 0.057971 0.0289855 0 0 0 0 0 

2208 2188 1602 87 0 0.731261 0 0 0 0 0 0 0 0 0 0 0 0 0 0 0 0 0 0 0 0 0.0882353 0.0882353 0.132353 0.161765 0.25 0.161765 0.0882353 0.0294118 0 0 0 0 0 

2208 2201 1602 96 0 0.726942 0 0 0 0 0 0 0 0 0 0 0 0 0 0 0 0 0 0 0 0 0.0294118 0.117647 0.132353 0.308824 0.264706 0.0735294 0.0588235 0.0147059 0 0 0 0 0 

