2208 2192 1602 96 0 0.729927 0 0 0 0 0 0 0 0 0 0 0 0 0 0 0 0 0 0 0 0.0147059 0.0147059 0.0882353 0.132353 0.294118 0.235294 0.161765 0.0588235 0 0 0 0 0 0 

2208 2187 1602 92 0 0.731596 0 0 0 0 0 0 0 0 0 0 0 0 0 0 0 0 0 0.0147059 0 0 0.0147059 0.132353 0.191176 0.102941 0.264706 0.132353 0.132353 0.0147059 0 0 0 0 0 

2208 2183 1602 93 0 0.732936 0 0 0 0 0 0 0 0 0 0 0 0 0 0 0 0 0 0 0 0 0.0294118 0.0588235 0.161765 0.25 0.264706 0.147059 0.0882353 0 0 0 0 0 0 

2208 2199 1602 91 0 0.727603 0 0 0 0 0 0 0 0 0 0 0 0 0 0 0 0 0 0.0147059 0 0.0294118 0.0294118 0.0735294 0.0588235 0.338235 0.25 0.147059 0.0588235 0 0 0 0 0 0 

2240 2211 1602 85 0 0.723654 0 0 0 0 0 0 0 0 0 0 0 0 0 0 0 0 0.0144928 0.0144928 0 0 0 0.15942 0.130435 0.231884 0.173913 0.188406 0.0869565 0 0 0 0 0 0 

2240 2212 1602 93 0 0.723327 0 0 0 0 0 0 0 0 0 0 0 0 0 0 0 0 0 0 0 0.0144928 0 0.115942 0.217391 0.275362 0.188406 0.0869565 0.101449 0 0 0 0 0 0 

2176 2166 1602 87 0 0.738689 0 0 0 0 0 0 0 0 0 0 0 0 0 0 0 0 0 0 0.0149254 0 0 0.0597015 0.164179 0.238806 0.253731 0.164179 0.0597015 0.0447761 0 0 0 0 0 

2208 2180 1602 96 0 0.733945 0 0 0 0 0 0 0 0 0 0 0 0 0 0 0 0 0 0 0 0 0.0735294 0.102941 0.0882353 0.205882 0.235294 0.132353 0.132353 0.0294118 0 0 0 0 0 

2208 2199 1602 92 0 0.727603 0 0 0 0 0 0 0 0 0 0 0 0 0 0 0 0 0 0 0.0147059 0.0294118 0.0441176 0.0735294 0.132353 0.264706 0.191176 0.147059 0.0882353 0 0.0147059 0 0 0 0 

2176 2161 1603 100 0 0.740398 0 0 0 0 0 0 0 0 0 0 0 0 0 0 0 0 0 0 0.0149254 0.0149254 0.0149254 0.0149254 0.104478 0.208955 0.328358 0.253731 0.0298507 0.0149254 0 0 0 0 0 

