2208 2199 1602 84 0 0.727603 0 0 0 0 0 0 0 0 0 0 0 0 0 0 0 0 0.0147059 0 0 0 0.0441176 0.0588235 0.161765 0.294118 0.220588 0.132353 0.0441176 0.0294118 0 0 0 0 0 

2240 2228 1603 99 0 0.718133 0 0 0 0 0 0 0 0 0 0 0 0 0 0 0 0 0 0.0144928 0.0144928 0.0144928 0.0289855 0.0724638 0.275362 0.202899 0.188406 0.130435 0.0289855 0.0144928 0.0144928 0 0 0 0 

2240 2211 1602 96 0 0.723654 0 0 0 0 0 0 0 0 0 0 0 0 0 0 0 0 0 0 0.0289855 0 0.0434783 0.0869565 0.15942 0.246377 0.15942 0.217391 0.0434783 0.0144928 0 0 0 0 0 

2208 2192 1602 93 0 0.729927 0 0 0 0 0 0 0 0 0 0 0 0 0 0 0 0 0 0 0 0 0.0441176 0.102941 0.191176 0.220588 0.132353 0.235294 0.0441176 0.0294118 0 0 0 0 0 

2240 2212 1603 99 0 0.723327 0 0 0 0 0 0 0 0 0 0 0 0 0 0 0 0 0 0 0 0.0289855 0.0289855 0.101449 0.144928 0.26087 0.188406 0.202899 0.0434783 0 0 0 0 0 0 

2240 2220 1603 101 0 0.720721 0 0 0 0 0 0 0 0 0 0 0 0 0 0 0 0 0 0 0.0289855 0.0144928 0.0434783 0.101449 0.202899 0.202899 0.115942 0.202899 0.0724638 0.0144928 0 0 0 0 0 

2208 2201 1601 94 0 0.726942 0 0 0 0 0 0 0 0 0 0 0 0 0 0 0 0 0.0147059 0 0.0294118 0 0.0294118 0.0735294 0.147059 0.264706 0.161765 0.191176 0.0735294 0.0147059 0 0 0 0 0 

2240 2211 1602 92 0 0.723654 0 0 0 0 0 0 0 0 0 0 0 0 0 0 0 0 0 0 0.0144928 0.0289855 0.057971 0.0724638 0.144928 0.231884 0.231884 0.0869565 0.101449 0.0289855 0 0 0 0 0 

2208 2187 1602 95 0 0.731596 0 0 0 0 0 0 0 0 0 0 0 0 0 0 0 0 0 0 0 0 0.0588235 0.0882353 0.176471 0.147059 0.220588 0.235294 0.0588235 0.0147059 0 0 0 0 0 

2208 2196 1602 88 0 0.728597 0 0 0 0 0 0 0 0 0 0 0 0 0 0 0 0 0 0 0 0.0294118 0.0441176 0.0147059 0.25 0.235294 0.191176 0.132353 0.0735294 0.0294118 0 0 0 0 0 

