2176 2165 1603 102 0 0.73903 0 0 0 0 0 0 0 0 0 0 0 0 0 0 0 0 0 0 0 0.0149254 0.0149254 0.0597015 0.119403 0.268657 0.238806 0.149254 0.119403 0.0149254 0 0 0 0 0 

2208 2185 1602 98 0 0.732265 0 0 0 0 0 0 0 0 0 0 0 0 0 0 0 0 0 0 0.0147059 0 0.0441176 0.0441176 0.132353 0.25 0.25 0.205882 0.0441176 0.0147059 0 0 0 0 0 

2208 2183 1602 92 0 0.732936 0 0 0 0 0 0 0 0 0 0 0 0 0 0 0 0 0.0147059 0 0 0.0147059 0.0588235 0.0441176 0.132353 0.176471 0.205882 0.264706 0.0735294 0.0147059 0 0 0 0 0 

2208 2192 1602 93 0 0.729927 0 0 0 0 0 0 0 0 0 0 0 0 0 0 0 0 0 0 0 0.0147059 0.0147059 0.0588235 0.176471 0.294118 0.220588 0.176471 0.0294118 0.0147059 0 0 0 0 0 

2240 2218 1602 98 0 0.721371 0 0 0 0 0 0 0 0 0 0 0 0 0 0 0 0 0 0 0.0289855 0.0144928 0.0724638 0.0434783 0.144928 0.231884 0.275362 0.130435 0.0434783 0.0144928 0 0 0 0 0 

2240 2217 1602 96 0 0.721696 0 0 0 0 0 0 0 0 0 0 0 0 0 0 0 0 0 0 0.0144928 0.0289855 0.0144928 0.130435 0.217391 0.15942 0.15942 0.202899 0.057971 0.0144928 0 0 0 0 0 

2208 2198 1602 89 0 0.727934 0 0 0 0 0 0 0 0 0 0 0 0 0 0 0 0 0 0 0 0.0294118 0 0.117647 0.176471 0.205882 0.264706 0.147059 0.0294118 0.0294118 0 0 0 0 0 

2208 2196 1602 88 0 0.728597 0 0 0 0 0 0 0 0 0 0 0 0 0 0 0 0 0 0 0.0147059 0.0147059 0.0441176 0.0882353 0.161765 0.220588 0.132353 0.235294 0.0882353 0 0 0 0 0 0 

2208 2180 1602 96 0 0.733945 0 0 0 0 0 0 0 0 0 0 0 0 0 0 0 0 0 0 0 0 0.0294118 0.0882353 0.147059 0.235294 0.205882 0.205882 0.0588235 0.0294118 0 0 0 0 0 

2240 2233 1601 95 0 0.716525 0 0 0 0 0 0 0 0 0 0 0 0 0 0 0 0 0 0.0144928 0 0.0434783 0.0434783 0.115942 0.188406 0.202899 0.188406 0.130435 0.0724638 0 0 0 0 0 0 

