2208 2184 1602 92 0 0.732601 0 0 0 0 0 0 0 0 0 0 0 0 0 0 0 0 0 0 0.0147059 0 0.0294118 0.117647 0.147059 0.161765 0.264706 0.132353 0.0735294 0.0588235 0 0 0 0 0 

2208 2197 1602 84 0 0.728266 0 0 0 0 0 0 0 0 0 0 0 0 0 0 0 0 0 0 0 0.0294118 0.0147059 0.0882353 0.102941 0.323529 0.25 0.161765 0 0.0294118 0 0 0 0 0 

2240 2218 1602 95 0 0.721371 0 0 0 0 0 0 0 0 0 0 0 0 0 0 0 0 0 0 0 0 0.130435 0.0434783 0.202899 0.202899 0.173913 0.173913 0.057971 0.0144928 0 0 0 0 0 

2208 2195 1602 90 0 0.728929 0 0 0 0 0 0 0 0 0 0 0 0 0 0 0 0 0 0 0 0.0147059 0.0588235 0.0294118 0.205882 0.25 0.235294 0.117647 0.0588235 0.0147059 0.0147059 0 0 0 0 

2208 2180 1602 98 0 0.733945 0 0 0 0 0 0 0 0 0 0 0 0 0 0 0 0 0 0 0 0 0.0294118 0.0441176 0.147059 0.367647 0.147059 0.161765 0.0588235 0.0441176 0 0 0 0 0 

2208 2198 1602 87 0 0.727934 0 0 0 0 0 0 0 0 0 0 0 0 0 0 0 0 0 0 0 0.0294118 0.0294118 0.0441176 0.161765 0.308824 0.235294 0.132353 0.0441176 0.0147059 0 0 0 0 0 

2208 2188 1602 95 0 0.731261 0 0 0 0 0 0 0 0 0 0 0 0 0 0 0 0 0 0 0 0.0294118 0 0.0882353 0.132353 0.264706 0.279412 0.117647 0.0735294 0 0.0147059 0 0 0 0 

2240 2222 1602 84 0 0.720072 0 0 0 0 0 0 0 0 0 0 0 0 0 0 0 0 0 0 0.0144928 0.0289855 0.0434783 0.101449 0.115942 0.289855 0.188406 0.188406 0.0289855 0 0 0 0 0 0 

2240 2216 1602 94 0 0.722022 0 0 0 0 0 0 0 0 0 0 0 0 0 0 0 0 0 0.0144928 0.0144928 0 0.0434783 0.115942 0.15942 0.202899 0.231884 0.144928 0.0434783 0.0144928 0.0144928 0 0 0 0 

2240 2214 1602 95 0 0.722674 0 0 0 0 0 0 0 0 0 0 0 0 0 0 0 0 0 0 0 0.0144928 0.057971 0.130435 0.130435 0.231884 0.188406 0.173913 0.0724638 0 0 0 0 0 0 

