2272 2248 1602 95 0 0.711744 0 0 0 0 0 0 0 0 0 0 0 0 0 0 0 0 0 0 0 0.0428571 0.0428571 0.142857 0.142857 0.271429 0.228571 0.114286 0.0142857 0 0 0 0 0 0 

2208 2190 1602 95 0 0.730594 0 0 0 0 0 0 0 0 0 0 0 0 0 0 0 0 0 0 0.0147059 0.0147059 0.0294118 0.0882353 0.117647 0.264706 0.205882 0.161765 0.0735294 0.0294118 0 0 0 0 0 

2208 2188 1602 96 0 0.731261 0 0 0 0 0 0 0 0 0 0 0 0 0 0 0 0 0 0 0 0.0147059 0.0147059 0.0882353 0.220588 0.191176 0.176471 0.205882 0.0735294 0 0.0147059 0 0 0 0 

2272 2245 1602 95 0 0.712695 0 0 0 0 0 0 0 0 0 0 0 0 0 0 0 0 0 0 0 0.0714286 0.0285714 0.171429 0.114286 0.185714 0.242857 0.157143 0.0285714 0 0 0 0 0 0 

2240 2211 1602 92 0 0.723654 0 0 0 0 0 0 0 0 0 0 0 0 0 0 0 0 0 0 0 0.0144928 0.057971 0.115942 0.144928 0.202899 0.202899 0.202899 0.057971 0 0 0 0 0 0 

2208 2196 1602 88 0 0.728597 0 0 0 0 0 0 0 0 0 0 0 0 0 0 0 0 0 0 0 0.0147059 0 0.0882353 0.191176 0.25 0.294118 0.102941 0.0441176 0.0147059 0 0 0 0 0 

2208 2190 1603 99 0 0.730594 0 0 0 0 0 0 0 0 0 0 0 0 0 0 0 0 0 0 0 0.0147059 0.102941 0.0294118 0.161765 0.205882 0.191176 0.161765 0.0882353 0.0441176 0 0 0 0 0 

2208 2202 1601 90 0 0.726612 0 0 0 0 0 0 0 0 0 0 0 0 0 0 0 0 0 0 0 0.0294118 0.0588235 0.102941 0.0588235 0.352941 0.176471 0.102941 0.117647 0 0 0 0 0 0 

2208 2185 1602 95 0 0.732265 0 0 0 0 0 0 0 0 0 0 0 0 0 0 0 0 0 0 0 0 0.0147059 0.0882353 0.205882 0.205882 0.205882 0.191176 0.0882353 0 0 0 0 0 0 

2240 2216 1603 99 0 0.722022 0 0 0 0 0 0 0 0 0 0 0 0 0 0 0 0 0 0 0 0.0144928 0.0144928 0.173913 0.144928 0.275362 0.173913 0.115942 0.057971 0.0144928 0.0144928 0 0 0 0 

