2176 2171 1601 100 0 0.736988 0 0 0 0 0 0 0 0 0 0 0 0 0 0 0 0 0 0 0.0149254 0.0298507 0.0746269 0.0298507 0.134328 0.208955 0.134328 0.164179 0.164179 0.0447761 0 0 0 0 0 

2208 2187 1602 91 0 0.731596 0 0 0 0 0 0 0 0 0 0 0 0 0 0 0 0 0 0 0 0.0147059 0.0294118 0.102941 0.132353 0.279412 0.205882 0.102941 0.0588235 0.0735294 0 0 0 0 0 

2240 2212 1602 89 0 0.723327 0 0 0 0 0 0 0 0 0 0 0 0 0 0 0 0 0 0 0 0.0289855 0 0.115942 0.173913 0.246377 0.202899 0.217391 0.0144928 0 0 0 0 0 0 

2176 2168 1602 95 0 0.738007 0 0 0 0 0 0 0 0 0 0 0 0 0 0 0 0 0 0 0 0.0149254 0.0149254 0.104478 0.0895522 0.223881 0.268657 0.19403 0.0597015 0.0298507 0 0 0 0 0 

2240 2213 1602 94 0 0.723 0 0 0 0 0 0 0 0 0 0 0 0 0 0 0 0 0 0.0144928 0 0.0289855 0.0289855 0.130435 0.0869565 0.202899 0.304348 0.130435 0.0724638 0 0 0 0 0 0 

2208 2192 1602 98 0 0.729927 0 0 0 0 0 0 0 0 0 0 0 0 0 0 0 0 0 0 0 0.0147059 0.0294118 0.132353 0.132353 0.161765 0.235294 0.25 0.0441176 0 0 0 0 0 0 

2208 2185 1603 99 0 0.732265 0 0 0 0 0 0 0 0 0 0 0 0 0 0 0 0 0 0 0 0 0.102941 0.0441176 0.117647 0.176471 0.235294 0.25 0.0735294 0 0 0 0 0 0 

2208 2189 1603 101 0 0.730927 0 0 0 0 0 0 0 0 0 0 0 0 0 0 0 0 0 0 0 0 0.0735294 0.0735294 0.132353 0.25 0.161765 0.220588 0.0735294 0.0147059 0 0 0 0 0 

2208 2190 1602 90 0 0.730594 0 0 0 0 0 0 0 0 0 0 0 0 0 0 0 0 0 0 0.0147059 0 0.0294118 0.0882353 0.0882353 0.338235 0.235294 0.117647 0.0441176 0.0441176 0 0 0 0 0 

2240 2215 1602 91 0 0.722348 0 0 0 0 0 0 0 0 0 0 0 0 0 0 0 0 0 0 0 0.0289855 0.057971 0.115942 0.15942 0.144928 0.246377 0.202899 0.0289855 0.0144928 0 0 0 0 0 

