2208 2184 1602 89 0 0.732601 0 0 0 0 0 0 0 0 0 0 0 0 0 0 0 0 0 0 0.0147059 0.0147059 0.0294118 0.0294118 0.205882 0.205882 0.220588 0.176471 0.0735294 0.0147059 0.0147059 0 0 0 0 

2240 2215 1602 90 0 0.722348 0 0 0 0 0 0 0 0 0 0 0 0 0 0 0 0 0 0 0.0144928 0 0.057971 0.0289855 0.188406 0.289855 0.275362 0.115942 0.0144928 0.0144928 0 0 0 0 0 

2208 2194 1602 91 0 0.729262 0 0 0 0 0 0 0 0 0 0 0 0 0 0 0 0 0 0 0 0 0.0441176 0.0735294 0.191176 0.220588 0.264706 0.117647 0.0882353 0 0 0 0 0 0 

2240 2213 1602 93 0 0.723 0 0 0 0 0 0 0 0 0 0 0 0 0 0 0 0 0 0 0 0 0.0434783 0.0869565 0.130435 0.434783 0.101449 0.15942 0.0289855 0 0.0144928 0 0 0 0 

2208 2196 1602 94 0 0.728597 0 0 0 0 0 0 0 0 0 0 0 0 0 0 0 0 0 0 0 0 0.0588235 0.0588235 0.161765 0.308824 0.191176 0.132353 0.0882353 0 0 0 0 0 0 

2208 2195 1602 85 0 0.728929 0 0 0 0 0 0 0 0 0 0 0 0 0 0 0 0 0 0 0.0147059 0.0294118 0.0588235 0.0588235 0.147059 0.147059 0.25 0.220588 0.0735294 0 0 0 0 0 0 

2176 2170 1601 92 0 0.737327 0 0 0 0 0 0 0 0 0 0 0 0 0 0 0 0 0 0 0 0 0.0149254 0.0597015 0.208955 0.164179 0.298507 0.179104 0.0597015 0.0149254 0 0 0 0 0 

2240 2214 1602 91 0 0.722674 0 0 0 0 0 0 0 0 0 0 0 0 0 0 0 0 0 0 0 0.0289855 0.0289855 0.101449 0.173913 0.188406 0.304348 0.115942 0.057971 0 0 0 0 0 0 

2240 2229 1603 102 0 0.717811 0 0 0 0 0 0 0 0 0 0 0 0 0 0 0 0 0 0 0 0.0289855 0.0289855 0.202899 0.173913 0.15942 0.188406 0.130435 0.0869565 0 0 0 0 0 0 

2208 2198 1602 92 0 0.727934 0 0 0 0 0 0 0 0 0 0 0 0 0 0 0 0 0 0 0 0.0147059 0.0147059 0.0882353 0.220588 0.220588 0.220588 0.176471 0.0147059 0.0294118 0 0 0 0 0 

