2208 2183 1602 92 0 0.732936 0 0 0 0 0 0 0 0 0 0 0 0 0 0 0 0 0 0 0 0.0147059 0.0294118 0.102941 0.102941 0.220588 0.25 0.191176 0.0735294 0.0147059 0 0 0 0 0 

2240 2224 1603 111 0 0.719424 0 0 0 0 0 0 0 0 0 0 0 0 0 0 0 0 0 0 0.0144928 0 0.0289855 0.130435 0.231884 0.231884 0.173913 0.115942 0.057971 0 0.0144928 0 0 0 0 

2240 2213 1602 95 0 0.723 0 0 0 0 0 0 0 0 0 0 0 0 0 0 0 0 0 0.0144928 0 0.0434783 0.0289855 0.101449 0.101449 0.275362 0.202899 0.130435 0.0724638 0.0289855 0 0 0 0 0 

2208 2196 1602 94 0 0.728597 0 0 0 0 0 0 0 0 0 0 0 0 0 0 0 0 0 0 0.0147059 0 0.0294118 0.102941 0.132353 0.25 0.205882 0.235294 0.0294118 0 0 0 0 0 0 

2208 2187 1602 90 0 0.731596 0 0 0 0 0 0 0 0 0 0 0 0 0 0 0 0 0 0.0147059 0 0.0294118 0.0147059 0.0882353 0.132353 0.176471 0.235294 0.220588 0.0735294 0.0147059 0 0 0 0 0 

2240 2215 1602 91 0 0.722348 0 0 0 0 0 0 0 0 0 0 0 0 0 0 0 0 0 0 0 0.0144928 0.057971 0.0724638 0.188406 0.231884 0.26087 0.115942 0.0434783 0.0144928 0 0 0 0 0 

2240 2211 1602 93 0 0.723654 0 0 0 0 0 0 0 0 0 0 0 0 0 0 0 0 0 0 0.0289855 0.0144928 0.0144928 0.0869565 0.115942 0.275362 0.304348 0.0869565 0.057971 0.0144928 0 0 0 0 0 

2240 2213 1602 88 0 0.723 0 0 0 0 0 0 0 0 0 0 0 0 0 0 0 0 0 0 0.0144928 0.0144928 0.0724638 0.0724638 0.144928 0.202899 0.26087 0.15942 0.0289855 0.0289855 0 0 0 0 0 

2208 2195 1602 89 0 0.728929 0 0 0 0 0 0 0 0 0 0 0 0 0 0 0 0 0 0 0 0.0147059 0.0147059 0.147059 0.176471 0.161765 0.205882 0.205882 0.0588235 0.0147059 0 0 0 0 0 

2208 2199 1600 103 0 0.727603 0 0 0 0 0 0 0 0 0 0 0 0 0 0 0 0 0 0 0 0.0441176 0.0441176 0.0588235 0.191176 0.191176 0.205882 0.161765 0.0882353 0.0147059 0 0 0 0 0 

