2240 2221 1603 109 0 0.720396 0 0 0 0 0 0 0 0 0 0 0 0 0 0 0 0 0 0 0 0.0144928 0.0724638 0.115942 0.188406 0.217391 0.15942 0.173913 0.0144928 0.0289855 0.0144928 0 0 0 0 

2208 2182 1602 94 0 0.733272 0 0 0 0 0 0 0 0 0 0 0 0 0 0 0 0 0 0.0147059 0 0 0.0147059 0.0882353 0.132353 0.220588 0.279412 0.132353 0.102941 0.0147059 0 0 0 0 0 

2240 2211 1602 86 0 0.723654 0 0 0 0 0 0 0 0 0 0 0 0 0 0 0 0 0 0 0 0.0289855 0.0434783 0.0869565 0.144928 0.26087 0.217391 0.144928 0.057971 0.0144928 0 0 0 0 0 

2240 2222 1602 93 0 0.720072 0 0 0 0 0 0 0 0 0 0 0 0 0 0 0 0 0 0 0.0144928 0.0289855 0.101449 0.0724638 0.0869565 0.217391 0.275362 0.144928 0.057971 0 0 0 0 0 0 

2208 2189 1602 93 0 0.730927 0 0 0 0 0 0 0 0 0 0 0 0 0 0 0 0 0.0147059 0 0 0 0.0294118 0.0882353 0.147059 0.235294 0.205882 0.161765 0.117647 0 0 0 0 0 0 

2240 2211 1602 85 0 0.723654 0 0 0 0 0 0 0 0 0 0 0 0 0 0 0 0 0 0 0.0144928 0.0144928 0.0434783 0.0724638 0.144928 0.304348 0.173913 0.144928 0.0869565 0 0 0 0 0 0 

2240 2226 1602 94 0 0.718778 0 0 0 0 0 0 0 0 0 0 0 0 0 0 0 0 0 0 0 0.0724638 0.0434783 0.130435 0.15942 0.15942 0.15942 0.217391 0.0289855 0.0289855 0 0 0 0 0 

2240 2217 1602 88 0 0.721696 0 0 0 0 0 0 0 0 0 0 0 0 0 0 0 0 0 0 0 0.0144928 0.0434783 0.0869565 0.15942 0.333333 0.188406 0.101449 0.0724638 0 0 0 0 0 0 

2176 2161 1602 82 0 0.740398 0 0 0 0 0 0 0 0 0 0 0 0 0 0 0 0 0 0 0 0.0149254 0 0.0447761 0.104478 0.223881 0.38806 0.164179 0.0447761 0.0149254 0 0 0 0 0 

2240 2212 1602 95 0 0.723327 0 0 0 0 0 0 0 0 0 0 0 0 0 0 0 0 0 0 0 0.0144928 0.0724638 0.115942 0.115942 0.246377 0.188406 0.15942 0.0724638 0.0144928 0 0 0 0 0 

