2208 2189 1602 89 0 0.730927 0 0 0 0 0 0 0 0 0 0 0 0 0 0 0 0 0 0 0 0 0.0588235 0.102941 0.176471 0.161765 0.176471 0.220588 0.102941 0 0 0 0 0 0 

2208 2197 1603 101 0 0.728266 0 0 0 0 0 0 0 0 0 0 0 0 0 0 0 0 0 0 0 0.0147059 0.0441176 0.117647 0.161765 0.220588 0.176471 0.176471 0.0441176 0.0294118 0.0147059 0 0 0 0 

2208 2192 1602 87 0 0.729927 0 0 0 0 0 0 0 0 0 0 0 0 0 0 0 0 0 0 0 0 0.0882353 0.0588235 0.117647 0.25 0.25 0.147059 0.0735294 0.0147059 0 0 0 0 0 

2240 2222 1602 94 0 0.720072 0 0 0 0 0 0 0 0 0 0 0 0 0 0 0 0 0 0 0.0144928 0.0434783 0.0434783 0.0869565 0.15942 0.202899 0.246377 0.144928 0.0434783 0.0144928 0 0 0 0 0 

2240 2216 1602 95 0 0.722022 0 0 0 0 0 0 0 0 0 0 0 0 0 0 0 0 0 0 0 0.0144928 0.057971 0.0869565 0.144928 0.289855 0.231884 0.101449 0.0724638 0 0 0 0 0 0 

2208 2201 1602 98 0 0.726942 0 0 0 0 0 0 0 0 0 0 0 0 0 0 0 0 0 0 0 0 0.0882353 0.0441176 0.147059 0.308824 0.191176 0.176471 0.0294118 0.0147059 0 0 0 0 0 

2240 2230 1602 92 0 0.717489 0 0 0 0 0 0 0 0 0 0 0 0 0 0 0 0 0 0 0.0144928 0.0289855 0.057971 0.130435 0.130435 0.217391 0.231884 0.15942 0.0144928 0.0144928 0 0 0 0 0 

2240 2225 1602 86 0 0.719101 0 0 0 0 0 0 0 0 0 0 0 0 0 0 0 0 0 0 0.0144928 0.0869565 0.0289855 0.130435 0.101449 0.173913 0.217391 0.115942 0.130435 0 0 0 0 0 0 

2208 2186 1602 92 0 0.73193 0 0 0 0 0 0 0 0 0 0 0 0 0 0 0 0 0 0 0 0 0 0.117647 0.176471 0.235294 0.191176 0.220588 0.0441176 0.0147059 0 0 0 0 0 

2240 2224 1602 98 0 0.719424 0 0 0 0 0 0 0 0 0 0 0 0 0 0 0 0 0 0 0 0.0434783 0.0434783 0.0869565 0.188406 0.202899 0.289855 0.0724638 0.0724638 0 0 0 0 0 0 

