2240 2226 1603 100 0 0.718778 0 0 0 0 0 0 0 0 0 0 0 0 0 0 0 0 0 0 0.0289855 0.0144928 0.0869565 0.101449 0.173913 0.144928 0.217391 0.130435 0.0724638 0.0289855 0 0 0 0 0 

2240 2220 1603 100 0 0.720721 0 0 0 0 0 0 0 0 0 0 0 0 0 0 0 0 0 0.0144928 0.0144928 0.0144928 0.0724638 0.0724638 0.202899 0.15942 0.15942 0.188406 0.101449 0 0 0 0 0 0 

2176 2153 1601 81 0 0.743149 0 0 0 0 0 0 0 0 0 0 0 0 0 0 0 0 0 0 0 0 0.0149254 0.0597015 0.0895522 0.238806 0.298507 0.19403 0.0895522 0.0149254 0 0 0 0 0 

2208 2203 1600 90 0 0.726282 0 0 0 0 0 0 0 0 0 0 0 0 0 0 0 0 0 0 0 0.0294118 0.0294118 0.0735294 0.176471 0.25 0.25 0.132353 0.0588235 0 0 0 0 0 0 

2240 2214 1602 96 0 0.722674 0 0 0 0 0 0 0 0 0 0 0 0 0 0 0 0 0 0 0.0144928 0.0289855 0.057971 0.0869565 0.130435 0.26087 0.15942 0.15942 0.0869565 0.0144928 0 0 0 0 0 

2208 2202 1602 102 0 0.726612 0 0 0 0 0 0 0 0 0 0 0 0 0 0 0 0 0 0 0.0147059 0.0147059 0 0.132353 0.147059 0.308824 0.102941 0.220588 0.0441176 0.0147059 0 0 0 0 0 

2240 2216 1602 97 0 0.722022 0 0 0 0 0 0 0 0 0 0 0 0 0 0 0 0.0144928 0 0 0 0.0289855 0.0289855 0.115942 0.144928 0.173913 0.231884 0.231884 0.0144928 0.0144928 0 0 0 0 0 

2240 2212 1602 98 0 0.723327 0 0 0 0 0 0 0 0 0 0 0 0 0 0 0 0 0.0144928 0 0.0144928 0.0144928 0.0289855 0.057971 0.15942 0.26087 0.246377 0.144928 0.0144928 0.0434783 0 0 0 0 0 

2208 2199 1602 90 0 0.727603 0 0 0 0 0 0 0 0 0 0 0 0 0 0 0 0 0 0 0 0 0.0735294 0.0588235 0.220588 0.176471 0.264706 0.117647 0.0735294 0.0147059 0 0 0 0 0 

2240 2212 1603 107 0 0.723327 0 0 0 0 0 0 0 0 0 0 0 0 0 0 0 0 0 0 0 0 0.0144928 0.144928 0.202899 0.188406 0.275362 0.101449 0.057971 0.0144928 0 0 0 0 0 

