2208 2200 1602 90 0 0.727273 0 0 0 0 0 0 0 0 0 0 0 0 0 0 0 0 0 0 0.0147059 0.0147059 0.0588235 0.0735294 0.147059 0.161765 0.279412 0.220588 0.0294118 0 0 0 0 0 0 

2208 2197 1602 96 0 0.728266 0 0 0 0 0 0 0 0 0 0 0 0 0 0 0 0 0 0 0 0 0.0735294 0.0588235 0.191176 0.264706 0.161765 0.132353 0.117647 0 0 0 0 0 0 

2208 2194 1602 95 0 0.729262 0 0 0 0 0 0 0 0 0 0 0 0 0 0 0 0 0 0 0 0 0.0441176 0.102941 0.191176 0.235294 0.205882 0.117647 0.0588235 0.0294118 0 0.0147059 0 0 0 

2240 2221 1602 98 0 0.720396 0 0 0 0 0 0 0 0 0 0 0 0 0 0 0 0 0 0 0 0 0.0434783 0.130435 0.130435 0.318841 0.217391 0.144928 0.0144928 0 0 0 0 0 0 

2208 2191 1602 93 0 0.73026 0 0 0 0 0 0 0 0 0 0 0 0 0 0 0 0 0 0.0147059 0.0147059 0.0294118 0.0147059 0.117647 0.117647 0.161765 0.205882 0.191176 0.102941 0.0294118 0 0 0 0 0 

2208 2192 1602 97 0 0.729927 0 0 0 0 0 0 0 0 0 0 0 0 0 0 0 0 0 0 0 0.0147059 0.0441176 0.0882353 0.0735294 0.294118 0.279412 0.147059 0.0441176 0.0147059 0 0 0 0 0 

2208 2197 1602 95 0 0.728266 0 0 0 0 0 0 0 0 0 0 0 0 0 0 0 0 0 0 0.0147059 0.0147059 0.0147059 0.117647 0.117647 0.279412 0.205882 0.147059 0.0735294 0.0147059 0 0 0 0 0 

2208 2186 1602 90 0 0.73193 0 0 0 0 0 0 0 0 0 0 0 0 0 0 0 0 0 0 0 0.0147059 0.0588235 0.0735294 0.147059 0.176471 0.235294 0.205882 0.0588235 0.0294118 0 0 0 0 0 

2208 2196 1603 103 0 0.728597 0 0 0 0 0 0 0 0 0 0 0 0 0 0 0 0 0 0 0.0147059 0.0294118 0.0294118 0.0441176 0.132353 0.279412 0.235294 0.161765 0.0735294 0 0 0 0 0 0 

2208 2194 1602 85 0 0.729262 0 0 0 0 0 0 0 0 0 0 0 0 0 0 0 0 0 0.0147059 0 0 0.0735294 0.0882353 0.161765 0.132353 0.264706 0.132353 0.117647 0.0147059 0 0 0 0 0 

