2208 2196 1602 95 0 0.728597 0 0 0 0 0 0 0 0 0 0 0 0 0 0 0 0 0 0 0 0.0147059 0.0441176 0.132353 0.0882353 0.279412 0.191176 0.147059 0.0882353 0.0147059 0 0 0 0 0 

2240 2217 1602 92 0 0.721696 0 0 0 0 0 0 0 0 0 0 0 0 0 0 0 0 0 0 0 0.0289855 0.0289855 0.130435 0.130435 0.275362 0.173913 0.202899 0.0144928 0.0144928 0 0 0 0 0 

2208 2197 1602 91 0 0.728266 0 0 0 0 0 0 0 0 0 0 0 0 0 0 0 0 0 0 0 0.0147059 0.102941 0.0882353 0.132353 0.191176 0.161765 0.176471 0.117647 0.0147059 0 0 0 0 0 

2240 2227 1603 101 0 0.718455 0 0 0 0 0 0 0 0 0 0 0 0 0 0 0 0 0.0144928 0 0 0.0144928 0.057971 0.0869565 0.202899 0.231884 0.173913 0.15942 0.057971 0 0 0 0 0 0 

2240 2213 1602 96 0 0.723 0 0 0 0 0 0 0 0 0 0 0 0 0 0 0 0 0 0 0 0.0144928 0.057971 0.144928 0.130435 0.15942 0.275362 0.144928 0.057971 0.0144928 0 0 0 0 0 

2208 2197 1602 93 0 0.728266 0 0 0 0 0 0 0 0 0 0 0 0 0 0 0 0 0 0.0147059 0 0.0294118 0.0147059 0.0588235 0.176471 0.279412 0.205882 0.102941 0.102941 0 0.0147059 0 0 0 0 

2208 2185 1603 107 0 0.732265 0 0 0 0 0 0 0 0 0 0 0 0 0 0 0 0 0 0 0 0.0588235 0.0147059 0.0588235 0.176471 0.161765 0.235294 0.147059 0.102941 0.0441176 0 0 0 0 0 

2208 2190 1602 97 0 0.730594 0 0 0 0 0 0 0 0 0 0 0 0 0 0 0 0 0 0.0147059 0.0147059 0 0.0147059 0.132353 0.191176 0.132353 0.176471 0.147059 0.161765 0.0147059 0 0 0 0 0 

2240 2217 1602 95 0 0.721696 0 0 0 0 0 0 0 0 0 0 0 0 0 0 0 0 0 0 0.0144928 0.0289855 0.0289855 0.144928 0.130435 0.26087 0.144928 0.130435 0.0869565 0.0289855 0 0 0 0 0 

2208 2185 1602 88 0 0.732265 0 0 0 0 0 0 0 0 0 0 0 0 0 0 0 0 0 0 0 0.0147059 0.0147059 0.0735294 0.161765 0.235294 0.264706 0.147059 0.0735294 0.0147059 0 0 0 0 0 

