2240 2223 1603 101 0 0.719748 0 0 0 0 0 0 0 0 0 0 0 0 0 0 0 0 0 0 0.0144928 0.0289855 0.0434783 0.173913 0.144928 0.188406 0.115942 0.188406 0.0724638 0.0289855 0 0 0 0 0 

2208 2199 1602 94 0 0.727603 0 0 0 0 0 0 0 0 0 0 0 0 0 0 0 0 0 0.0147059 0.0147059 0.0147059 0.0588235 0.0735294 0.132353 0.205882 0.191176 0.191176 0.0882353 0.0147059 0 0 0 0 0 

2208 2179 1602 98 0 0.734282 0 0 0 0 0 0 0 0 0 0 0 0 0 0 0 0 0 0 0 0.0147059 0.0588235 0.0588235 0.102941 0.161765 0.279412 0.279412 0.0441176 0 0 0 0 0 0 

2272 2252 1603 99 0 0.71048 0 0 0 0 0 0 0 0 0 0 0 0 0 0 0 0 0 0.0285714 0 0.0142857 0.0714286 0.0857143 0.214286 0.242857 0.2 0.1 0.0142857 0.0285714 0 0 0 0 0 

2176 2166 1602 88 0 0.738689 0 0 0 0 0 0 0 0 0 0 0 0 0 0 0 0 0 0 0 0.0447761 0 0.0447761 0.164179 0.179104 0.238806 0.223881 0.0895522 0.0149254 0 0 0 0 0 

2208 2186 1602 94 0 0.73193 0 0 0 0 0 0 0 0 0 0 0 0 0 0 0 0 0 0 0.0147059 0 0.0588235 0.0588235 0.147059 0.161765 0.279412 0.220588 0.0441176 0 0.0147059 0 0 0 0 

2240 2212 1602 93 0 0.723327 0 0 0 0 0 0 0 0 0 0 0 0 0 0 0 0 0 0 0.0289855 0.0144928 0.0724638 0.0434783 0.144928 0.217391 0.26087 0.115942 0.0869565 0.0144928 0 0 0 0 0 

2176 2164 1602 90 0 0.739372 0 0 0 0 0 0 0 0 0 0 0 0 0 0 0 0 0 0 0 0.0149254 0.0298507 0.0597015 0.164179 0.238806 0.179104 0.149254 0.0895522 0.0746269 0 0 0 0 0 

2208 2186 1602 96 0 0.73193 0 0 0 0 0 0 0 0 0 0 0 0 0 0 0 0 0 0 0 0 0.0441176 0.117647 0.0588235 0.279412 0.205882 0.25 0.0441176 0 0 0 0 0 0 

2272 2245 1602 91 0 0.712695 0 0 0 0 0 0 0 0 0 0 0 0 0 0 0 0 0 0 0 0.0285714 0.0714286 0.1 0.185714 0.271429 0.171429 0.157143 0.0142857 0 0 0 0 0 0 

