2240 2229 1603 103 0 0.717811 0 0 0 0 0 0 0 0 0 0 0 0 0 0 0 0 0 0.0144928 0.0289855 0.0434783 0.0724638 0.0724638 0.115942 0.188406 0.231884 0.130435 0.0869565 0.0144928 0 0 0 0 0 

2240 2225 1602 87 0 0.719101 0 0 0 0 0 0 0 0 0 0 0 0 0 0 0 0 0 0 0.0289855 0 0.057971 0.0724638 0.26087 0.188406 0.173913 0.144928 0.057971 0.0144928 0 0 0 0 0 

2208 2200 1602 99 0 0.727273 0 0 0 0 0 0 0 0 0 0 0 0 0 0 0 0 0 0 0 0.0294118 0.0441176 0.117647 0.132353 0.220588 0.176471 0.205882 0.0441176 0.0294118 0 0 0 0 0 

2208 2196 1602 93 0 0.728597 0 0 0 0 0 0 0 0 0 0 0 0 0 0 0 0 0 0 0 0.0294118 0.0294118 0.132353 0.161765 0.132353 0.220588 0.235294 0.0441176 0 0.0147059 0 0 0 0 

2208 2187 1602 94 0 0.731596 0 0 0 0 0 0 0 0 0 0 0 0 0 0 0 0 0 0 0 0.0441176 0.0441176 0.0294118 0.205882 0.147059 0.220588 0.176471 0.132353 0 0 0 0 0 0 

2240 2220 1603 101 0 0.720721 0 0 0 0 0 0 0 0 0 0 0 0 0 0 0 0 0 0 0 0.0289855 0.0869565 0.0869565 0.130435 0.246377 0.246377 0.0724638 0.0724638 0.0144928 0.0144928 0 0 0 0 

2240 2212 1602 93 0 0.723327 0 0 0 0 0 0 0 0 0 0 0 0 0 0 0 0 0 0 0 0.0144928 0.057971 0.115942 0.130435 0.26087 0.246377 0.057971 0.0869565 0.0144928 0.0144928 0 0 0 0 

2176 2169 1601 105 0 0.737667 0 0 0 0 0 0 0 0 0 0 0 0 0 0 0 0 0 0 0 0 0.0447761 0.0447761 0.164179 0.164179 0.328358 0.164179 0.0746269 0.0149254 0 0 0 0 0 

2240 2230 1602 92 0 0.717489 0 0 0 0 0 0 0 0 0 0 0 0 0 0 0 0 0 0 0.0144928 0.0289855 0.057971 0.115942 0.15942 0.26087 0.173913 0.101449 0.0724638 0.0144928 0 0 0 0 0 

2240 2211 1602 96 0 0.723654 0 0 0 0 0 0 0 0 0 0 0 0 0 0 0 0 0 0 0 0.0434783 0.0289855 0.101449 0.173913 0.217391 0.188406 0.115942 0.130435 0 0 0 0 0 0 

