2240 2221 1603 100 0 0.720396 0 0 0 0 0 0 0 0 0 0 0 0 0 0 0 0 0 0 0 0.0289855 0.057971 0.144928 0.173913 0.101449 0.289855 0.115942 0.0724638 0.0144928 0 0 0 0 0 

2240 2217 1602 95 0 0.721696 0 0 0 0 0 0 0 0 0 0 0 0 0 0 0 0 0 0.0144928 0 0.0144928 0.0289855 0.101449 0.246377 0.188406 0.173913 0.144928 0.0434783 0.0434783 0 0 0 0 0 

2240 2213 1602 97 0 0.723 0 0 0 0 0 0 0 0 0 0 0 0 0 0 0 0 0 0 0 0.0144928 0.0289855 0.130435 0.15942 0.231884 0.246377 0.101449 0.0869565 0 0 0 0 0 0 

2208 2189 1603 101 0 0.730927 0 0 0 0 0 0 0 0 0 0 0 0 0 0 0 0 0 0 0 0 0.0294118 0.0882353 0.205882 0.235294 0.235294 0.0294118 0.147059 0.0294118 0 0 0 0 0 

2240 2220 1602 89 0 0.720721 0 0 0 0 0 0 0 0 0 0 0 0 0 0 0 0 0 0.0144928 0 0.0289855 0.057971 0.0869565 0.217391 0.144928 0.217391 0.115942 0.101449 0.0144928 0 0 0 0 0 

2208 2199 1602 94 0 0.727603 0 0 0 0 0 0 0 0 0 0 0 0 0 0 0 0 0 0 0.0147059 0 0.0147059 0.132353 0.132353 0.235294 0.264706 0.161765 0.0294118 0.0147059 0 0 0 0 0 

2208 2189 1603 99 0 0.730927 0 0 0 0 0 0 0 0 0 0 0 0 0 0 0 0 0 0 0 0 0.0147059 0.0882353 0.205882 0.176471 0.338235 0.0882353 0.0588235 0.0294118 0 0 0 0 0 

2208 2182 1602 84 0 0.733272 0 0 0 0 0 0 0 0 0 0 0 0 0 0 0 0 0 0 0 0 0.0147059 0.0735294 0.161765 0.220588 0.338235 0.102941 0.0735294 0.0147059 0 0 0 0 0 

2176 2152 1602 86 0 0.743494 0 0 0 0 0 0 0 0 0 0 0 0 0 0 0 0 0 0 0 0 0.0149254 0.0746269 0.0597015 0.238806 0.298507 0.208955 0.0895522 0.0149254 0 0 0 0 0 

2208 2185 1602 86 0 0.732265 0 0 0 0 0 0 0 0 0 0 0 0 0 0 0 0 0 0 0.0147059 0 0.0735294 0.0294118 0.102941 0.338235 0.161765 0.161765 0.0735294 0.0441176 0 0 0 0 0 

