2240 2219 1602 97 0 0.721045 0 0 0 0 0 0 0 0 0 0 0 0 0 0 0 0 0 0 0.0144928 0.0289855 0.0434783 0.101449 0.130435 0.304348 0.130435 0.173913 0.057971 0.0144928 0 0 0 0 0 

2208 2194 1602 96 0 0.729262 0 0 0 0 0 0 0 0 0 0 0 0 0 0 0 0 0 0 0 0.0588235 0.0588235 0.0735294 0.102941 0.205882 0.176471 0.235294 0.0441176 0.0441176 0 0 0 0 0 

2208 2185 1602 86 0 0.732265 0 0 0 0 0 0 0 0 0 0 0 0 0 0 0 0 0 0 0 0 0.0294118 0.0735294 0.176471 0.220588 0.235294 0.220588 0.0147059 0.0294118 0 0 0 0 0 

2240 2211 1602 86 0 0.723654 0 0 0 0 0 0 0 0 0 0 0 0 0 0 0 0 0 0.0144928 0 0 0.0724638 0.0724638 0.173913 0.275362 0.144928 0.115942 0.101449 0.0289855 0 0 0 0 0 

2208 2197 1602 97 0 0.728266 0 0 0 0 0 0 0 0 0 0 0 0 0 0 0 0 0 0 0 0.0147059 0.0735294 0.0882353 0.102941 0.235294 0.205882 0.25 0.0147059 0.0147059 0 0 0 0 0 

2208 2187 1602 89 0 0.731596 0 0 0 0 0 0 0 0 0 0 0 0 0 0 0 0 0 0 0 0.0147059 0.0294118 0.0735294 0.191176 0.176471 0.264706 0.147059 0.0882353 0.0147059 0 0 0 0 0 

2240 2212 1602 93 0 0.723327 0 0 0 0 0 0 0 0 0 0 0 0 0 0 0 0 0 0 0 0 0.057971 0.15942 0.130435 0.202899 0.202899 0.15942 0.0869565 0 0 0 0 0 0 

2240 2220 1603 101 0 0.720721 0 0 0 0 0 0 0 0 0 0 0 0 0 0 0 0 0 0.0144928 0 0.057971 0.0869565 0.0869565 0.115942 0.173913 0.188406 0.115942 0.130435 0.0289855 0 0 0 0 0 

2208 2180 1602 94 0 0.733945 0 0 0 0 0 0 0 0 0 0 0 0 0 0 0 0 0 0 0 0.0147059 0.0588235 0.0441176 0.117647 0.264706 0.205882 0.191176 0.0735294 0.0147059 0.0147059 0 0 0 0 

2208 2199 1602 84 0 0.727603 0 0 0 0 0 0 0 0 0 0 0 0 0 0 0 0 0 0 0 0.0147059 0.0588235 0.102941 0.161765 0.161765 0.264706 0.161765 0.0588235 0.0147059 0 0 0 0 0 

