2208 2188 1602 93 0 0.731261 0 0 0 0 0 0 0 0 0 0 0 0 0 0 0 0 0 0.0147059 0 0 0.0588235 0.0588235 0.205882 0.117647 0.235294 0.205882 0.0882353 0.0147059 0 0 0 0 0 

2240 2215 1602 96 0 0.722348 0 0 0 0 0 0 0 0 0 0 0 0 0 0 0 0 0 0 0 0.0144928 0.057971 0.0289855 0.202899 0.304348 0.231884 0.115942 0.0289855 0.0144928 0 0 0 0 0 

2240 2214 1602 93 0 0.722674 0 0 0 0 0 0 0 0 0 0 0 0 0 0 0 0 0 0 0 0.0289855 0.0434783 0.115942 0.188406 0.188406 0.15942 0.188406 0.0869565 0 0 0 0 0 0 

2272 2250 1602 96 0 0.711111 0 0 0 0 0 0 0 0 0 0 0 0 0 0 0 0 0 0 0.0142857 0.0571429 0.0857143 0.0571429 0.185714 0.242857 0.142857 0.2 0 0.0142857 0 0 0 0 0 

2208 2183 1602 91 0 0.732936 0 0 0 0 0 0 0 0 0 0 0 0 0 0 0 0 0 0 0 0.0147059 0.0441176 0.0735294 0.161765 0.205882 0.176471 0.220588 0.0882353 0 0.0147059 0 0 0 0 

2240 2225 1602 93 0 0.719101 0 0 0 0 0 0 0 0 0 0 0 0 0 0 0 0 0 0.0144928 0.0144928 0.0144928 0.0434783 0.0869565 0.188406 0.246377 0.202899 0.101449 0.0724638 0.0144928 0 0 0 0 0 

2240 2219 1602 93 0 0.721045 0 0 0 0 0 0 0 0 0 0 0 0 0 0 0 0 0 0 0.0144928 0 0.0434783 0.101449 0.188406 0.188406 0.304348 0.130435 0.0289855 0 0 0 0 0 0 

2208 2200 1601 98 0 0.727273 0 0 0 0 0 0 0 0 0 0 0 0 0 0 0 0 0 0.0294118 0 0.0147059 0 0.0735294 0.117647 0.323529 0.235294 0.147059 0.0588235 0 0 0 0 0 0 

2240 2223 1602 95 0 0.719748 0 0 0 0 0 0 0 0 0 0 0 0 0 0 0 0 0 0 0 0.0144928 0.0289855 0.130435 0.202899 0.26087 0.15942 0.15942 0.0434783 0 0 0 0 0 0 

2176 2163 1601 80 0 0.739713 0 0 0 0 0 0 0 0 0 0 0 0 0 0 0 0 0 0 0 0.0149254 0.0298507 0.0298507 0.0895522 0.298507 0.298507 0.149254 0.0447761 0.0447761 0 0 0 0 0 

