2208 2185 1603 102 0 0.732265 0 0 0 0 0 0 0 0 0 0 0 0 0 0 0 0 0 0 0 0.0147059 0.0441176 0.0441176 0.161765 0.25 0.191176 0.220588 0.0441176 0.0294118 0 0 0 0 0 

2208 2196 1602 87 0 0.728597 0 0 0 0 0 0 0 0 0 0 0 0 0 0 0 0 0 0.0147059 0 0 0.0147059 0.0441176 0.205882 0.294118 0.220588 0.147059 0.0588235 0 0 0 0 0 0 

2208 2193 1602 95 0 0.729594 0 0 0 0 0 0 0 0 0 0 0 0 0 0 0 0 0 0 0 0.0294118 0.0441176 0.0882353 0.161765 0.191176 0.235294 0.102941 0.132353 0.0147059 0 0 0 0 0 

2208 2180 1602 88 0 0.733945 0 0 0 0 0 0 0 0 0 0 0 0 0 0 0 0 0 0 0.0147059 0.0147059 0.0147059 0.0441176 0.161765 0.25 0.176471 0.235294 0.0735294 0.0147059 0 0 0 0 0 

2240 2215 1602 98 0 0.722348 0 0 0 0 0 0 0 0 0 0 0 0 0 0 0 0 0 0.0144928 0.0144928 0.0144928 0.057971 0.057971 0.130435 0.231884 0.275362 0.15942 0.0144928 0.0289855 0 0 0 0 0 

2208 2201 1602 101 0 0.726942 0 0 0 0 0 0 0 0 0 0 0 0 0 0 0 0 0 0 0 0.0294118 0.0147059 0.117647 0.220588 0.191176 0.191176 0.117647 0.0735294 0.0441176 0 0 0 0 0 

2176 2168 1602 88 0 0.738007 0 0 0 0 0 0 0 0 0 0 0 0 0 0 0 0 0 0 0 0.0149254 0 0.0746269 0.104478 0.283582 0.223881 0.253731 0.0447761 0 0 0 0 0 0 

2208 2189 1602 93 0 0.730927 0 0 0 0 0 0 0 0 0 0 0 0 0 0 0 0 0 0 0 0.0147059 0.0441176 0.0588235 0.176471 0.220588 0.220588 0.191176 0.0441176 0.0294118 0 0 0 0 0 

2208 2195 1602 85 0 0.728929 0 0 0 0 0 0 0 0 0 0 0 0 0 0 0 0 0 0 0.0147059 0.0147059 0.0294118 0.0735294 0.132353 0.279412 0.220588 0.161765 0.0588235 0.0147059 0 0 0 0 0 

2208 2192 1602 93 0 0.729927 0 0 0 0 0 0 0 0 0 0 0 0 0 0 0 0 0 0 0 0 0.0294118 0.102941 0.205882 0.25 0.132353 0.191176 0.0588235 0.0147059 0.0147059 0 0 0 0 

