2176 2169 1600 90 0 0.737667 0 0 0 0 0 0 0 0 0 0 0 0 0 0 0 0 0 0 0 0 0 0.0895522 0.19403 0.179104 0.238806 0.238806 0.0447761 0.0149254 0 0 0 0 0 

2176 2170 1600 89 0 0.737327 0 0 0 0 0 0 0 0 0 0 0 0 0 0 0 0 0 0.0149254 0.0149254 0.0149254 0.0149254 0.0298507 0.149254 0.238806 0.179104 0.238806 0.0746269 0.0298507 0 0 0 0 0 

2240 2214 1602 97 0 0.722674 0 0 0 0 0 0 0 0 0 0 0 0 0 0 0 0 0 0 0 0.057971 0 0.130435 0.144928 0.217391 0.188406 0.217391 0.0289855 0.0144928 0 0 0 0 0 

2240 2219 1603 104 0 0.721045 0 0 0 0 0 0 0 0 0 0 0 0 0 0 0 0 0 0 0 0.0289855 0.0724638 0.0724638 0.144928 0.289855 0.202899 0.0869565 0.0869565 0.0144928 0 0 0 0 0 

2240 2213 1602 92 0 0.723 0 0 0 0 0 0 0 0 0 0 0 0 0 0 0 0 0 0 0.0144928 0.0289855 0 0.101449 0.217391 0.202899 0.202899 0.15942 0.057971 0.0144928 0 0 0 0 0 

2208 2191 1602 91 0 0.73026 0 0 0 0 0 0 0 0 0 0 0 0 0 0 0 0 0 0 0 0.0294118 0.0294118 0.102941 0.132353 0.235294 0.205882 0.147059 0.0882353 0.0294118 0 0 0 0 0 

2176 2165 1602 87 0 0.73903 0 0 0 0 0 0 0 0 0 0 0 0 0 0 0 0 0 0 0 0.0149254 0 0.0746269 0.164179 0.223881 0.223881 0.208955 0.0447761 0.0298507 0.0149254 0 0 0 0 

2208 2185 1602 86 0 0.732265 0 0 0 0 0 0 0 0 0 0 0 0 0 0 0 0 0 0 0 0 0.0294118 0.0735294 0.235294 0.176471 0.147059 0.279412 0.0441176 0.0147059 0 0 0 0 0 

2240 2213 1602 86 0 0.723 0 0 0 0 0 0 0 0 0 0 0 0 0 0 0 0 0 0 0.0144928 0.0144928 0.0289855 0.0869565 0.188406 0.246377 0.202899 0.130435 0.0869565 0 0 0 0 0 0 

2208 2189 1602 89 0 0.730927 0 0 0 0 0 0 0 0 0 0 0 0 0 0 0 0 0 0 0.0147059 0 0.0294118 0.0588235 0.205882 0.25 0.161765 0.161765 0.102941 0.0147059 0 0 0 0 0 

