2240 2218 1602 98 0 0.721371 0 0 0 0 0 0 0 0 0 0 0 0 0 0 0 0 0 0 0 0.0144928 0.0434783 0.101449 0.173913 0.275362 0.217391 0.130435 0.0144928 0.0289855 0 0 0 0 0 

2208 2187 1602 90 0 0.731596 0 0 0 0 0 0 0 0 0 0 0 0 0 0 0 0 0 0 0.0147059 0.0147059 0.0294118 0.0735294 0.147059 0.147059 0.264706 0.279412 0.0294118 0 0 0 0 0 0 

2240 2212 1602 93 0 0.723327 0 0 0 0 0 0 0 0 0 0 0 0 0 0 0 0 0 0 0 0.0289855 0.0144928 0.115942 0.217391 0.217391 0.144928 0.173913 0.0724638 0.0144928 0 0 0 0 0 

2208 2199 1602 92 0 0.727603 0 0 0 0 0 0 0 0 0 0 0 0 0 0 0 0 0 0.0147059 0.0147059 0 0 0.117647 0.161765 0.294118 0.147059 0.161765 0.0441176 0.0441176 0 0 0 0 0 

2240 2223 1603 102 0 0.719748 0 0 0 0 0 0 0 0 0 0 0 0 0 0 0 0 0 0 0 0.057971 0.0144928 0.115942 0.173913 0.246377 0.15942 0.173913 0.0434783 0.0144928 0 0 0 0 0 

2208 2186 1602 94 0 0.73193 0 0 0 0 0 0 0 0 0 0 0 0 0 0 0 0 0 0 0 0 0.0441176 0.0735294 0.176471 0.220588 0.220588 0.161765 0.0882353 0.0147059 0 0 0 0 0 

2208 2193 1602 97 0 0.729594 0 0 0 0 0 0 0 0 0 0 0 0 0 0 0 0 0 0 0 0 0.0441176 0.0882353 0.147059 0.279412 0.205882 0.161765 0.0588235 0.0147059 0 0 0 0 0 

2208 2186 1602 90 0 0.73193 0 0 0 0 0 0 0 0 0 0 0 0 0 0 0 0 0 0 0.0147059 0.0147059 0 0.132353 0.132353 0.191176 0.205882 0.220588 0.0588235 0.0294118 0 0 0 0 0 

2208 2184 1602 83 0 0.732601 0 0 0 0 0 0 0 0 0 0 0 0 0 0 0 0 0 0 0 0 0.0441176 0.0882353 0.132353 0.25 0.235294 0.132353 0.0882353 0.0294118 0 0 0 0 0 

2176 2165 1602 91 0 0.73903 0 0 0 0 0 0 0 0 0 0 0 0 0 0 0 0 0 0 0 0.0149254 0.0298507 0.104478 0.119403 0.164179 0.253731 0.179104 0.104478 0.0149254 0 0.0149254 0 0 0 

