2176 2164 1602 92 0 0.739372 0 0 0 0 0 0 0 0 0 0 0 0 0 0 0 0 0 0 0 0.0149254 0.0149254 0.0597015 0.134328 0.283582 0.223881 0.0895522 0.149254 0.0298507 0 0 0 0 0 

2240 2212 1602 96 0 0.723327 0 0 0 0 0 0 0 0 0 0 0 0 0 0 0 0 0 0 0 0.0289855 0.0869565 0.0724638 0.101449 0.275362 0.217391 0.115942 0.0724638 0.0289855 0 0 0 0 0 

2240 2232 1600 98 0 0.716846 0 0 0 0 0 0 0 0 0 0 0 0 0 0 0 0 0 0 0.0144928 0 0.057971 0.173913 0.173913 0.173913 0.217391 0.15942 0.0144928 0.0144928 0 0 0 0 0 

2240 2221 1603 102 0 0.720396 0 0 0 0 0 0 0 0 0 0 0 0 0 0 0 0 0 0 0.0144928 0.0289855 0.0434783 0.101449 0.15942 0.231884 0.231884 0.115942 0.0289855 0.0434783 0 0 0 0 0 

2208 2190 1602 94 0 0.730594 0 0 0 0 0 0 0 0 0 0 0 0 0 0 0 0 0 0 0 0.0147059 0.0441176 0.0441176 0.191176 0.161765 0.294118 0.220588 0.0294118 0 0 0 0 0 0 

2240 2221 1603 99 0 0.720396 0 0 0 0 0 0 0 0 0 0 0 0 0 0 0 0 0 0.0144928 0.0144928 0 0.057971 0.144928 0.173913 0.15942 0.173913 0.144928 0.0869565 0.0289855 0 0 0 0 0 

2240 2216 1603 99 0 0.722022 0 0 0 0 0 0 0 0 0 0 0 0 0 0 0 0 0 0 0.0289855 0 0.0289855 0.101449 0.173913 0.15942 0.333333 0.144928 0.0144928 0.0144928 0 0 0 0 0 

2208 2197 1602 88 0 0.728266 0 0 0 0 0 0 0 0 0 0 0 0 0 0 0 0 0 0 0 0 0.0441176 0.102941 0.147059 0.264706 0.235294 0.132353 0.0588235 0.0147059 0 0 0 0 0 

2240 2220 1602 98 0 0.720721 0 0 0 0 0 0 0 0 0 0 0 0 0 0 0 0 0 0.0289855 0 0.0144928 0.101449 0.0434783 0.130435 0.188406 0.246377 0.188406 0.057971 0 0 0 0 0 0 

2240 2224 1603 99 0 0.719424 0 0 0 0 0 0 0 0 0 0 0 0 0 0 0 0 0 0 0 0.0144928 0.0434783 0.0869565 0.246377 0.15942 0.318841 0.101449 0.0289855 0 0 0 0 0 0 

