2208 2190 1602 89 0 0.730594 0 0 0 0 0 0 0 0 0 0 0 0 0 0 0 0 0 0 0 0.0147059 0.0588235 0.0882353 0.132353 0.176471 0.294118 0.147059 0.0441176 0.0441176 0 0 0 0 0 

2240 2230 1602 87 0 0.717489 0 0 0 0 0 0 0 0 0 0 0 0 0 0 0 0 0 0.0144928 0.0289855 0 0.0724638 0.101449 0.144928 0.202899 0.246377 0.144928 0.0144928 0.0289855 0 0 0 0 0 

2240 2218 1603 100 0 0.721371 0 0 0 0 0 0 0 0 0 0 0 0 0 0 0 0 0 0 0.0144928 0.0144928 0.0434783 0.15942 0.0724638 0.188406 0.318841 0.144928 0.0434783 0 0 0 0 0 0 

2240 2214 1602 88 0 0.722674 0 0 0 0 0 0 0 0 0 0 0 0 0 0 0 0 0 0 0.0144928 0.0144928 0 0.115942 0.15942 0.304348 0.144928 0.231884 0.0144928 0 0 0 0 0 0 

2240 2232 1602 91 0 0.716846 0 0 0 0 0 0 0 0 0 0 0 0 0 0 0 0 0 0 0 0.0724638 0.0289855 0.115942 0.15942 0.231884 0.217391 0.130435 0.0144928 0.0289855 0 0 0 0 0 

2208 2192 1602 94 0 0.729927 0 0 0 0 0 0 0 0 0 0 0 0 0 0 0 0 0 0 0 0.0147059 0.0441176 0.147059 0.117647 0.161765 0.264706 0.117647 0.102941 0.0294118 0 0 0 0 0 

2240 2212 1602 96 0 0.723327 0 0 0 0 0 0 0 0 0 0 0 0 0 0 0 0 0 0 0.0144928 0.0434783 0.0289855 0.0869565 0.173913 0.173913 0.217391 0.173913 0.0724638 0.0144928 0 0 0 0 0 

2208 2197 1602 92 0 0.728266 0 0 0 0 0 0 0 0 0 0 0 0 0 0 0 0 0 0 0 0 0.0588235 0.147059 0.147059 0.205882 0.176471 0.132353 0.102941 0.0294118 0 0 0 0 0 

2272 2252 1602 96 0 0.71048 0 0 0 0 0 0 0 0 0 0 0 0 0 0 0 0 0 0 0.0142857 0.0428571 0.0428571 0.0857143 0.314286 0.171429 0.142857 0.157143 0 0.0285714 0 0 0 0 0 

2208 2188 1602 91 0 0.731261 0 0 0 0 0 0 0 0 0 0 0 0 0 0 0 0 0 0 0 0.0147059 0.0441176 0.0882353 0.147059 0.176471 0.25 0.191176 0.0882353 0 0 0 0 0 0 

