2208 2200 1600 86 0 0.727273 0 0 0 0 0 0 0 0 0 0 0 0 0 0 0 0 0 0 0.0147059 0.0294118 0.0147059 0.0882353 0.176471 0.191176 0.264706 0.147059 0.0588235 0.0147059 0 0 0 0 0 

2240 2228 1602 94 0 0.718133 0 0 0 0 0 0 0 0 0 0 0 0 0 0 0 0 0 0 0 0.057971 0.0434783 0.130435 0.15942 0.217391 0.15942 0.15942 0.057971 0.0144928 0 0 0 0 0 

2240 2233 1601 100 0 0.716525 0 0 0 0 0 0 0 0 0 0 0 0 0 0 0 0 0 0 0.0144928 0.0434783 0.101449 0.0724638 0.188406 0.130435 0.202899 0.188406 0.057971 0 0 0 0 0 0 

2240 2216 1603 104 0 0.722022 0 0 0 0 0 0 0 0 0 0 0 0 0 0 0 0 0 0 0 0.0289855 0.0289855 0.15942 0.144928 0.246377 0.130435 0.15942 0.0724638 0.0289855 0 0 0 0 0 

2208 2202 1601 94 0 0.726612 0 0 0 0 0 0 0 0 0 0 0 0 0 0 0 0 0 0 0 0 0.0588235 0.132353 0.147059 0.25 0.176471 0.147059 0.0588235 0.0294118 0 0 0 0 0 

2208 2193 1602 92 0 0.729594 0 0 0 0 0 0 0 0 0 0 0 0 0 0 0 0 0 0 0 0.0147059 0.0147059 0.102941 0.132353 0.323529 0.176471 0.132353 0.102941 0 0 0 0 0 0 

2208 2189 1602 98 0 0.730927 0 0 0 0 0 0 0 0 0 0 0 0 0 0 0 0 0 0 0 0.0441176 0.0147059 0.0294118 0.161765 0.264706 0.235294 0.176471 0.0735294 0 0 0 0 0 0 

2208 2193 1602 97 0 0.729594 0 0 0 0 0 0 0 0 0 0 0 0 0 0 0 0 0 0 0 0 0.0147059 0.102941 0.205882 0.294118 0.132353 0.147059 0.0735294 0.0294118 0 0 0 0 0 

2208 2199 1603 99 0 0.727603 0 0 0 0 0 0 0 0 0 0 0 0 0 0 0 0 0 0 0 0 0.0588235 0.0882353 0.147059 0.205882 0.323529 0.132353 0.0294118 0.0147059 0 0 0 0 0 

2240 2222 1602 93 0 0.720072 0 0 0 0 0 0 0 0 0 0 0 0 0 0 0 0 0 0 0 0 0.0144928 0.217391 0.173913 0.231884 0.15942 0.144928 0.0144928 0.0434783 0 0 0 0 0 

