2208 2199 1600 93 0 0.727603 0 0 0 0 0 0 0 0 0 0 0 0 0 0 0 0 0 0 0.0147059 0.0294118 0.0294118 0.0735294 0.117647 0.25 0.279412 0.132353 0.0735294 0 0 0 0 0 0 

2208 2192 1602 95 0 0.729927 0 0 0 0 0 0 0 0 0 0 0 0 0 0 0 0 0 0 0 0 0.0147059 0.132353 0.117647 0.264706 0.25 0.161765 0.0588235 0 0 0 0 0 0 

2208 2193 1602 91 0 0.729594 0 0 0 0 0 0 0 0 0 0 0 0 0 0 0 0 0 0 0 0 0.0441176 0.102941 0.176471 0.176471 0.323529 0.0882353 0.0441176 0.0294118 0.0147059 0 0 0 0 

2208 2200 1600 91 0 0.727273 0 0 0 0 0 0 0 0 0 0 0 0 0 0 0 0 0 0 0.0147059 0 0.0441176 0.117647 0.117647 0.25 0.191176 0.220588 0.0441176 0 0 0 0 0 0 

2240 2225 1602 91 0 0.719101 0 0 0 0 0 0 0 0 0 0 0 0 0 0 0 0 0 0 0.0144928 0.057971 0.0434783 0.115942 0.144928 0.144928 0.231884 0.188406 0.057971 0 0 0 0 0 0 

2208 2181 1602 90 0 0.733608 0 0 0 0 0 0 0 0 0 0 0 0 0 0 0 0 0 0 0 0 0.0147059 0.0735294 0.147059 0.264706 0.279412 0.132353 0.0735294 0.0147059 0 0 0 0 0 

2208 2186 1602 95 0 0.73193 0 0 0 0 0 0 0 0 0 0 0 0 0 0 0 0 0 0 0 0.0147059 0.0441176 0.0588235 0.132353 0.264706 0.205882 0.205882 0.0588235 0.0147059 0 0 0 0 0 

2240 2211 1602 93 0 0.723654 0 0 0 0 0 0 0 0 0 0 0 0 0 0 0 0 0 0.0144928 0 0.0144928 0.0289855 0.101449 0.202899 0.173913 0.246377 0.115942 0.0724638 0.0289855 0 0 0 0 0 

2208 2192 1602 95 0 0.729927 0 0 0 0 0 0 0 0 0 0 0 0 0 0 0 0 0 0 0 0.0147059 0.0147059 0.0882353 0.161765 0.279412 0.220588 0.132353 0.0735294 0.0147059 0 0 0 0 0 

2240 2212 1602 95 0 0.723327 0 0 0 0 0 0 0 0 0 0 0 0 0 0 0 0 0 0.0144928 0.0144928 0.0144928 0.0289855 0.057971 0.144928 0.304348 0.188406 0.173913 0.0434783 0.0144928 0 0 0 0 0 

