2208 2193 1602 93 0 0.729594 0 0 0 0 0 0 0 0 0 0 0 0 0 0 0 0 0 0 0.0294118 0 0.0588235 0.0588235 0.102941 0.279412 0.264706 0.0882353 0.0735294 0.0294118 0.0147059 0 0 0 0 

2208 2191 1602 91 0 0.73026 0 0 0 0 0 0 0 0 0 0 0 0 0 0 0 0 0 0 0.0147059 0.0147059 0.0294118 0.0735294 0.102941 0.264706 0.25 0.191176 0.0588235 0 0 0 0 0 0 

2240 2224 1602 88 0 0.719424 0 0 0 0 0 0 0 0 0 0 0 0 0 0 0 0 0 0 0 0.0434783 0.0144928 0.0869565 0.188406 0.26087 0.26087 0.130435 0.0144928 0 0 0 0 0 0 

2272 2245 1603 103 0 0.712695 0 0 0 0 0 0 0 0 0 0 0 0 0 0 0 0 0.0142857 0.0142857 0.0142857 0.0142857 0.0571429 0.0857143 0.185714 0.257143 0.157143 0.128571 0.0428571 0.0142857 0.0142857 0 0 0 0 

2176 2168 1602 96 0 0.738007 0 0 0 0 0 0 0 0 0 0 0 0 0 0 0 0 0 0 0 0.0149254 0.0597015 0.0746269 0.104478 0.119403 0.313433 0.223881 0.0746269 0.0149254 0 0 0 0 0 

2208 2182 1602 98 0 0.733272 0 0 0 0 0 0 0 0 0 0 0 0 0 0 0 0 0 0 0 0 0.0735294 0.0294118 0.147059 0.279412 0.191176 0.176471 0.0588235 0.0441176 0 0 0 0 0 

2272 2260 1603 109 0 0.707965 0 0 0 0 0 0 0 0 0 0 0 0 0 0 0 0 0 0 0 0.0285714 0.128571 0.1 0.171429 0.314286 0.142857 0.0285714 0.0571429 0.0285714 0 0 0 0 0 

2240 2213 1602 89 0 0.723 0 0 0 0 0 0 0 0 0 0 0 0 0 0 0 0.0144928 0 0 0 0.0434783 0.0144928 0.0869565 0.144928 0.188406 0.275362 0.173913 0.057971 0 0 0 0 0 0 

2240 2231 1602 96 0 0.717167 0 0 0 0 0 0 0 0 0 0 0 0 0 0 0 0 0 0 0.0144928 0.0144928 0.0434783 0.101449 0.26087 0.188406 0.217391 0.115942 0.0144928 0.0289855 0 0 0 0 0 

2208 2199 1602 98 0 0.727603 0 0 0 0 0 0 0 0 0 0 0 0 0 0 0 0 0 0 0 0 0.0294118 0.102941 0.176471 0.235294 0.279412 0.132353 0.0294118 0.0147059 0 0 0 0 0 

