2208 2201 1600 100 0 0.726942 0 0 0 0 0 0 0 0 0 0 0 0 0 0 0 0 0 0 0.0147059 0.0147059 0.0147059 0.117647 0.205882 0.176471 0.220588 0.132353 0.0735294 0.0294118 0 0 0 0 0 

2208 2196 1602 93 0 0.728597 0 0 0 0 0 0 0 0 0 0 0 0 0 0 0 0 0 0 0 0.0147059 0.0441176 0.0882353 0.191176 0.205882 0.161765 0.220588 0.0735294 0 0 0 0 0 0 

2208 2189 1602 96 0 0.730927 0 0 0 0 0 0 0 0 0 0 0 0 0 0 0 0 0 0 0 0 0.0441176 0.0882353 0.161765 0.205882 0.235294 0.205882 0.0441176 0.0147059 0 0 0 0 0 

2208 2190 1602 97 0 0.730594 0 0 0 0 0 0 0 0 0 0 0 0 0 0 0 0 0 0 0 0 0.0588235 0.0882353 0.147059 0.25 0.161765 0.220588 0.0441176 0.0294118 0 0 0 0 0 

2208 2189 1602 91 0 0.730927 0 0 0 0 0 0 0 0 0 0 0 0 0 0 0 0 0.0147059 0 0 0.0147059 0 0.0588235 0.117647 0.323529 0.235294 0.176471 0.0588235 0 0 0 0 0 0 

2176 2160 1602 86 0 0.740741 0 0 0 0 0 0 0 0 0 0 0 0 0 0 0 0 0 0 0 0 0.0149254 0.0447761 0.19403 0.208955 0.238806 0.134328 0.164179 0 0 0 0 0 0 

2208 2196 1602 94 0 0.728597 0 0 0 0 0 0 0 0 0 0 0 0 0 0 0 0 0 0 0.0147059 0.0147059 0.0735294 0.0441176 0.0441176 0.367647 0.220588 0.132353 0.0882353 0 0 0 0 0 0 

2208 2195 1602 90 0 0.728929 0 0 0 0 0 0 0 0 0 0 0 0 0 0 0 0 0 0 0.0147059 0.0441176 0.0294118 0.102941 0.0735294 0.264706 0.205882 0.147059 0.0882353 0.0147059 0.0147059 0 0 0 0 

2208 2197 1602 89 0 0.728266 0 0 0 0 0 0 0 0 0 0 0 0 0 0 0 0 0 0 0 0.0147059 0.0294118 0.0882353 0.147059 0.294118 0.205882 0.147059 0.0735294 0 0 0 0 0 0 

2208 2198 1602 97 0 0.727934 0 0 0 0 0 0 0 0 0 0 0 0 0 0 0 0 0 0 0.0147059 0.0147059 0.0147059 0.147059 0.117647 0.235294 0.205882 0.147059 0.0882353 0.0147059 0 0 0 0 0 

