2208 2199 1602 92 0 0.727603 0 0 0 0 0 0 0 0 0 0 0 0 0 0 0 0 0 0 0 0.0294118 0.0147059 0.0735294 0.176471 0.235294 0.279412 0.147059 0.0441176 0 0 0 0 0 0 

2208 2197 1602 91 0 0.728266 0 0 0 0 0 0 0 0 0 0 0 0 0 0 0 0 0 0 0 0 0.117647 0.0882353 0.132353 0.161765 0.205882 0.205882 0.0735294 0 0.0147059 0 0 0 0 

2208 2203 1601 89 0 0.726282 0 0 0 0 0 0 0 0 0 0 0 0 0 0 0 0 0 0 0.0147059 0 0.0147059 0.147059 0.161765 0.176471 0.308824 0.102941 0.0735294 0 0 0 0 0 0 

2240 2212 1602 94 0 0.723327 0 0 0 0 0 0 0 0 0 0 0 0 0 0 0 0 0 0 0 0 0.057971 0.101449 0.217391 0.144928 0.275362 0.130435 0.0724638 0 0 0 0 0 0 

2176 2165 1602 84 0 0.73903 0 0 0 0 0 0 0 0 0 0 0 0 0 0 0 0 0 0 0 0 0.0597015 0.0447761 0.119403 0.19403 0.298507 0.164179 0.119403 0 0 0 0 0 0 

2240 2213 1603 107 0 0.723 0 0 0 0 0 0 0 0 0 0 0 0 0 0 0 0 0 0 0 0.0144928 0.0289855 0.130435 0.173913 0.26087 0.15942 0.130435 0.0869565 0.0144928 0 0 0 0 0 

2208 2182 1602 94 0 0.733272 0 0 0 0 0 0 0 0 0 0 0 0 0 0 0 0 0 0 0 0.0147059 0.0147059 0.117647 0.0735294 0.294118 0.220588 0.161765 0.0735294 0.0294118 0 0 0 0 0 

2208 2192 1602 94 0 0.729927 0 0 0 0 0 0 0 0 0 0 0 0 0 0 0 0 0 0 0 0 0 0.102941 0.147059 0.323529 0.235294 0.132353 0.0588235 0 0 0 0 0 0 

2176 2152 1602 87 0 0.743494 0 0 0 0 0 0 0 0 0 0 0 0 0 0 0 0 0 0 0.0149254 0 0.0149254 0.0298507 0.119403 0.208955 0.298507 0.179104 0.104478 0.0298507 0 0 0 0 0 

2240 2214 1602 96 0 0.722674 0 0 0 0 0 0 0 0 0 0 0 0 0 0 0 0 0 0 0 0.0434783 0.0434783 0.0434783 0.231884 0.289855 0.0869565 0.144928 0.0869565 0.0289855 0 0 0 0 0 

