2208 2191 1603 100 0 0.73026 0 0 0 0 0 0 0 0 0 0 0 0 0 0 0 0 0 0 0.0294118 0.0147059 0.0294118 0.0882353 0.117647 0.220588 0.205882 0.161765 0.117647 0.0147059 0 0 0 0 0 

2208 2193 1602 90 0 0.729594 0 0 0 0 0 0 0 0 0 0 0 0 0 0 0 0 0 0 0 0.0147059 0.0441176 0.0882353 0.161765 0.176471 0.25 0.205882 0.0588235 0 0 0 0 0 0 

2208 2190 1602 94 0 0.730594 0 0 0 0 0 0 0 0 0 0 0 0 0 0 0 0 0 0 0 0.0147059 0.0294118 0.0588235 0.220588 0.205882 0.205882 0.176471 0.0735294 0.0147059 0 0 0 0 0 

2176 2169 1601 97 0 0.737667 0 0 0 0 0 0 0 0 0 0 0 0 0 0 0 0 0 0 0 0 0.0447761 0.0298507 0.134328 0.313433 0.208955 0.179104 0.0597015 0.0298507 0 0 0 0 0 

2272 2245 1602 96 0 0.712695 0 0 0 0 0 0 0 0 0 0 0 0 0 0 0 0 0 0 0.0142857 0.0428571 0.0285714 0.114286 0.185714 0.257143 0.214286 0.0857143 0.0571429 0 0 0 0 0 0 

2208 2180 1602 88 0 0.733945 0 0 0 0 0 0 0 0 0 0 0 0 0 0 0 0 0 0 0 0.0294118 0.0147059 0.0588235 0.205882 0.176471 0.235294 0.147059 0.0735294 0.0588235 0 0 0 0 0 

2240 2223 1602 96 0 0.719748 0 0 0 0 0 0 0 0 0 0 0 0 0 0 0 0 0 0 0.0144928 0.0144928 0.0869565 0.115942 0.202899 0.15942 0.173913 0.101449 0.0724638 0.057971 0 0 0 0 0 

2240 2225 1603 104 0 0.719101 0 0 0 0 0 0 0 0 0 0 0 0 0 0 0 0 0 0.0144928 0 0.0289855 0.0144928 0.15942 0.115942 0.246377 0.246377 0.130435 0.0289855 0 0.0144928 0 0 0 0 

2208 2200 1602 88 0 0.727273 0 0 0 0 0 0 0 0 0 0 0 0 0 0 0 0 0 0 0 0.0294118 0.0294118 0.102941 0.191176 0.205882 0.220588 0.102941 0.0882353 0.0294118 0 0 0 0 0 

2240 2220 1602 91 0 0.720721 0 0 0 0 0 0 0 0 0 0 0 0 0 0 0 0 0 0.0144928 0 0.0289855 0.0434783 0.0869565 0.115942 0.26087 0.304348 0.0869565 0.0434783 0.0144928 0 0 0 0 0 

