2240 2213 1602 93 0 0.723 0 0 0 0 0 0 0 0 0 0 0 0 0 0 0 0 0 0.0289855 0 0 0.057971 0.0434783 0.188406 0.26087 0.217391 0.101449 0.057971 0.0434783 0 0 0 0 0 

2208 2200 1602 98 0 0.727273 0 0 0 0 0 0 0 0 0 0 0 0 0 0 0 0 0 0 0 0.0147059 0.0588235 0.0882353 0.176471 0.191176 0.220588 0.176471 0.0735294 0 0 0 0 0 0 

2240 2212 1603 100 0 0.723327 0 0 0 0 0 0 0 0 0 0 0 0 0 0 0 0 0 0 0 0.0289855 0.0869565 0.0869565 0.0869565 0.231884 0.217391 0.188406 0.0724638 0 0 0 0 0 0 

2208 2184 1602 91 0 0.732601 0 0 0 0 0 0 0 0 0 0 0 0 0 0 0 0 0 0 0 0.0147059 0.0147059 0.0441176 0.191176 0.205882 0.308824 0.176471 0.0294118 0 0.0147059 0 0 0 0 

2208 2198 1603 100 0 0.727934 0 0 0 0 0 0 0 0 0 0 0 0 0 0 0 0 0 0 0 0.0294118 0.0294118 0.0735294 0.176471 0.25 0.191176 0.161765 0.0882353 0 0 0 0 0 0 

2272 2244 1602 95 0 0.713012 0 0 0 0 0 0 0 0 0 0 0 0 0 0 0 0.0142857 0 0 0 0.0571429 0.0142857 0.1 0.228571 0.171429 0.257143 0.0857143 0.0714286 0 0 0 0 0 0 

2240 2223 1602 91 0 0.719748 0 0 0 0 0 0 0 0 0 0 0 0 0 0 0 0 0 0.0144928 0 0.0289855 0.0434783 0.0289855 0.246377 0.246377 0.231884 0.0869565 0.057971 0.0144928 0 0 0 0 0 

2240 2228 1603 100 0 0.718133 0 0 0 0 0 0 0 0 0 0 0 0 0 0 0 0 0 0 0.0144928 0.0289855 0.0724638 0.0724638 0.144928 0.246377 0.246377 0.130435 0.0434783 0 0 0 0 0 0 

2240 2223 1602 94 0 0.719748 0 0 0 0 0 0 0 0 0 0 0 0 0 0 0 0 0 0.0144928 0 0.0144928 0.057971 0.115942 0.144928 0.231884 0.231884 0.130435 0.0289855 0.0289855 0 0 0 0 0 

2208 2200 1602 93 0 0.727273 0 0 0 0 0 0 0 0 0 0 0 0 0 0 0 0 0 0 0 0.0294118 0.0294118 0.0588235 0.176471 0.279412 0.235294 0.102941 0.0882353 0 0 0 0 0 0 

