2208 2197 1602 88 0 0.728266 0 0 0 0 0 0 0 0 0 0 0 0 0 0 0 0 0 0 0.0147059 0.0147059 0.0147059 0.0735294 0.176471 0.279412 0.161765 0.205882 0.0588235 0 0 0 0 0 0 

2240 2222 1602 87 0 0.720072 0 0 0 0 0 0 0 0 0 0 0 0 0 0 0 0 0 0 0 0.0869565 0.0289855 0.0724638 0.15942 0.202899 0.231884 0.144928 0.057971 0.0144928 0 0 0 0 0 

2208 2193 1602 94 0 0.729594 0 0 0 0 0 0 0 0 0 0 0 0 0 0 0 0 0 0 0 0.0147059 0.0588235 0.0735294 0.161765 0.191176 0.294118 0.102941 0.0588235 0.0441176 0 0 0 0 0 

2176 2153 1601 81 0 0.743149 0 0 0 0 0 0 0 0 0 0 0 0 0 0 0 0 0 0 0 0 0.0149254 0.0597015 0.0746269 0.328358 0.253731 0.119403 0.0895522 0.0597015 0 0 0 0 0 

2176 2166 1602 88 0 0.738689 0 0 0 0 0 0 0 0 0 0 0 0 0 0 0 0 0 0 0 0.0149254 0.0447761 0.0597015 0.104478 0.238806 0.19403 0.268657 0.0447761 0.0149254 0.0149254 0 0 0 0 

2240 2213 1602 93 0 0.723 0 0 0 0 0 0 0 0 0 0 0 0 0 0 0 0 0.0144928 0 0 0.0144928 0 0.130435 0.144928 0.231884 0.275362 0.144928 0.0289855 0.0144928 0 0 0 0 0 

2240 2218 1602 92 0 0.721371 0 0 0 0 0 0 0 0 0 0 0 0 0 0 0 0 0 0 0 0.0289855 0.0289855 0.144928 0.130435 0.318841 0.144928 0.0869565 0.0869565 0.0289855 0 0 0 0 0 

2240 2213 1602 98 0 0.723 0 0 0 0 0 0 0 0 0 0 0 0 0 0 0 0 0 0 0.0144928 0.0289855 0.057971 0.057971 0.130435 0.217391 0.333333 0.0869565 0.0434783 0.0289855 0 0 0 0 0 

2240 2219 1602 95 0 0.721045 0 0 0 0 0 0 0 0 0 0 0 0 0 0 0 0 0.0144928 0 0 0.0144928 0.0434783 0.057971 0.246377 0.173913 0.246377 0.144928 0.057971 0 0 0 0 0 0 

2176 2161 1602 94 0 0.740398 0 0 0 0 0 0 0 0 0 0 0 0 0 0 0 0 0 0 0 0.0298507 0.0298507 0.0447761 0.164179 0.164179 0.179104 0.253731 0.104478 0.0298507 0 0 0 0 0 

