2240 2222 1603 100 0 0.720072 0 0 0 0 0 0 0 0 0 0 0 0 0 0 0 0 0 0 0.0144928 0.0289855 0.0869565 0.0434783 0.202899 0.246377 0.144928 0.115942 0.0724638 0.0434783 0 0 0 0 0 

2208 2192 1602 95 0 0.729927 0 0 0 0 0 0 0 0 0 0 0 0 0 0 0 0 0 0 0.0147059 0 0.0441176 0.102941 0.161765 0.176471 0.220588 0.176471 0.0882353 0.0147059 0 0 0 0 0 

2208 2188 1602 94 0 0.731261 0 0 0 0 0 0 0 0 0 0 0 0 0 0 0 0 0 0 0 0.0294118 0.0294118 0.0882353 0.0588235 0.308824 0.235294 0.161765 0.0882353 0 0 0 0 0 0 

2272 2251 1602 92 0 0.710795 0 0 0 0 0 0 0 0 0 0 0 0 0 0 0 0 0 0.0142857 0 0.0285714 0.0428571 0.0857143 0.2 0.328571 0.2 0.0714286 0.0285714 0 0 0 0 0 0 

2208 2195 1602 98 0 0.728929 0 0 0 0 0 0 0 0 0 0 0 0 0 0 0 0 0 0.0147059 0.0147059 0.0147059 0.0294118 0.0588235 0.161765 0.25 0.205882 0.132353 0.0735294 0.0441176 0 0 0 0 0 

2176 2168 1602 87 0 0.738007 0 0 0 0 0 0 0 0 0 0 0 0 0 0 0 0 0 0 0.0149254 0 0.0298507 0.0298507 0.208955 0.149254 0.253731 0.208955 0.104478 0 0 0 0 0 0 

2208 2194 1602 88 0 0.729262 0 0 0 0 0 0 0 0 0 0 0 0 0 0 0 0 0 0 0.0147059 0 0.0147059 0.102941 0.147059 0.25 0.279412 0.102941 0.0735294 0.0147059 0 0 0 0 0 

2208 2183 1602 88 0 0.732936 0 0 0 0 0 0 0 0 0 0 0 0 0 0 0 0 0 0 0 0 0.0294118 0.132353 0.132353 0.161765 0.25 0.191176 0.102941 0 0 0 0 0 0 

2208 2202 1601 96 0 0.726612 0 0 0 0 0 0 0 0 0 0 0 0 0 0 0 0 0 0 0 0.0294118 0.0294118 0.117647 0.132353 0.220588 0.308824 0.0735294 0.0735294 0 0.0147059 0 0 0 0 

2240 2224 1603 105 0 0.719424 0 0 0 0 0 0 0 0 0 0 0 0 0 0 0 0 0 0 0 0.0144928 0.0869565 0.0869565 0.15942 0.202899 0.304348 0.115942 0.0144928 0 0.0144928 0 0 0 0 

