2240 2225 1602 94 0 0.719101 0 0 0 0 0 0 0 0 0 0 0 0 0 0 0 0 0 0 0.0144928 0.0144928 0.0289855 0.0869565 0.202899 0.231884 0.289855 0.115942 0.0144928 0 0 0 0 0 0 

2208 2180 1602 95 0 0.733945 0 0 0 0 0 0 0 0 0 0 0 0 0 0 0 0 0 0 0 0 0.0294118 0.0441176 0.117647 0.294118 0.279412 0.191176 0.0441176 0 0 0 0 0 0 

2208 2184 1602 92 0 0.732601 0 0 0 0 0 0 0 0 0 0 0 0 0 0 0 0 0 0 0 0.0147059 0.0441176 0.0588235 0.147059 0.205882 0.264706 0.161765 0.102941 0 0 0 0 0 0 

2240 2213 1602 92 0 0.723 0 0 0 0 0 0 0 0 0 0 0 0 0 0 0 0 0 0 0 0.0289855 0.0434783 0.0869565 0.173913 0.173913 0.304348 0.130435 0.057971 0 0 0 0 0 0 

2208 2200 1601 91 0 0.727273 0 0 0 0 0 0 0 0 0 0 0 0 0 0 0 0 0 0 0 0.0147059 0.0294118 0.132353 0.147059 0.191176 0.264706 0.161765 0.0588235 0 0 0 0 0 0 

2208 2181 1603 103 0 0.733608 0 0 0 0 0 0 0 0 0 0 0 0 0 0 0 0 0 0.0147059 0 0.0147059 0.0147059 0.132353 0.0882353 0.132353 0.323529 0.147059 0.102941 0.0294118 0 0 0 0 0 

2240 2228 1603 100 0 0.718133 0 0 0 0 0 0 0 0 0 0 0 0 0 0 0 0 0 0 0 0 0.0434783 0.15942 0.188406 0.275362 0.202899 0.0144928 0.115942 0 0 0 0 0 0 

2208 2202 1602 88 0 0.726612 0 0 0 0 0 0 0 0 0 0 0 0 0 0 0 0 0 0 0 0.0147059 0.0588235 0.0735294 0.132353 0.279412 0.279412 0.0735294 0.0882353 0 0 0 0 0 0 

2240 2220 1603 99 0 0.720721 0 0 0 0 0 0 0 0 0 0 0 0 0 0 0 0 0 0 0 0.0144928 0.0289855 0.101449 0.26087 0.173913 0.202899 0.188406 0.0289855 0 0 0 0 0 0 

2240 2212 1602 93 0 0.723327 0 0 0 0 0 0 0 0 0 0 0 0 0 0 0 0 0 0 0.0289855 0.0144928 0.0144928 0.0434783 0.15942 0.275362 0.304348 0.130435 0.0289855 0 0 0 0 0 0 

