2240 2226 1602 93 0 0.718778 0 0 0 0 0 0 0 0 0 0 0 0 0 0 0 0 0 0 0.0144928 0.0434783 0.0434783 0.130435 0.130435 0.217391 0.202899 0.144928 0.057971 0.0144928 0 0 0 0 0 

2240 2229 1603 101 0 0.717811 0 0 0 0 0 0 0 0 0 0 0 0 0 0 0 0 0 0 0 0.0289855 0.0724638 0.130435 0.101449 0.246377 0.26087 0.130435 0.0144928 0.0144928 0 0 0 0 0 

2240 2214 1602 90 0 0.722674 0 0 0 0 0 0 0 0 0 0 0 0 0 0 0 0 0 0 0 0 0.0724638 0.0724638 0.15942 0.275362 0.217391 0.173913 0.0289855 0 0 0 0 0 0 

2272 2254 1603 100 0 0.709849 0 0 0 0 0 0 0 0 0 0 0 0 0 0 0 0 0 0 0.0285714 0.0714286 0.0428571 0.0857143 0.185714 0.242857 0.142857 0.142857 0.0428571 0.0142857 0 0 0 0 0 

2176 2167 1600 93 0 0.738348 0 0 0 0 0 0 0 0 0 0 0 0 0 0 0 0 0 0 0 0 0.0298507 0.104478 0.179104 0.223881 0.134328 0.134328 0.134328 0.0597015 0 0 0 0 0 

2208 2196 1602 98 0 0.728597 0 0 0 0 0 0 0 0 0 0 0 0 0 0 0 0 0 0 0.0294118 0.0147059 0.0441176 0.0882353 0.161765 0.102941 0.235294 0.264706 0.0588235 0 0 0 0 0 0 

2240 2213 1602 96 0 0.723 0 0 0 0 0 0 0 0 0 0 0 0 0 0 0 0 0 0 0 0.0289855 0.0434783 0.144928 0.15942 0.15942 0.173913 0.217391 0.057971 0.0144928 0 0 0 0 0 

2240 2229 1601 94 0 0.717811 0 0 0 0 0 0 0 0 0 0 0 0 0 0 0 0 0 0 0 0.0434783 0.0144928 0.15942 0.15942 0.231884 0.231884 0.101449 0.057971 0 0 0 0 0 0 

2240 2227 1602 92 0 0.718455 0 0 0 0 0 0 0 0 0 0 0 0 0 0 0 0 0 0 0 0.0289855 0.0434783 0.130435 0.115942 0.289855 0.246377 0.130435 0 0.0144928 0 0 0 0 0 

2208 2185 1602 92 0 0.732265 0 0 0 0 0 0 0 0 0 0 0 0 0 0 0 0 0 0 0 0.0294118 0.0294118 0.0882353 0.117647 0.235294 0.205882 0.191176 0.0735294 0.0294118 0 0 0 0 0 

