2208 2202 1601 100 0 0.726612 0 0 0 0 0 0 0 0 0 0 0 0 0 0 0 0 0 0 0.0147059 0 0.0441176 0.132353 0.102941 0.25 0.25 0.117647 0.0735294 0.0147059 0 0 0 0 0 

2240 2218 1602 96 0 0.721371 0 0 0 0 0 0 0 0 0 0 0 0 0 0 0 0 0 0 0.0144928 0.0144928 0.0289855 0.101449 0.101449 0.362319 0.217391 0.115942 0.0289855 0.0144928 0 0 0 0 0 

2272 2247 1602 95 0 0.712061 0 0 0 0 0 0 0 0 0 0 0 0 0 0 0 0 0 0 0.0142857 0 0.0571429 0.0714286 0.285714 0.271429 0.185714 0.0857143 0.0142857 0.0142857 0 0 0 0 0 

2240 2211 1602 91 0 0.723654 0 0 0 0 0 0 0 0 0 0 0 0 0 0 0 0 0 0 0 0.0289855 0.0434783 0.0869565 0.173913 0.188406 0.246377 0.173913 0.057971 0 0 0 0 0 0 

2176 2166 1602 93 0 0.738689 0 0 0 0 0 0 0 0 0 0 0 0 0 0 0 0 0 0 0 0 0.0447761 0.119403 0.134328 0.134328 0.238806 0.179104 0.104478 0.0447761 0 0 0 0 0 

2176 2156 1601 79 0 0.742115 0 0 0 0 0 0 0 0 0 0 0 0 0 0 0 0 0 0 0 0 0.0149254 0.0895522 0.0746269 0.253731 0.208955 0.283582 0.0597015 0.0149254 0 0 0 0 0 

2240 2214 1602 94 0 0.722674 0 0 0 0 0 0 0 0 0 0 0 0 0 0 0 0 0 0 0 0.0289855 0.0434783 0.101449 0.15942 0.275362 0.144928 0.188406 0.0144928 0.0434783 0 0 0 0 0 

2208 2197 1602 98 0 0.728266 0 0 0 0 0 0 0 0 0 0 0 0 0 0 0 0 0 0 0 0.0294118 0.0735294 0.0882353 0.147059 0.132353 0.264706 0.161765 0.0882353 0.0147059 0 0 0 0 0 

2208 2202 1600 85 0 0.726612 0 0 0 0 0 0 0 0 0 0 0 0 0 0 0 0 0 0 0 0 0.0735294 0.0441176 0.294118 0.161765 0.161765 0.176471 0.0882353 0 0 0 0 0 0 

2240 2215 1602 94 0 0.722348 0 0 0 0 0 0 0 0 0 0 0 0 0 0 0 0 0 0 0 0.0144928 0.057971 0.0724638 0.202899 0.217391 0.26087 0.115942 0.0289855 0.0289855 0 0 0 0 0 

