2240 2227 1602 97 0 0.718455 0 0 0 0 0 0 0 0 0 0 0 0 0 0 0 0 0 0 0.0144928 0.0289855 0.0434783 0.130435 0.173913 0.231884 0.101449 0.246377 0.0144928 0.0144928 0 0 0 0 0 

2208 2185 1603 100 0 0.732265 0 0 0 0 0 0 0 0 0 0 0 0 0 0 0 0 0 0 0.0147059 0 0.0441176 0.102941 0.147059 0.176471 0.191176 0.205882 0.0735294 0.0441176 0 0 0 0 0 

2208 2184 1602 92 0 0.732601 0 0 0 0 0 0 0 0 0 0 0 0 0 0 0 0 0 0 0.0147059 0.0294118 0.0147059 0.0441176 0.205882 0.147059 0.25 0.205882 0.0588235 0.0147059 0.0147059 0 0 0 0 

2208 2199 1602 93 0 0.727603 0 0 0 0 0 0 0 0 0 0 0 0 0 0 0 0 0 0 0 0.0147059 0.0294118 0.117647 0.161765 0.205882 0.191176 0.264706 0.0147059 0 0 0 0 0 0 

2208 2191 1603 101 0 0.73026 0 0 0 0 0 0 0 0 0 0 0 0 0 0 0 0 0 0 0 0.0294118 0.0441176 0.0588235 0.176471 0.235294 0.161765 0.161765 0.117647 0.0147059 0 0 0 0 0 

2208 2198 1600 98 0 0.727934 0 0 0 0 0 0 0 0 0 0 0 0 0 0 0 0 0 0 0 0 0.0735294 0.0588235 0.161765 0.294118 0.161765 0.176471 0.0735294 0 0 0 0 0 0 

2208 2192 1602 91 0 0.729927 0 0 0 0 0 0 0 0 0 0 0 0 0 0 0 0 0 0.0147059 0.0147059 0.0147059 0.0147059 0.0882353 0.132353 0.176471 0.25 0.25 0.0294118 0.0147059 0 0 0 0 0 

2240 2213 1602 90 0 0.723 0 0 0 0 0 0 0 0 0 0 0 0 0 0 0 0 0 0 0.0144928 0 0.0289855 0.0724638 0.15942 0.333333 0.231884 0.101449 0.057971 0 0 0 0 0 0 

2176 2148 1601 74 0 0.744879 0 0 0 0 0 0 0 0 0 0 0 0 0 0 0 0 0 0 0 0 0.0149254 0.0895522 0.104478 0.149254 0.313433 0.179104 0.119403 0.0149254 0.0149254 0 0 0 0 

2208 2200 1600 91 0 0.727273 0 0 0 0 0 0 0 0 0 0 0 0 0 0 0 0 0 0 0 0 0.0735294 0.117647 0.0882353 0.279412 0.235294 0.117647 0.0735294 0.0147059 0 0 0 0 0 

