2208 2183 1603 100 0 0.732936 0 0 0 0 0 0 0 0 0 0 0 0 0 0 0 0 0 0 0 0 0.0441176 0.117647 0.0588235 0.264706 0.264706 0.132353 0.102941 0.0147059 0 0 0 0 0 

2208 2184 1602 88 0 0.732601 0 0 0 0 0 0 0 0 0 0 0 0 0 0 0 0 0 0 0 0.0147059 0.0441176 0.0294118 0.176471 0.25 0.191176 0.220588 0.0588235 0.0147059 0 0 0 0 0 

2240 2218 1602 87 0 0.721371 0 0 0 0 0 0 0 0 0 0 0 0 0 0 0 0 0 0 0 0.0144928 0.0289855 0.130435 0.188406 0.188406 0.26087 0.15942 0.0289855 0 0 0 0 0 0 

2208 2183 1602 92 0 0.732936 0 0 0 0 0 0 0 0 0 0 0 0 0 0 0 0 0 0 0 0 0.0147059 0.0735294 0.161765 0.308824 0.176471 0.176471 0.0735294 0.0147059 0 0 0 0 0 

2176 2158 1601 78 0 0.741427 0 0 0 0 0 0 0 0 0 0 0 0 0 0 0 0 0 0 0.0149254 0 0.0298507 0.0298507 0.179104 0.119403 0.328358 0.164179 0.119403 0 0.0149254 0 0 0 0 

2208 2185 1602 89 0 0.732265 0 0 0 0 0 0 0 0 0 0 0 0 0 0 0 0 0 0 0 0.0147059 0.0441176 0.0294118 0.176471 0.264706 0.176471 0.205882 0.0882353 0 0 0 0 0 0 

2208 2194 1602 93 0 0.729262 0 0 0 0 0 0 0 0 0 0 0 0 0 0 0 0 0 0 0 0.0441176 0.0294118 0.102941 0.132353 0.235294 0.220588 0.102941 0.0735294 0.0441176 0.0147059 0 0 0 0 

2208 2187 1602 96 0 0.731596 0 0 0 0 0 0 0 0 0 0 0 0 0 0 0 0 0 0 0 0.0294118 0.0294118 0.0441176 0.161765 0.279412 0.220588 0.117647 0.0882353 0.0147059 0.0147059 0 0 0 0 

2240 2214 1602 88 0 0.722674 0 0 0 0 0 0 0 0 0 0 0 0 0 0 0 0 0 0 0 0 0.0289855 0.130435 0.144928 0.275362 0.246377 0.144928 0.0289855 0 0 0 0 0 0 

2208 2190 1602 97 0 0.730594 0 0 0 0 0 0 0 0 0 0 0 0 0 0 0 0 0 0 0 0.0294118 0.0294118 0.0882353 0.176471 0.161765 0.205882 0.235294 0.0588235 0.0147059 0 0 0 0 0 

