2208 2191 1602 97 0 0.73026 0 0 0 0 0 0 0 0 0 0 0 0 0 0 0 0 0 0 0.0147059 0 0.0294118 0.0588235 0.220588 0.176471 0.220588 0.220588 0.0588235 0 0 0 0 0 0 

2208 2199 1601 97 0 0.727603 0 0 0 0 0 0 0 0 0 0 0 0 0 0 0 0 0 0 0 0.0147059 0.0147059 0.102941 0.147059 0.308824 0.205882 0.147059 0.0588235 0 0 0 0 0 0 

2208 2187 1602 95 0 0.731596 0 0 0 0 0 0 0 0 0 0 0 0 0 0 0 0 0 0 0.0147059 0 0.0441176 0.0735294 0.147059 0.176471 0.25 0.25 0.0294118 0.0147059 0 0 0 0 0 

2208 2194 1602 89 0 0.729262 0 0 0 0 0 0 0 0 0 0 0 0 0 0 0 0 0 0 0.0147059 0.0147059 0.0588235 0.0441176 0.205882 0.191176 0.176471 0.191176 0.0735294 0.0294118 0 0 0 0 0 

2240 2218 1602 96 0 0.721371 0 0 0 0 0 0 0 0 0 0 0 0 0 0 0 0 0 0 0 0.0434783 0.0289855 0.0724638 0.202899 0.231884 0.231884 0.130435 0.0434783 0.0144928 0 0 0 0 0 

2240 2211 1602 94 0 0.723654 0 0 0 0 0 0 0 0 0 0 0 0 0 0 0 0 0 0.0144928 0.0144928 0.0144928 0.0289855 0.101449 0.188406 0.173913 0.202899 0.144928 0.0869565 0.0289855 0 0 0 0 0 

2208 2199 1602 91 0 0.727603 0 0 0 0 0 0 0 0 0 0 0 0 0 0 0 0 0 0.0147059 0 0 0.0441176 0.117647 0.161765 0.176471 0.264706 0.132353 0.0441176 0.0441176 0 0 0 0 0 

2208 2182 1603 102 0 0.733272 0 0 0 0 0 0 0 0 0 0 0 0 0 0 0 0 0 0 0 0.0147059 0.0441176 0.0588235 0.132353 0.205882 0.25 0.220588 0.0588235 0.0147059 0 0 0 0 0 

2240 2218 1602 96 0 0.721371 0 0 0 0 0 0 0 0 0 0 0 0 0 0 0 0 0 0 0.0289855 0.0144928 0.0289855 0.115942 0.15942 0.188406 0.26087 0.130435 0.057971 0.0144928 0 0 0 0 0 

2240 2222 1602 98 0 0.720072 0 0 0 0 0 0 0 0 0 0 0 0 0 0 0 0 0 0 0 0.0434783 0.0434783 0.115942 0.15942 0.26087 0.15942 0.115942 0.0869565 0.0144928 0 0 0 0 0 

