2208 2189 1602 98 0 0.730927 0 0 0 0 0 0 0 0 0 0 0 0 0 0 0 0 0 0 0 0 0.0588235 0.0735294 0.132353 0.205882 0.323529 0.132353 0.0588235 0.0147059 0 0 0 0 0 

2208 2193 1602 87 0 0.729594 0 0 0 0 0 0 0 0 0 0 0 0 0 0 0 0 0 0 0 0.0147059 0.0147059 0.132353 0.0882353 0.294118 0.235294 0.132353 0.0882353 0 0 0 0 0 0 

2176 2161 1602 86 0 0.740398 0 0 0 0 0 0 0 0 0 0 0 0 0 0 0 0 0 0 0 0.0149254 0.0298507 0.0597015 0.164179 0.134328 0.268657 0.208955 0.0895522 0.0149254 0.0149254 0 0 0 0 

2208 2183 1602 91 0 0.732936 0 0 0 0 0 0 0 0 0 0 0 0 0 0 0 0 0 0 0.0147059 0 0.0441176 0.0588235 0.132353 0.25 0.25 0.147059 0.0588235 0.0294118 0.0147059 0 0 0 0 

2176 2168 1602 90 0 0.738007 0 0 0 0 0 0 0 0 0 0 0 0 0 0 0 0 0 0 0 0 0.0895522 0.0447761 0.0447761 0.328358 0.179104 0.19403 0.0895522 0.0298507 0 0 0 0 0 

2240 2219 1603 104 0 0.721045 0 0 0 0 0 0 0 0 0 0 0 0 0 0 0 0 0 0 0.0144928 0.0289855 0.0289855 0.0724638 0.275362 0.188406 0.173913 0.115942 0.057971 0.0289855 0.0144928 0 0 0 0 

2208 2185 1603 101 0 0.732265 0 0 0 0 0 0 0 0 0 0 0 0 0 0 0 0 0 0 0.0147059 0.0147059 0.0147059 0.102941 0.102941 0.264706 0.191176 0.161765 0.117647 0.0147059 0 0 0 0 0 

2208 2192 1602 89 0 0.729927 0 0 0 0 0 0 0 0 0 0 0 0 0 0 0 0 0 0 0 0.0147059 0.0294118 0.102941 0.235294 0.161765 0.102941 0.264706 0.0735294 0.0147059 0 0 0 0 0 

2208 2194 1602 88 0 0.729262 0 0 0 0 0 0 0 0 0 0 0 0 0 0 0 0 0 0 0.0147059 0.0294118 0.0588235 0.0735294 0.147059 0.117647 0.25 0.220588 0.0882353 0 0 0 0 0 0 

2208 2190 1602 91 0 0.730594 0 0 0 0 0 0 0 0 0 0 0 0 0 0 0 0 0 0 0 0.0147059 0.0441176 0.0294118 0.176471 0.25 0.264706 0.161765 0.0441176 0.0147059 0 0 0 0 0 

