2176 2152 1602 89 0 0.743494 0 0 0 0 0 0 0 0 0 0 0 0 0 0 0 0 0 0 0 0.0149254 0 0.0597015 0.119403 0.164179 0.313433 0.238806 0.0597015 0.0298507 0 0 0 0 0 

2208 2191 1603 99 0 0.73026 0 0 0 0 0 0 0 0 0 0 0 0 0 0 0 0 0 0 0 0.0147059 0.0588235 0.0588235 0.176471 0.191176 0.279412 0.102941 0.0882353 0.0147059 0.0147059 0 0 0 0 

2240 2223 1603 102 0 0.719748 0 0 0 0 0 0 0 0 0 0 0 0 0 0 0 0 0 0 0 0.0289855 0.057971 0.130435 0.101449 0.26087 0.188406 0.217391 0.0144928 0 0 0 0 0 0 

2208 2194 1602 95 0 0.729262 0 0 0 0 0 0 0 0 0 0 0 0 0 0 0 0 0 0 0 0.0294118 0.0294118 0.0735294 0.132353 0.235294 0.279412 0.161765 0.0588235 0 0 0 0 0 0 

2240 2220 1602 96 0 0.720721 0 0 0 0 0 0 0 0 0 0 0 0 0 0 0 0 0 0 0 0 0.101449 0.115942 0.130435 0.231884 0.202899 0.144928 0.0724638 0 0 0 0 0 0 

2240 2214 1602 91 0 0.722674 0 0 0 0 0 0 0 0 0 0 0 0 0 0 0 0 0 0 0 0.0144928 0.0144928 0.057971 0.231884 0.289855 0.246377 0.101449 0.0434783 0 0 0 0 0 0 

2208 2201 1603 101 0 0.726942 0 0 0 0 0 0 0 0 0 0 0 0 0 0 0 0 0 0 0 0.0294118 0.0294118 0.0735294 0.205882 0.235294 0.176471 0.176471 0.0588235 0.0147059 0 0 0 0 0 

2240 2227 1602 96 0 0.718455 0 0 0 0 0 0 0 0 0 0 0 0 0 0 0 0 0 0 0 0.0289855 0.057971 0.15942 0.101449 0.202899 0.26087 0.173913 0.0144928 0 0 0 0 0 0 

2208 2183 1602 87 0 0.732936 0 0 0 0 0 0 0 0 0 0 0 0 0 0 0 0 0 0 0 0 0.0147059 0.0735294 0.117647 0.338235 0.191176 0.220588 0.0441176 0 0 0 0 0 0 

2208 2194 1602 89 0 0.729262 0 0 0 0 0 0 0 0 0 0 0 0 0 0 0 0 0 0 0 0.0294118 0 0.0882353 0.220588 0.161765 0.264706 0.176471 0.0441176 0.0147059 0 0 0 0 0 

