2240 2231 1603 99 0 0.717167 0 0 0 0 0 0 0 0 0 0 0 0 0 0 0 0 0 0 0.0289855 0.0289855 0.057971 0.101449 0.173913 0.231884 0.144928 0.144928 0.0724638 0.0144928 0 0 0 0 0 

2176 2167 1602 97 0 0.738348 0 0 0 0 0 0 0 0 0 0 0 0 0 0 0 0 0 0 0 0.0149254 0.0447761 0.0447761 0.104478 0.223881 0.268657 0.223881 0.0597015 0.0149254 0 0 0 0 0 

2240 2220 1602 94 0 0.720721 0 0 0 0 0 0 0 0 0 0 0 0 0 0 0 0 0 0 0 0.0434783 0.057971 0.0724638 0.15942 0.231884 0.217391 0.173913 0.0434783 0 0 0 0 0 0 

2208 2201 1602 88 0 0.726942 0 0 0 0 0 0 0 0 0 0 0 0 0 0 0 0 0 0.0147059 0 0 0.0882353 0.0441176 0.132353 0.220588 0.308824 0.132353 0.0441176 0.0147059 0 0 0 0 0 

2240 2218 1602 91 0 0.721371 0 0 0 0 0 0 0 0 0 0 0 0 0 0 0 0 0 0 0 0.0289855 0.0434783 0.0289855 0.26087 0.246377 0.217391 0.101449 0.0724638 0 0 0 0 0 0 

2208 2200 1602 87 0 0.727273 0 0 0 0 0 0 0 0 0 0 0 0 0 0 0 0 0 0 0 0.0294118 0.0441176 0.117647 0.132353 0.191176 0.235294 0.191176 0.0294118 0.0294118 0 0 0 0 0 

2240 2215 1603 98 0 0.722348 0 0 0 0 0 0 0 0 0 0 0 0 0 0 0 0 0 0 0 0.0144928 0.0434783 0.144928 0.115942 0.304348 0.15942 0.101449 0.101449 0.0144928 0 0 0 0 0 

2240 2216 1602 90 0 0.722022 0 0 0 0 0 0 0 0 0 0 0 0 0 0 0 0 0 0 0 0 0.0869565 0.0724638 0.144928 0.304348 0.202899 0.115942 0.0724638 0 0 0 0 0 0 

2208 2183 1602 89 0 0.732936 0 0 0 0 0 0 0 0 0 0 0 0 0 0 0 0 0 0 0 0 0.0294118 0.102941 0.132353 0.264706 0.205882 0.132353 0.117647 0.0147059 0 0 0 0 0 

2208 2182 1602 90 0 0.733272 0 0 0 0 0 0 0 0 0 0 0 0 0 0 0 0 0 0 0 0 0.0294118 0.0294118 0.220588 0.264706 0.220588 0.117647 0.0882353 0.0294118 0 0 0 0 0 

