2208 2193 1602 96 0 0.729594 0 0 0 0 0 0 0 0 0 0 0 0 0 0 0 0 0 0 0 0.0294118 0.0294118 0.0882353 0.117647 0.264706 0.191176 0.220588 0.0588235 0 0 0 0 0 0 

2240 2218 1602 95 0 0.721371 0 0 0 0 0 0 0 0 0 0 0 0 0 0 0 0 0 0.0144928 0 0 0.057971 0.101449 0.15942 0.231884 0.246377 0.130435 0.0434783 0.0144928 0 0 0 0 0 

2176 2170 1601 87 0 0.737327 0 0 0 0 0 0 0 0 0 0 0 0 0 0 0 0 0 0 0 0.0149254 0.0149254 0.119403 0.104478 0.134328 0.358209 0.164179 0.0746269 0.0149254 0 0 0 0 0 

2208 2190 1602 95 0 0.730594 0 0 0 0 0 0 0 0 0 0 0 0 0 0 0 0 0 0 0 0 0.0441176 0.0882353 0.132353 0.279412 0.220588 0.147059 0.0735294 0.0147059 0 0 0 0 0 

2208 2182 1602 96 0 0.733272 0 0 0 0 0 0 0 0 0 0 0 0 0 0 0 0 0 0 0 0.0441176 0.0147059 0.0882353 0.117647 0.176471 0.25 0.205882 0.0882353 0.0147059 0 0 0 0 0 

2208 2182 1602 92 0 0.733272 0 0 0 0 0 0 0 0 0 0 0 0 0 0 0 0 0 0.0147059 0 0 0.0147059 0.0588235 0.264706 0.0735294 0.279412 0.191176 0.0882353 0.0147059 0 0 0 0 0 

2240 2214 1603 109 0 0.722674 0 0 0 0 0 0 0 0 0 0 0 0 0 0 0 0 0 0 0.0144928 0.0144928 0.0434783 0.115942 0.101449 0.275362 0.217391 0.144928 0.057971 0.0144928 0 0 0 0 0 

2208 2203 1601 100 0 0.726282 0 0 0 0 0 0 0 0 0 0 0 0 0 0 0 0 0 0 0 0.0147059 0.102941 0.0735294 0.147059 0.264706 0.147059 0.0882353 0.132353 0.0294118 0 0 0 0 0 

2240 2225 1602 94 0 0.719101 0 0 0 0 0 0 0 0 0 0 0 0 0 0 0 0 0 0 0 0.0289855 0.0724638 0.101449 0.202899 0.217391 0.115942 0.188406 0.0724638 0 0 0 0 0 0 

2240 2214 1602 86 0 0.722674 0 0 0 0 0 0 0 0 0 0 0 0 0 0 0 0 0 0 0 0.0289855 0.057971 0.101449 0.144928 0.275362 0.15942 0.115942 0.101449 0 0.0144928 0 0 0 0 

