2240 2213 1602 95 0 0.723 0 0 0 0 0 0 0 0 0 0 0 0 0 0 0 0 0 0.0144928 0.0144928 0.0289855 0 0.101449 0.130435 0.26087 0.188406 0.231884 0.0144928 0.0144928 0 0 0 0 0 

2176 2166 1602 91 0 0.738689 0 0 0 0 0 0 0 0 0 0 0 0 0 0 0 0 0 0 0 0.0149254 0.0149254 0.0746269 0.208955 0.179104 0.19403 0.149254 0.119403 0.0298507 0.0149254 0 0 0 0 

2240 2224 1603 99 0 0.719424 0 0 0 0 0 0 0 0 0 0 0 0 0 0 0 0 0 0 0.0144928 0.0289855 0.0289855 0.115942 0.130435 0.275362 0.217391 0.144928 0.0434783 0 0 0 0 0 0 

2208 2202 1600 96 0 0.726612 0 0 0 0 0 0 0 0 0 0 0 0 0 0 0 0 0 0 0 0.0147059 0.0294118 0.102941 0.205882 0.264706 0.132353 0.161765 0.0735294 0.0147059 0 0 0 0 0 

2208 2194 1603 102 0 0.729262 0 0 0 0 0 0 0 0 0 0 0 0 0 0 0 0 0 0 0 0.0294118 0.0588235 0.0588235 0.191176 0.161765 0.220588 0.161765 0.102941 0.0147059 0 0 0 0 0 

2208 2199 1600 92 0 0.727603 0 0 0 0 0 0 0 0 0 0 0 0 0 0 0 0 0 0 0.0147059 0.0294118 0.0147059 0.0441176 0.176471 0.294118 0.205882 0.161765 0.0441176 0.0147059 0 0 0 0 0 

2208 2186 1602 91 0 0.73193 0 0 0 0 0 0 0 0 0 0 0 0 0 0 0 0 0 0 0 0 0.0147059 0.117647 0.147059 0.235294 0.205882 0.235294 0.0294118 0 0.0147059 0 0 0 0 

2240 2219 1602 94 0 0.721045 0 0 0 0 0 0 0 0 0 0 0 0 0 0 0 0 0 0 0 0.0289855 0.0724638 0.115942 0.188406 0.130435 0.188406 0.202899 0.0724638 0 0 0 0 0 0 

2240 2232 1601 95 0 0.716846 0 0 0 0 0 0 0 0 0 0 0 0 0 0 0 0 0 0 0 0.0289855 0.0869565 0.0869565 0.130435 0.289855 0.217391 0.144928 0.0144928 0 0 0 0 0 0 

2240 2228 1602 96 0 0.718133 0 0 0 0 0 0 0 0 0 0 0 0 0 0 0 0 0 0 0.0144928 0.0289855 0.0434783 0.15942 0.15942 0.202899 0.15942 0.144928 0.0724638 0.0144928 0 0 0 0 0 

