2240 2211 1602 87 0 0.723654 0 0 0 0 0 0 0 0 0 0 0 0 0 0 0 0 0 0 0.0144928 0.0289855 0.0724638 0.0434783 0.173913 0.130435 0.347826 0.0724638 0.115942 0 0 0 0 0 0 

2240 2223 1602 97 0 0.719748 0 0 0 0 0 0 0 0 0 0 0 0 0 0 0 0 0 0 0.0144928 0.0144928 0.0434783 0.115942 0.144928 0.289855 0.173913 0.144928 0.057971 0 0 0 0 0 0 

2208 2199 1602 98 0 0.727603 0 0 0 0 0 0 0 0 0 0 0 0 0 0 0 0 0 0.0147059 0 0.0147059 0.0588235 0.0735294 0.102941 0.279412 0.220588 0.132353 0.102941 0 0 0 0 0 0 

2208 2199 1602 90 0 0.727603 0 0 0 0 0 0 0 0 0 0 0 0 0 0 0 0 0 0 0.0294118 0 0.0147059 0.147059 0.176471 0.191176 0.161765 0.176471 0.0441176 0.0588235 0 0 0 0 0 

2208 2190 1602 93 0 0.730594 0 0 0 0 0 0 0 0 0 0 0 0 0 0 0 0 0 0 0 0.0147059 0.0588235 0.0588235 0.176471 0.205882 0.220588 0.161765 0.0735294 0.0294118 0 0 0 0 0 

2240 2227 1602 94 0 0.718455 0 0 0 0 0 0 0 0 0 0 0 0 0 0 0 0 0 0 0.0144928 0.0144928 0.0434783 0.130435 0.173913 0.231884 0.231884 0.0724638 0.0869565 0 0 0 0 0 0 

2208 2194 1603 100 0 0.729262 0 0 0 0 0 0 0 0 0 0 0 0 0 0 0 0 0 0 0 0.0294118 0.0588235 0.0441176 0.132353 0.279412 0.205882 0.161765 0.0588235 0.0294118 0 0 0 0 0 

2208 2203 1601 94 0 0.726282 0 0 0 0 0 0 0 0 0 0 0 0 0 0 0 0 0 0 0.0147059 0.0147059 0.0147059 0.132353 0.161765 0.235294 0.176471 0.176471 0.0588235 0.0147059 0 0 0 0 0 

2240 2214 1602 95 0 0.722674 0 0 0 0 0 0 0 0 0 0 0 0 0 0 0 0 0 0 0.0144928 0.0144928 0.0434783 0.0434783 0.202899 0.289855 0.173913 0.15942 0.0434783 0.0144928 0 0 0 0 0 

2240 2215 1602 95 0 0.722348 0 0 0 0 0 0 0 0 0 0 0 0 0 0 0 0 0 0 0.0289855 0 0 0.130435 0.0869565 0.362319 0.202899 0.15942 0.0289855 0 0 0 0 0 0 

