2240 2213 1602 87 0 0.723 0 0 0 0 0 0 0 0 0 0 0 0 0 0 0 0 0 0.0144928 0.0144928 0 0.0869565 0.0434783 0.217391 0.130435 0.231884 0.15942 0.0869565 0.0144928 0 0 0 0 0 

2176 2165 1602 86 0 0.73903 0 0 0 0 0 0 0 0 0 0 0 0 0 0 0 0 0 0.0149254 0 0.0149254 0.0298507 0.0746269 0.0597015 0.208955 0.223881 0.298507 0.0746269 0 0 0 0 0 0 

2240 2217 1602 88 0 0.721696 0 0 0 0 0 0 0 0 0 0 0 0 0 0 0 0 0 0 0 0.0289855 0.057971 0.130435 0.0869565 0.231884 0.275362 0.115942 0.0724638 0 0 0 0 0 0 

2208 2204 1600 94 0 0.725953 0 0 0 0 0 0 0 0 0 0 0 0 0 0 0 0 0 0 0.0147059 0.0147059 0.0588235 0.117647 0.132353 0.176471 0.25 0.161765 0.0441176 0.0294118 0 0 0 0 0 

2240 2227 1602 97 0 0.718455 0 0 0 0 0 0 0 0 0 0 0 0 0 0 0 0 0 0.0144928 0 0.0289855 0.0434783 0.0869565 0.217391 0.217391 0.188406 0.144928 0.0434783 0.0144928 0 0 0 0 0 

2240 2217 1603 104 0 0.721696 0 0 0 0 0 0 0 0 0 0 0 0 0 0 0 0 0 0.0144928 0.0289855 0.0289855 0.0289855 0.0724638 0.101449 0.231884 0.231884 0.231884 0.0289855 0 0 0 0 0 0 

2272 2243 1602 93 0 0.71333 0 0 0 0 0 0 0 0 0 0 0 0 0 0 0 0 0 0.0142857 0.0142857 0.0428571 0.0428571 0.1 0.142857 0.185714 0.3 0.128571 0.0285714 0 0 0 0 0 0 

2208 2191 1602 92 0 0.73026 0 0 0 0 0 0 0 0 0 0 0 0 0 0 0 0 0 0 0.0147059 0 0.0294118 0.0735294 0.161765 0.294118 0.147059 0.191176 0.0735294 0.0147059 0 0 0 0 0 

2208 2190 1602 86 0 0.730594 0 0 0 0 0 0 0 0 0 0 0 0 0 0 0 0 0 0 0 0 0 0.147059 0.176471 0.235294 0.191176 0.132353 0.102941 0.0147059 0 0 0 0 0 

2208 2200 1601 96 0 0.727273 0 0 0 0 0 0 0 0 0 0 0 0 0 0 0 0 0 0 0 0.0294118 0.0294118 0.0882353 0.176471 0.205882 0.25 0.161765 0.0441176 0.0147059 0 0 0 0 0 

