2272 2261 1602 98 0 0.707651 0 0 0 0 0 0 0 0 0 0 0 0 0 0 0 0 0 0 0 0.0714286 0.0714286 0.171429 0.157143 0.157143 0.214286 0.1 0.0571429 0 0 0 0 0 0 

2208 2197 1602 96 0 0.728266 0 0 0 0 0 0 0 0 0 0 0 0 0 0 0 0 0 0 0 0.0147059 0.0441176 0.0882353 0.176471 0.147059 0.323529 0.147059 0.0588235 0 0 0 0 0 0 

2240 2230 1603 103 0 0.717489 0 0 0 0 0 0 0 0 0 0 0 0 0 0 0 0 0 0 0 0.0434783 0.0434783 0.0869565 0.188406 0.231884 0.26087 0.115942 0.0289855 0 0 0 0 0 0 

2240 2215 1602 97 0 0.722348 0 0 0 0 0 0 0 0 0 0 0 0 0 0 0 0 0 0 0 0.0144928 0.0289855 0.130435 0.144928 0.275362 0.188406 0.188406 0.0144928 0.0144928 0 0 0 0 0 

2240 2220 1602 92 0 0.720721 0 0 0 0 0 0 0 0 0 0 0 0 0 0 0 0 0 0 0 0.0144928 0.057971 0.115942 0.26087 0.101449 0.188406 0.202899 0.057971 0 0 0 0 0 0 

2240 2229 1603 100 0 0.717811 0 0 0 0 0 0 0 0 0 0 0 0 0 0 0 0 0 0 0 0.0289855 0.057971 0.115942 0.188406 0.246377 0.173913 0.115942 0.057971 0.0144928 0 0 0 0 0 

2240 2221 1602 98 0 0.720396 0 0 0 0 0 0 0 0 0 0 0 0 0 0 0 0 0 0 0.0144928 0.0144928 0.0434783 0.115942 0.15942 0.26087 0.188406 0.115942 0.0869565 0 0 0 0 0 0 

2240 2221 1602 97 0 0.720396 0 0 0 0 0 0 0 0 0 0 0 0 0 0 0 0 0 0 0.0434783 0 0.0869565 0.0434783 0.130435 0.275362 0.217391 0.115942 0.0724638 0.0144928 0 0 0 0 0 

2240 2217 1602 84 0 0.721696 0 0 0 0 0 0 0 0 0 0 0 0 0 0 0 0 0 0 0.0144928 0.0289855 0.057971 0.130435 0.057971 0.246377 0.231884 0.15942 0.0724638 0 0 0 0 0 0 

2176 2166 1602 93 0 0.738689 0 0 0 0 0 0 0 0 0 0 0 0 0 0 0 0 0 0 0 0 0.0447761 0.0298507 0.134328 0.298507 0.208955 0.19403 0.0597015 0.0149254 0.0149254 0 0 0 0 

