2240 2218 1603 99 0 0.721371 0 0 0 0 0 0 0 0 0 0 0 0 0 0 0 0 0 0 0 0.0289855 0.057971 0.101449 0.101449 0.246377 0.275362 0.15942 0.0289855 0 0 0 0 0 0 

2176 2153 1602 83 0 0.743149 0 0 0 0 0 0 0 0 0 0 0 0 0 0 0 0 0 0 0 0.0149254 0 0.0298507 0.134328 0.223881 0.238806 0.298507 0.0447761 0.0149254 0 0 0 0 0 

2240 2224 1603 109 0 0.719424 0 0 0 0 0 0 0 0 0 0 0 0 0 0 0 0 0 0 0.0144928 0 0.0869565 0.115942 0.130435 0.275362 0.173913 0.115942 0.057971 0.0289855 0 0 0 0 0 

2208 2200 1602 92 0 0.727273 0 0 0 0 0 0 0 0 0 0 0 0 0 0 0 0 0 0 0 0.0147059 0.0441176 0.117647 0.147059 0.25 0.205882 0.117647 0.0735294 0.0294118 0 0 0 0 0 

2208 2179 1602 92 0 0.734282 0 0 0 0 0 0 0 0 0 0 0 0 0 0 0 0 0 0 0 0.0147059 0.0294118 0.0735294 0.147059 0.205882 0.235294 0.176471 0.102941 0.0147059 0 0 0 0 0 

2208 2201 1601 92 0 0.726942 0 0 0 0 0 0 0 0 0 0 0 0 0 0 0 0 0 0 0.0147059 0 0.0294118 0.117647 0.117647 0.220588 0.367647 0.0735294 0.0441176 0.0147059 0 0 0 0 0 

2240 2220 1602 98 0 0.720721 0 0 0 0 0 0 0 0 0 0 0 0 0 0 0 0 0 0 0.0144928 0.0289855 0.0144928 0.101449 0.173913 0.275362 0.15942 0.202899 0.0289855 0 0 0 0 0 0 

2208 2199 1600 89 0 0.727603 0 0 0 0 0 0 0 0 0 0 0 0 0 0 0 0 0 0 0 0.0147059 0.0147059 0.0882353 0.191176 0.294118 0.176471 0.161765 0.0441176 0.0147059 0 0 0 0 0 

2240 2220 1603 101 0 0.720721 0 0 0 0 0 0 0 0 0 0 0 0 0 0 0 0 0 0 0 0.0144928 0.0434783 0.101449 0.231884 0.217391 0.202899 0.130435 0.0289855 0.0144928 0.0144928 0 0 0 0 

2240 2221 1602 85 0 0.720396 0 0 0 0 0 0 0 0 0 0 0 0 0 0 0 0 0 0.0144928 0.0144928 0.0144928 0.057971 0.057971 0.188406 0.188406 0.246377 0.173913 0.0434783 0 0 0 0 0 0 

