2208 2195 1602 89 0 0.728929 0 0 0 0 0 0 0 0 0 0 0 0 0 0 0 0 0 0 0 0 0.0294118 0.0882353 0.176471 0.25 0.264706 0.132353 0.0441176 0.0147059 0 0 0 0 0 

2208 2197 1602 90 0 0.728266 0 0 0 0 0 0 0 0 0 0 0 0 0 0 0 0 0 0 0 0 0.0147059 0.132353 0.205882 0.220588 0.205882 0.132353 0.0588235 0.0294118 0 0 0 0 0 

2272 2244 1602 96 0 0.713012 0 0 0 0 0 0 0 0 0 0 0 0 0 0 0 0 0 0 0 0.0428571 0.0428571 0.1 0.214286 0.3 0.142857 0.1 0.0285714 0.0285714 0 0 0 0 0 

2208 2198 1602 93 0 0.727934 0 0 0 0 0 0 0 0 0 0 0 0 0 0 0 0 0 0 0 0 0.0441176 0.102941 0.176471 0.264706 0.191176 0.147059 0.0441176 0.0147059 0.0147059 0 0 0 0 

2240 2217 1602 89 0 0.721696 0 0 0 0 0 0 0 0 0 0 0 0 0 0 0 0 0 0 0.0144928 0.0144928 0.0434783 0.0724638 0.202899 0.246377 0.202899 0.130435 0.057971 0.0144928 0 0 0 0 0 

2240 2221 1603 105 0 0.720396 0 0 0 0 0 0 0 0 0 0 0 0 0 0 0 0 0 0 0.0289855 0 0.0144928 0.144928 0.173913 0.246377 0.173913 0.144928 0.057971 0.0144928 0 0 0 0 0 

2208 2197 1602 87 0 0.728266 0 0 0 0 0 0 0 0 0 0 0 0 0 0 0 0 0 0 0 0.0294118 0.0441176 0.0882353 0.161765 0.147059 0.294118 0.161765 0.0735294 0 0 0 0 0 0 

2240 2224 1602 97 0 0.719424 0 0 0 0 0 0 0 0 0 0 0 0 0 0 0 0 0 0 0 0.0289855 0.057971 0.115942 0.15942 0.275362 0.15942 0.130435 0.0434783 0.0289855 0 0 0 0 0 

2208 2200 1602 93 0 0.727273 0 0 0 0 0 0 0 0 0 0 0 0 0 0 0 0 0 0 0 0 0.0441176 0.132353 0.176471 0.220588 0.205882 0.117647 0.0735294 0.0294118 0 0 0 0 0 

2208 2181 1602 94 0 0.733608 0 0 0 0 0 0 0 0 0 0 0 0 0 0 0 0 0 0 0 0.0147059 0.0147059 0.0441176 0.176471 0.294118 0.191176 0.147059 0.102941 0.0147059 0 0 0 0 0 

