2208 2199 1602 92 0 0.727603 0 0 0 0 0 0 0 0 0 0 0 0 0 0 0 0 0 0 0.0147059 0.0147059 0.0147059 0.102941 0.205882 0.176471 0.205882 0.205882 0.0441176 0.0147059 0 0 0 0 0 

2208 2191 1602 88 0 0.73026 0 0 0 0 0 0 0 0 0 0 0 0 0 0 0 0 0 0.0147059 0 0.0147059 0.0441176 0.0441176 0.205882 0.161765 0.235294 0.161765 0.117647 0 0 0 0 0 0 

2208 2198 1601 89 0 0.727934 0 0 0 0 0 0 0 0 0 0 0 0 0 0 0 0 0 0 0 0.0294118 0.0147059 0.0882353 0.147059 0.308824 0.191176 0.161765 0.0294118 0.0294118 0 0 0 0 0 

2176 2167 1602 89 0 0.738348 0 0 0 0 0 0 0 0 0 0 0 0 0 0 0 0 0 0 0 0.0149254 0.0149254 0.0597015 0.164179 0.238806 0.149254 0.283582 0.0597015 0.0149254 0 0 0 0 0 

2208 2185 1602 95 0 0.732265 0 0 0 0 0 0 0 0 0 0 0 0 0 0 0 0 0 0 0.0147059 0.0147059 0.0294118 0.117647 0.0441176 0.205882 0.279412 0.235294 0.0588235 0 0 0 0 0 0 

2208 2203 1600 88 0 0.726282 0 0 0 0 0 0 0 0 0 0 0 0 0 0 0 0 0 0.0147059 0 0 0.0294118 0.161765 0.0882353 0.264706 0.220588 0.147059 0.0588235 0.0147059 0 0 0 0 0 

2240 2214 1602 93 0 0.722674 0 0 0 0 0 0 0 0 0 0 0 0 0 0 0 0 0 0 0 0.0289855 0.0434783 0.0724638 0.202899 0.188406 0.275362 0.130435 0.0434783 0.0144928 0 0 0 0 0 

2208 2192 1602 84 0 0.729927 0 0 0 0 0 0 0 0 0 0 0 0 0 0 0 0 0 0 0 0 0.0441176 0.0882353 0.205882 0.176471 0.205882 0.205882 0.0735294 0 0 0 0 0 0 

2208 2193 1602 97 0 0.729594 0 0 0 0 0 0 0 0 0 0 0 0 0 0 0 0 0 0 0 0.0147059 0.0147059 0.0882353 0.161765 0.25 0.220588 0.220588 0.0294118 0 0 0 0 0 0 

2208 2188 1602 94 0 0.731261 0 0 0 0 0 0 0 0 0 0 0 0 0 0 0 0 0 0 0 0.0294118 0.0294118 0.102941 0.0735294 0.264706 0.235294 0.176471 0.0735294 0.0147059 0 0 0 0 0 

