2208 2194 1602 97 0 0.729262 0 0 0 0 0 0 0 0 0 0 0 0 0 0 0 0 0 0 0 0.0147059 0.0294118 0.132353 0.117647 0.161765 0.308824 0.205882 0.0147059 0.0147059 0 0 0 0 0 

2272 2246 1602 98 0 0.712378 0 0 0 0 0 0 0 0 0 0 0 0 0 0 0 0 0 0 0 0.0857143 0.0285714 0.114286 0.142857 0.257143 0.171429 0.171429 0.0285714 0 0 0 0 0 0 

2240 2212 1603 101 0 0.723327 0 0 0 0 0 0 0 0 0 0 0 0 0 0 0 0 0 0 0 0.0289855 0.0869565 0.101449 0.101449 0.15942 0.275362 0.173913 0.057971 0.0144928 0 0 0 0 0 

2240 2233 1603 104 0 0.716525 0 0 0 0 0 0 0 0 0 0 0 0 0 0 0 0 0 0 0 0.0434783 0.057971 0.0724638 0.173913 0.26087 0.26087 0.115942 0.0144928 0 0 0 0 0 0 

2208 2196 1602 85 0 0.728597 0 0 0 0 0 0 0 0 0 0 0 0 0 0 0 0 0 0.0147059 0 0.0294118 0.0294118 0.0735294 0.147059 0.220588 0.25 0.132353 0.0735294 0.0294118 0 0 0 0 0 

2208 2197 1602 96 0 0.728266 0 0 0 0 0 0 0 0 0 0 0 0 0 0 0 0 0 0 0.0147059 0 0.0294118 0.132353 0.147059 0.176471 0.294118 0.0882353 0.117647 0 0 0 0 0 0 

2208 2184 1602 90 0 0.732601 0 0 0 0 0 0 0 0 0 0 0 0 0 0 0 0 0 0 0.0147059 0 0 0.102941 0.117647 0.176471 0.411765 0.102941 0.0735294 0 0 0 0 0 0 

2208 2189 1602 96 0 0.730927 0 0 0 0 0 0 0 0 0 0 0 0 0 0 0 0 0 0 0 0 0.0735294 0.0882353 0.176471 0.147059 0.235294 0.147059 0.117647 0.0147059 0 0 0 0 0 

2240 2215 1602 96 0 0.722348 0 0 0 0 0 0 0 0 0 0 0 0 0 0 0 0 0 0 0.0289855 0 0.0144928 0.0869565 0.173913 0.289855 0.231884 0.130435 0.0144928 0.0289855 0 0 0 0 0 

2208 2179 1602 93 0 0.734282 0 0 0 0 0 0 0 0 0 0 0 0 0 0 0 0 0 0 0 0 0.0588235 0.0441176 0.147059 0.205882 0.25 0.205882 0.0882353 0 0 0 0 0 0 

