2240 2213 1602 95 0 0.723 0 0 0 0 0 0 0 0 0 0 0 0 0 0 0 0 0 0 0.0144928 0.0144928 0.0144928 0.0869565 0.15942 0.304348 0.231884 0.115942 0.0434783 0.0144928 0 0 0 0 0 

2240 2222 1603 101 0 0.720072 0 0 0 0 0 0 0 0 0 0 0 0 0 0 0 0 0 0 0 0.0434783 0.0289855 0.101449 0.246377 0.15942 0.231884 0.115942 0.0289855 0.0289855 0.0144928 0 0 0 0 

2208 2184 1602 87 0 0.732601 0 0 0 0 0 0 0 0 0 0 0 0 0 0 0 0 0 0 0 0 0.0147059 0.0882353 0.147059 0.25 0.264706 0.161765 0.0735294 0 0 0 0 0 0 

2208 2195 1602 94 0 0.728929 0 0 0 0 0 0 0 0 0 0 0 0 0 0 0 0 0 0 0.0147059 0.0147059 0.0441176 0.0588235 0.191176 0.191176 0.235294 0.176471 0.0441176 0.0147059 0.0147059 0 0 0 0 

2208 2180 1602 90 0 0.733945 0 0 0 0 0 0 0 0 0 0 0 0 0 0 0 0 0 0 0.0147059 0.0147059 0.0735294 0.0588235 0.117647 0.147059 0.220588 0.25 0.0588235 0.0294118 0.0147059 0 0 0 0 

2208 2180 1602 88 0 0.733945 0 0 0 0 0 0 0 0 0 0 0 0 0 0 0 0 0 0 0 0.0294118 0.0147059 0.0735294 0.147059 0.220588 0.205882 0.191176 0.102941 0.0147059 0 0 0 0 0 

2208 2202 1602 98 0 0.726612 0 0 0 0 0 0 0 0 0 0 0 0 0 0 0 0 0 0 0.0147059 0.0147059 0.0735294 0.0882353 0.102941 0.25 0.161765 0.25 0.0294118 0.0147059 0 0 0 0 0 

2208 2203 1602 90 0 0.726282 0 0 0 0 0 0 0 0 0 0 0 0 0 0 0 0 0 0 0 0.0441176 0.0441176 0.0735294 0.161765 0.205882 0.25 0.147059 0.0588235 0.0147059 0 0 0 0 0 

2208 2195 1603 99 0 0.728929 0 0 0 0 0 0 0 0 0 0 0 0 0 0 0 0 0 0 0 0.0441176 0.0294118 0.0441176 0.102941 0.308824 0.264706 0.132353 0.0735294 0 0 0 0 0 0 

2240 2211 1602 84 0 0.723654 0 0 0 0 0 0 0 0 0 0 0 0 0 0 0 0 0 0 0.0144928 0.0144928 0.0724638 0.057971 0.101449 0.333333 0.144928 0.202899 0.0434783 0.0144928 0 0 0 0 0 

