2240 2212 1602 96 0 0.723327 0 0 0 0 0 0 0 0 0 0 0 0 0 0 0 0 0.0144928 0 0 0.0144928 0.057971 0.0869565 0.101449 0.202899 0.304348 0.188406 0.0289855 0 0 0 0 0 0 

2208 2182 1602 96 0 0.733272 0 0 0 0 0 0 0 0 0 0 0 0 0 0 0 0 0 0 0 0 0.0147059 0.132353 0.161765 0.220588 0.176471 0.161765 0.0882353 0.0441176 0 0 0 0 0 

2176 2164 1602 83 0 0.739372 0 0 0 0 0 0 0 0 0 0 0 0 0 0 0 0 0 0 0 0 0.0149254 0.104478 0.119403 0.223881 0.238806 0.164179 0.119403 0.0149254 0 0 0 0 0 

2208 2197 1602 95 0 0.728266 0 0 0 0 0 0 0 0 0 0 0 0 0 0 0 0 0 0 0.0147059 0 0.0294118 0.102941 0.161765 0.191176 0.279412 0.161765 0.0588235 0 0 0 0 0 0 

2272 2255 1602 97 0 0.709534 0 0 0 0 0 0 0 0 0 0 0 0 0 0 0 0 0.0142857 0 0 0.0571429 0.0714286 0.157143 0.1 0.157143 0.285714 0.128571 0.0285714 0 0 0 0 0 0 

2240 2228 1602 95 0 0.718133 0 0 0 0 0 0 0 0 0 0 0 0 0 0 0 0 0 0 0.0144928 0.0144928 0.0724638 0.0869565 0.217391 0.188406 0.202899 0.15942 0.0289855 0.0144928 0 0 0 0 0 

2208 2187 1602 96 0 0.731596 0 0 0 0 0 0 0 0 0 0 0 0 0 0 0 0 0 0.0147059 0 0 0.0441176 0.0882353 0.147059 0.176471 0.25 0.191176 0.0441176 0.0441176 0 0 0 0 0 

2240 2217 1602 96 0 0.721696 0 0 0 0 0 0 0 0 0 0 0 0 0 0 0 0 0 0 0 0.0289855 0.0434783 0.101449 0.144928 0.275362 0.231884 0.115942 0.0289855 0.0144928 0.0144928 0 0 0 0 

2208 2200 1603 103 0 0.727273 0 0 0 0 0 0 0 0 0 0 0 0 0 0 0 0 0 0 0.0147059 0.0147059 0 0.117647 0.161765 0.235294 0.220588 0.191176 0.0294118 0.0147059 0 0 0 0 0 

2208 2184 1602 96 0 0.732601 0 0 0 0 0 0 0 0 0 0 0 0 0 0 0 0 0 0 0 0.0147059 0.0147059 0.0588235 0.205882 0.220588 0.220588 0.191176 0.0294118 0.0441176 0 0 0 0 0 

