2240 2222 1603 107 0 0.720072 0 0 0 0 0 0 0 0 0 0 0 0 0 0 0 0 0 0 0 0.0289855 0.0434783 0.144928 0.144928 0.217391 0.217391 0.130435 0.057971 0.0144928 0 0 0 0 0 

2240 2222 1602 93 0 0.720072 0 0 0 0 0 0 0 0 0 0 0 0 0 0 0 0 0 0.0144928 0 0.0144928 0.0289855 0.15942 0.15942 0.231884 0.188406 0.101449 0.0724638 0.0289855 0 0 0 0 0 

2208 2191 1602 97 0 0.73026 0 0 0 0 0 0 0 0 0 0 0 0 0 0 0 0 0 0 0.0147059 0.0147059 0.0294118 0.102941 0.0882353 0.220588 0.294118 0.161765 0.0588235 0.0147059 0 0 0 0 0 

2240 2228 1602 89 0 0.718133 0 0 0 0 0 0 0 0 0 0 0 0 0 0 0 0 0 0.0144928 0.0434783 0 0.0144928 0.115942 0.202899 0.188406 0.217391 0.144928 0.0289855 0.0289855 0 0 0 0 0 

2208 2188 1602 92 0 0.731261 0 0 0 0 0 0 0 0 0 0 0 0 0 0 0 0 0 0 0 0 0.0294118 0.0588235 0.191176 0.220588 0.323529 0.0735294 0.102941 0 0 0 0 0 0 

2240 2232 1602 88 0 0.716846 0 0 0 0 0 0 0 0 0 0 0 0 0 0 0 0 0 0 0.0289855 0.0144928 0.0724638 0.0869565 0.231884 0.188406 0.15942 0.144928 0.0434783 0.0289855 0 0 0 0 0 

2240 2230 1602 94 0 0.717489 0 0 0 0 0 0 0 0 0 0 0 0 0 0 0 0 0 0 0.0144928 0 0.0724638 0.101449 0.202899 0.246377 0.173913 0.144928 0.0434783 0 0 0 0 0 0 

2208 2188 1602 97 0 0.731261 0 0 0 0 0 0 0 0 0 0 0 0 0 0 0 0 0 0.0147059 0 0.0147059 0.0588235 0.0294118 0.147059 0.235294 0.25 0.147059 0.0441176 0.0588235 0 0 0 0 0 

2208 2188 1602 95 0 0.731261 0 0 0 0 0 0 0 0 0 0 0 0 0 0 0 0 0 0 0 0.0147059 0 0.0735294 0.205882 0.205882 0.264706 0.176471 0.0588235 0 0 0 0 0 0 

2208 2202 1601 101 0 0.726612 0 0 0 0 0 0 0 0 0 0 0 0 0 0 0 0 0 0 0 0.0294118 0.0588235 0.117647 0.205882 0.0882353 0.191176 0.205882 0.0882353 0.0147059 0 0 0 0 0 

