2208 2192 1603 99 0 0.729927 0 0 0 0 0 0 0 0 0 0 0 0 0 0 0 0 0 0 0.0147059 0.0147059 0.0147059 0.0735294 0.205882 0.220588 0.205882 0.132353 0.0882353 0.0147059 0.0147059 0 0 0 0 

2208 2197 1602 94 0 0.728266 0 0 0 0 0 0 0 0 0 0 0 0 0 0 0 0 0 0.0147059 0 0 0.0294118 0.117647 0.147059 0.191176 0.264706 0.161765 0.0735294 0 0 0 0 0 0 

2176 2168 1600 98 0 0.738007 0 0 0 0 0 0 0 0 0 0 0 0 0 0 0 0 0 0 0 0 0.0447761 0.0895522 0.119403 0.19403 0.238806 0.238806 0.0597015 0 0 0.0149254 0 0 0 

2208 2199 1602 83 0 0.727603 0 0 0 0 0 0 0 0 0 0 0 0 0 0 0 0 0 0 0 0.0147059 0 0.132353 0.176471 0.220588 0.235294 0.176471 0.0441176 0 0 0 0 0 0 

2208 2197 1603 100 0 0.728266 0 0 0 0 0 0 0 0 0 0 0 0 0 0 0 0 0 0 0.0147059 0 0.0441176 0.0294118 0.235294 0.25 0.176471 0.161765 0.0882353 0 0 0 0 0 0 

2208 2195 1602 95 0 0.728929 0 0 0 0 0 0 0 0 0 0 0 0 0 0 0 0 0 0 0 0.0147059 0.0441176 0.0882353 0.220588 0.132353 0.205882 0.220588 0.0735294 0 0 0 0 0 0 

2208 2189 1602 93 0 0.730927 0 0 0 0 0 0 0 0 0 0 0 0 0 0 0 0 0 0 0 0.0441176 0 0.0882353 0.132353 0.264706 0.235294 0.132353 0.0735294 0.0147059 0.0147059 0 0 0 0 

2240 2226 1602 97 0 0.718778 0 0 0 0 0 0 0 0 0 0 0 0 0 0 0 0 0 0 0 0.0144928 0.101449 0.0724638 0.173913 0.26087 0.188406 0.115942 0.0724638 0 0 0 0 0 0 

2208 2198 1602 89 0 0.727934 0 0 0 0 0 0 0 0 0 0 0 0 0 0 0 0 0 0 0.0294118 0.0147059 0.0294118 0.102941 0.0735294 0.235294 0.279412 0.191176 0.0294118 0.0147059 0 0 0 0 0 

2208 2186 1602 86 0 0.73193 0 0 0 0 0 0 0 0 0 0 0 0 0 0 0 0 0 0 0 0.0147059 0.0147059 0.0882353 0.132353 0.264706 0.220588 0.205882 0.0441176 0.0147059 0 0 0 0 0 

