2208 2189 1603 99 0 0.730927 0 0 0 0 0 0 0 0 0 0 0 0 0 0 0 0 0 0 0 0.0147059 0.0147059 0.0882353 0.147059 0.279412 0.191176 0.205882 0.0294118 0.0294118 0 0 0 0 0 

2208 2196 1602 95 0 0.728597 0 0 0 0 0 0 0 0 0 0 0 0 0 0 0 0 0 0 0 0.0147059 0.0294118 0.0735294 0.161765 0.25 0.264706 0.161765 0.0441176 0 0 0 0 0 0 

2176 2163 1602 83 0 0.739713 0 0 0 0 0 0 0 0 0 0 0 0 0 0 0 0 0 0 0 0.0149254 0.0447761 0.0746269 0.119403 0.164179 0.253731 0.19403 0.0895522 0.0447761 0 0 0 0 0 

2240 2217 1602 96 0 0.721696 0 0 0 0 0 0 0 0 0 0 0 0 0 0 0 0 0 0 0.0144928 0.0144928 0.0724638 0.0434783 0.231884 0.217391 0.173913 0.130435 0.0869565 0.0144928 0 0 0 0 0 

2208 2182 1602 93 0 0.733272 0 0 0 0 0 0 0 0 0 0 0 0 0 0 0 0 0 0 0 0 0 0.0735294 0.205882 0.25 0.220588 0.176471 0.0588235 0 0.0147059 0 0 0 0 

2208 2199 1601 97 0 0.727603 0 0 0 0 0 0 0 0 0 0 0 0 0 0 0 0 0 0 0 0.0147059 0.0294118 0.0735294 0.147059 0.352941 0.191176 0.117647 0.0588235 0.0147059 0 0 0 0 0 

2176 2149 1602 82 0 0.744532 0 0 0 0 0 0 0 0 0 0 0 0 0 0 0 0 0 0 0 0 0.0298507 0.0447761 0.104478 0.223881 0.238806 0.223881 0.119403 0 0.0149254 0 0 0 0 

2240 2211 1602 95 0 0.723654 0 0 0 0 0 0 0 0 0 0 0 0 0 0 0 0 0 0 0 0.0289855 0.0434783 0.130435 0.115942 0.173913 0.231884 0.26087 0.0144928 0 0 0 0 0 0 

2272 2249 1602 95 0 0.711427 0 0 0 0 0 0 0 0 0 0 0 0 0 0 0 0 0 0 0.0285714 0 0.0857143 0.114286 0.185714 0.3 0.1 0.0857143 0.1 0 0 0 0 0 0 

2208 2189 1602 93 0 0.730927 0 0 0 0 0 0 0 0 0 0 0 0 0 0 0 0 0 0 0 0.0294118 0.0147059 0.0882353 0.191176 0.161765 0.235294 0.191176 0.0735294 0.0147059 0 0 0 0 0 

