2176 2170 1601 94 0 0.737327 0 0 0 0 0 0 0 0 0 0 0 0 0 0 0 0 0 0 0 0 0 0.0895522 0.104478 0.343284 0.253731 0.119403 0.0597015 0.0149254 0.0149254 0 0 0 0 

2208 2196 1602 90 0 0.728597 0 0 0 0 0 0 0 0 0 0 0 0 0 0 0 0 0 0 0 0.0147059 0.0588235 0.0735294 0.205882 0.220588 0.117647 0.220588 0.0735294 0 0.0147059 0 0 0 0 

2176 2172 1600 92 0 0.736648 0 0 0 0 0 0 0 0 0 0 0 0 0 0 0 0 0 0 0 0.0149254 0.0447761 0.0447761 0.179104 0.238806 0.208955 0.119403 0.0895522 0.0597015 0 0 0 0 0 

2208 2194 1602 89 0 0.729262 0 0 0 0 0 0 0 0 0 0 0 0 0 0 0 0 0 0 0 0 0.0147059 0.176471 0.132353 0.205882 0.220588 0.176471 0.0441176 0.0294118 0 0 0 0 0 

2240 2214 1603 99 0 0.722674 0 0 0 0 0 0 0 0 0 0 0 0 0 0 0 0 0 0 0 0.0144928 0.0289855 0.144928 0.173913 0.231884 0.188406 0.115942 0.0869565 0 0.0144928 0 0 0 0 

2240 2217 1603 103 0 0.721696 0 0 0 0 0 0 0 0 0 0 0 0 0 0 0 0 0 0 0.0144928 0.0144928 0.057971 0.057971 0.115942 0.289855 0.289855 0.130435 0.0289855 0 0 0 0 0 0 

2208 2187 1602 88 0 0.731596 0 0 0 0 0 0 0 0 0 0 0 0 0 0 0 0 0 0.0147059 0 0 0.0147059 0.0147059 0.220588 0.264706 0.25 0.161765 0.0441176 0 0.0147059 0 0 0 0 

2208 2194 1602 91 0 0.729262 0 0 0 0 0 0 0 0 0 0 0 0 0 0 0 0 0 0 0 0 0.0441176 0.0735294 0.132353 0.308824 0.235294 0.147059 0.0588235 0 0 0 0 0 0 

2208 2192 1602 95 0 0.729927 0 0 0 0 0 0 0 0 0 0 0 0 0 0 0 0 0 0 0.0147059 0.0147059 0.0294118 0.0588235 0.176471 0.132353 0.411765 0.0735294 0.0735294 0.0147059 0 0 0 0 0 

2272 2243 1602 96 0 0.71333 0 0 0 0 0 0 0 0 0 0 0 0 0 0 0 0.0142857 0 0 0.0285714 0.0142857 0.0285714 0.1 0.214286 0.2 0.2 0.157143 0.0285714 0.0142857 0 0 0 0 0 

