2208 2200 1602 94 0 0.727273 0 0 0 0 0 0 0 0 0 0 0 0 0 0 0 0 0 0 0.0147059 0.0147059 0.0294118 0.132353 0.161765 0.147059 0.205882 0.235294 0.0588235 0 0 0 0 0 0 

2240 2215 1602 95 0 0.722348 0 0 0 0 0 0 0 0 0 0 0 0 0 0 0 0 0 0 0 0 0.0434783 0.130435 0.115942 0.304348 0.246377 0.101449 0.057971 0 0 0 0 0 0 

2240 2227 1603 102 0 0.718455 0 0 0 0 0 0 0 0 0 0 0 0 0 0 0 0 0 0 0 0.057971 0.0289855 0.0869565 0.188406 0.217391 0.231884 0.15942 0.0289855 0 0 0 0 0 0 

2208 2188 1602 93 0 0.731261 0 0 0 0 0 0 0 0 0 0 0 0 0 0 0 0 0 0 0 0.0147059 0.0294118 0.0735294 0.161765 0.294118 0.147059 0.161765 0.102941 0.0147059 0 0 0 0 0 

2208 2195 1602 91 0 0.728929 0 0 0 0 0 0 0 0 0 0 0 0 0 0 0 0 0 0.0147059 0 0 0.0588235 0.102941 0.132353 0.235294 0.161765 0.191176 0.0735294 0.0294118 0 0 0 0 0 

2208 2189 1603 102 0 0.730927 0 0 0 0 0 0 0 0 0 0 0 0 0 0 0 0 0 0 0.0147059 0.0147059 0.0588235 0.0588235 0.147059 0.264706 0.147059 0.117647 0.132353 0.0441176 0 0 0 0 0 

2208 2197 1602 93 0 0.728266 0 0 0 0 0 0 0 0 0 0 0 0 0 0 0 0 0 0 0.0147059 0 0.0441176 0.0588235 0.161765 0.279412 0.235294 0.117647 0.0882353 0 0 0 0 0 0 

2208 2194 1602 89 0 0.729262 0 0 0 0 0 0 0 0 0 0 0 0 0 0 0 0 0 0 0 0 0.0147059 0.147059 0.147059 0.25 0.235294 0.0882353 0.102941 0.0147059 0 0 0 0 0 

2240 2217 1603 104 0 0.721696 0 0 0 0 0 0 0 0 0 0 0 0 0 0 0 0 0 0 0.0289855 0.0144928 0.0434783 0.101449 0.144928 0.202899 0.231884 0.15942 0.057971 0.0144928 0 0 0 0 0 

2272 2253 1602 93 0 0.710164 0 0 0 0 0 0 0 0 0 0 0 0 0 0 0 0 0 0 0 0.0285714 0.0857143 0.171429 0.157143 0.242857 0.128571 0.128571 0.0428571 0.0142857 0 0 0 0 0 

