2176 2155 1602 84 0 0.742459 0 0 0 0 0 0 0 0 0 0 0 0 0 0 0 0 0 0 0 0.0149254 0.0597015 0.0298507 0.119403 0.149254 0.238806 0.253731 0.119403 0.0149254 0 0 0 0 0 

2240 2224 1603 105 0 0.719424 0 0 0 0 0 0 0 0 0 0 0 0 0 0 0 0 0 0.0144928 0.0144928 0 0.0434783 0.101449 0.130435 0.333333 0.173913 0.144928 0.0144928 0.0289855 0 0 0 0 0 

2240 2226 1602 97 0 0.718778 0 0 0 0 0 0 0 0 0 0 0 0 0 0 0 0 0 0.0144928 0.0144928 0.0144928 0.057971 0.101449 0.173913 0.188406 0.246377 0.115942 0.057971 0 0.0144928 0 0 0 0 

2208 2187 1603 99 0 0.731596 0 0 0 0 0 0 0 0 0 0 0 0 0 0 0 0 0 0 0 0 0.0588235 0.102941 0.132353 0.191176 0.176471 0.264706 0.0735294 0 0 0 0 0 0 

2176 2169 1601 96 0 0.737667 0 0 0 0 0 0 0 0 0 0 0 0 0 0 0 0 0 0 0 0.0149254 0 0.0597015 0.179104 0.268657 0.208955 0.164179 0.0746269 0.0149254 0.0149254 0 0 0 0 

2240 2228 1602 92 0 0.718133 0 0 0 0 0 0 0 0 0 0 0 0 0 0 0 0.0144928 0 0 0 0.0289855 0.0289855 0.101449 0.173913 0.26087 0.188406 0.173913 0.0289855 0 0 0 0 0 0 

2208 2194 1603 99 0 0.729262 0 0 0 0 0 0 0 0 0 0 0 0 0 0 0 0 0.0147059 0 0 0.0147059 0.0735294 0.0294118 0.205882 0.191176 0.147059 0.191176 0.102941 0.0294118 0 0 0 0 0 

2208 2185 1602 87 0 0.732265 0 0 0 0 0 0 0 0 0 0 0 0 0 0 0 0 0 0 0 0.0147059 0.0294118 0.0882353 0.117647 0.25 0.235294 0.176471 0.0735294 0.0147059 0 0 0 0 0 

2208 2195 1602 90 0 0.728929 0 0 0 0 0 0 0 0 0 0 0 0 0 0 0 0 0 0 0 0.0294118 0.0441176 0.0882353 0.117647 0.220588 0.264706 0.147059 0.0882353 0 0 0 0 0 0 

2208 2190 1602 91 0 0.730594 0 0 0 0 0 0 0 0 0 0 0 0 0 0 0 0 0 0 0 0 0.0735294 0.0735294 0.147059 0.205882 0.205882 0.25 0.0147059 0.0294118 0 0 0 0 0 

