2208 2198 1602 89 0 0.727934 0 0 0 0 0 0 0 0 0 0 0 0 0 0 0 0 0 0.0147059 0 0 0.0588235 0.0735294 0.191176 0.235294 0.176471 0.147059 0.0441176 0.0588235 0 0 0 0 0 

2208 2188 1603 103 0 0.731261 0 0 0 0 0 0 0 0 0 0 0 0 0 0 0 0 0 0 0 0 0.0441176 0.132353 0.102941 0.264706 0.161765 0.205882 0.0441176 0.0294118 0.0147059 0 0 0 0 

2240 2223 1602 97 0 0.719748 0 0 0 0 0 0 0 0 0 0 0 0 0 0 0 0 0 0.0144928 0.0289855 0 0.0724638 0.0724638 0.15942 0.231884 0.188406 0.144928 0.0724638 0.0144928 0 0 0 0 0 

2208 2196 1602 92 0 0.728597 0 0 0 0 0 0 0 0 0 0 0 0 0 0 0 0 0 0.0147059 0.0147059 0.0294118 0.0147059 0.0735294 0.117647 0.205882 0.294118 0.161765 0.0588235 0.0147059 0 0 0 0 0 

2208 2195 1602 90 0 0.728929 0 0 0 0 0 0 0 0 0 0 0 0 0 0 0 0 0 0 0 0 0.0441176 0.102941 0.176471 0.191176 0.279412 0.132353 0.0441176 0.0294118 0 0 0 0 0 

2208 2199 1602 94 0 0.727603 0 0 0 0 0 0 0 0 0 0 0 0 0 0 0 0 0 0 0 0 0.0882353 0.132353 0.176471 0.132353 0.147059 0.220588 0.0735294 0.0294118 0 0 0 0 0 

2240 2215 1603 101 0 0.722348 0 0 0 0 0 0 0 0 0 0 0 0 0 0 0 0 0 0 0 0.0289855 0.0289855 0.130435 0.130435 0.275362 0.202899 0.115942 0.057971 0.0289855 0 0 0 0 0 

2208 2182 1602 91 0 0.733272 0 0 0 0 0 0 0 0 0 0 0 0 0 0 0 0 0 0 0 0 0.0441176 0.0588235 0.147059 0.191176 0.294118 0.220588 0.0441176 0 0 0 0 0 0 

2208 2195 1602 85 0 0.728929 0 0 0 0 0 0 0 0 0 0 0 0 0 0 0 0 0 0 0.0147059 0.0294118 0.0147059 0.0294118 0.220588 0.294118 0.161765 0.117647 0.0882353 0.0147059 0.0147059 0 0 0 0 

2208 2185 1602 92 0 0.732265 0 0 0 0 0 0 0 0 0 0 0 0 0 0 0 0 0 0 0 0.0294118 0.0294118 0.0441176 0.205882 0.161765 0.25 0.176471 0.0882353 0.0147059 0 0 0 0 0 

