2240 2226 1603 103 0 0.718778 0 0 0 0 0 0 0 0 0 0 0 0 0 0 0 0 0 0.0144928 0.0144928 0.0289855 0.057971 0.115942 0.173913 0.144928 0.202899 0.144928 0.0724638 0.0289855 0 0 0 0 0 

2240 2215 1603 102 0 0.722348 0 0 0 0 0 0 0 0 0 0 0 0 0 0 0 0 0 0 0 0.0144928 0.057971 0.0724638 0.217391 0.130435 0.304348 0.188406 0.0144928 0 0 0 0 0 0 

2208 2181 1602 96 0 0.733608 0 0 0 0 0 0 0 0 0 0 0 0 0 0 0 0 0 0 0 0 0.0294118 0.117647 0.132353 0.191176 0.205882 0.235294 0.0882353 0 0 0 0 0 0 

2208 2194 1602 92 0 0.729262 0 0 0 0 0 0 0 0 0 0 0 0 0 0 0 0 0 0 0.0147059 0 0.0294118 0.0588235 0.220588 0.205882 0.191176 0.235294 0.0441176 0 0 0 0 0 0 

2240 2215 1602 92 0 0.722348 0 0 0 0 0 0 0 0 0 0 0 0 0 0 0 0 0 0 0.0144928 0 0.0434783 0.101449 0.15942 0.231884 0.289855 0.101449 0.0434783 0.0144928 0 0 0 0 0 

2208 2193 1602 90 0 0.729594 0 0 0 0 0 0 0 0 0 0 0 0 0 0 0 0 0 0 0 0 0.0147059 0.0882353 0.220588 0.264706 0.132353 0.220588 0.0588235 0 0 0 0 0 0 

2208 2185 1602 97 0 0.732265 0 0 0 0 0 0 0 0 0 0 0 0 0 0 0 0 0 0 0 0.0147059 0.0294118 0.132353 0.0735294 0.264706 0.161765 0.25 0.0441176 0.0294118 0 0 0 0 0 

2208 2192 1603 100 0 0.729927 0 0 0 0 0 0 0 0 0 0 0 0 0 0 0 0 0 0.0147059 0.0147059 0 0.0147059 0.0882353 0.147059 0.264706 0.176471 0.176471 0.0735294 0.0294118 0 0 0 0 0 

2240 2214 1603 102 0 0.722674 0 0 0 0 0 0 0 0 0 0 0 0 0 0 0 0 0.0144928 0 0.0144928 0 0.0724638 0.057971 0.217391 0.130435 0.26087 0.115942 0.0869565 0.0289855 0 0 0 0 0 

2208 2199 1602 97 0 0.727603 0 0 0 0 0 0 0 0 0 0 0 0 0 0 0 0 0 0 0 0.0147059 0.0441176 0.132353 0.176471 0.117647 0.308824 0.0882353 0.102941 0.0147059 0 0 0 0 0 

