2272 2247 1603 101 0 0.712061 0 0 0 0 0 0 0 0 0 0 0 0 0 0 0 0 0 0 0.0142857 0.0571429 0.0285714 0.142857 0.185714 0.185714 0.185714 0.142857 0.0428571 0.0142857 0 0 0 0 0 

2208 2194 1602 90 0 0.729262 0 0 0 0 0 0 0 0 0 0 0 0 0 0 0 0 0 0 0 0.0147059 0.0441176 0.0588235 0.161765 0.25 0.235294 0.176471 0.0588235 0 0 0 0 0 0 

2208 2194 1602 95 0 0.729262 0 0 0 0 0 0 0 0 0 0 0 0 0 0 0 0 0 0.0147059 0.0147059 0 0.0441176 0.102941 0.205882 0.117647 0.161765 0.191176 0.132353 0.0147059 0 0 0 0 0 

2208 2185 1602 83 0 0.732265 0 0 0 0 0 0 0 0 0 0 0 0 0 0 0 0 0 0 0 0.0147059 0.0441176 0.0735294 0.117647 0.294118 0.161765 0.191176 0.0735294 0.0294118 0 0 0 0 0 

2208 2194 1602 98 0 0.729262 0 0 0 0 0 0 0 0 0 0 0 0 0 0 0 0 0.0147059 0 0 0 0 0.117647 0.147059 0.264706 0.235294 0.147059 0.0588235 0 0.0147059 0 0 0 0 

2176 2160 1602 88 0 0.740741 0 0 0 0 0 0 0 0 0 0 0 0 0 0 0 0 0 0 0 0 0.0149254 0.0597015 0.134328 0.283582 0.19403 0.208955 0.0597015 0.0447761 0 0 0 0 0 

2208 2197 1602 94 0 0.728266 0 0 0 0 0 0 0 0 0 0 0 0 0 0 0 0 0.0147059 0 0 0 0.0588235 0.0882353 0.132353 0.25 0.161765 0.205882 0.0882353 0 0 0 0 0 0 

2208 2181 1602 92 0 0.733608 0 0 0 0 0 0 0 0 0 0 0 0 0 0 0 0 0 0 0.0147059 0 0 0.0588235 0.220588 0.147059 0.308824 0.161765 0.0882353 0 0 0 0 0 0 

2240 2223 1602 97 0 0.719748 0 0 0 0 0 0 0 0 0 0 0 0 0 0 0 0 0 0 0 0.0289855 0.0289855 0.101449 0.217391 0.246377 0.15942 0.188406 0.0289855 0 0 0 0 0 0 

2208 2183 1602 94 0 0.732936 0 0 0 0 0 0 0 0 0 0 0 0 0 0 0 0 0 0 0 0.0147059 0.0735294 0.0735294 0.132353 0.161765 0.191176 0.25 0.0882353 0.0147059 0 0 0 0 0 

