2208 2190 1603 104 0 0.730594 0 0 0 0 0 0 0 0 0 0 0 0 0 0 0 0 0 0 0 0.0147059 0.0588235 0.0735294 0.191176 0.205882 0.176471 0.161765 0.0588235 0.0294118 0.0294118 0 0 0 0 

2240 2217 1602 92 0 0.721696 0 0 0 0 0 0 0 0 0 0 0 0 0 0 0 0 0 0 0 0 0.0289855 0.144928 0.173913 0.289855 0.173913 0.115942 0.057971 0.0144928 0 0 0 0 0 

2176 2152 1602 86 0 0.743494 0 0 0 0 0 0 0 0 0 0 0 0 0 0 0 0 0 0 0 0 0.0149254 0.0746269 0.119403 0.179104 0.298507 0.164179 0.119403 0.0298507 0 0 0 0 0 

2176 2162 1602 90 0 0.740056 0 0 0 0 0 0 0 0 0 0 0 0 0 0 0 0 0 0 0 0.0149254 0.0149254 0.0746269 0.134328 0.208955 0.268657 0.179104 0.0298507 0.0597015 0.0149254 0 0 0 0 

2240 2234 1601 86 0 0.716204 0 0 0 0 0 0 0 0 0 0 0 0 0 0 0 0 0 0 0.0144928 0.0289855 0.0724638 0.0724638 0.231884 0.246377 0.15942 0.101449 0.0289855 0.0434783 0 0 0 0 0 

2240 2221 1602 92 0 0.720396 0 0 0 0 0 0 0 0 0 0 0 0 0 0 0 0 0 0 0.0144928 0.057971 0.0724638 0.0869565 0.101449 0.202899 0.202899 0.173913 0.0724638 0.0144928 0 0 0 0 0 

2176 2167 1602 90 0 0.738348 0 0 0 0 0 0 0 0 0 0 0 0 0 0 0 0 0 0 0 0.0149254 0.0447761 0.0597015 0.104478 0.208955 0.208955 0.298507 0.0597015 0 0 0 0 0 0 

2208 2181 1602 93 0 0.733608 0 0 0 0 0 0 0 0 0 0 0 0 0 0 0 0 0 0 0 0.0294118 0.0588235 0.0588235 0.132353 0.205882 0.235294 0.102941 0.132353 0.0294118 0.0147059 0 0 0 0 

2208 2191 1602 87 0 0.73026 0 0 0 0 0 0 0 0 0 0 0 0 0 0 0 0 0 0.0147059 0 0.0147059 0.0441176 0.0882353 0.147059 0.176471 0.191176 0.25 0.0588235 0 0.0147059 0 0 0 0 

2208 2191 1602 90 0 0.73026 0 0 0 0 0 0 0 0 0 0 0 0 0 0 0 0 0 0 0.0147059 0 0.0588235 0.0882353 0.132353 0.220588 0.191176 0.191176 0.0882353 0.0147059 0 0 0 0 0 

