2208 2192 1602 91 0 0.729927 0 0 0 0 0 0 0 0 0 0 0 0 0 0 0 0 0 0 0 0 0.0294118 0.117647 0.161765 0.235294 0.191176 0.191176 0.0588235 0.0147059 0 0 0 0 0 

2240 2225 1603 100 0 0.719101 0 0 0 0 0 0 0 0 0 0 0 0 0 0 0 0 0 0 0 0 0.0724638 0.101449 0.202899 0.231884 0.217391 0.130435 0.0434783 0 0 0 0 0 0 

2240 2224 1603 104 0 0.719424 0 0 0 0 0 0 0 0 0 0 0 0 0 0 0 0 0 0 0 0.0434783 0.057971 0.130435 0.130435 0.188406 0.246377 0.144928 0.0289855 0.0289855 0 0 0 0 0 

2240 2218 1603 101 0 0.721371 0 0 0 0 0 0 0 0 0 0 0 0 0 0 0 0 0 0.0144928 0.0144928 0.0289855 0.0434783 0.0869565 0.0869565 0.217391 0.289855 0.188406 0.0289855 0 0 0 0 0 0 

2208 2181 1603 100 0 0.733608 0 0 0 0 0 0 0 0 0 0 0 0 0 0 0 0 0 0 0.0294118 0 0.0294118 0.0735294 0.147059 0.176471 0.25 0.161765 0.0882353 0.0294118 0.0147059 0 0 0 0 

2240 2217 1602 93 0 0.721696 0 0 0 0 0 0 0 0 0 0 0 0 0 0 0 0 0 0.0144928 0 0.0144928 0.0434783 0.101449 0.15942 0.231884 0.231884 0.130435 0.057971 0.0144928 0 0 0 0 0 

2208 2188 1602 95 0 0.731261 0 0 0 0 0 0 0 0 0 0 0 0 0 0 0 0 0 0 0 0.0147059 0.0294118 0.0441176 0.220588 0.147059 0.323529 0.161765 0.0441176 0.0147059 0 0 0 0 0 

2208 2181 1603 101 0 0.733608 0 0 0 0 0 0 0 0 0 0 0 0 0 0 0 0 0 0.0147059 0 0 0.0294118 0.0588235 0.147059 0.220588 0.25 0.161765 0.102941 0.0147059 0 0 0 0 0 

2208 2201 1600 99 0 0.726942 0 0 0 0 0 0 0 0 0 0 0 0 0 0 0 0 0 0 0 0.0147059 0.0735294 0.117647 0.176471 0.161765 0.161765 0.176471 0.0882353 0.0294118 0 0 0 0 0 

2240 2223 1602 94 0 0.719748 0 0 0 0 0 0 0 0 0 0 0 0 0 0 0 0 0 0 0 0.0144928 0.101449 0.144928 0.0724638 0.217391 0.231884 0.15942 0.057971 0 0 0 0 0 0 

