2208 2197 1601 80 0 0.728266 0 0 0 0 0 0 0 0 0 0 0 0 0 0 0 0 0 0 0 0.0147059 0.0588235 0.117647 0.117647 0.205882 0.235294 0.161765 0.0882353 0 0 0 0 0 0 

2176 2167 1603 99 0 0.738348 0 0 0 0 0 0 0 0 0 0 0 0 0 0 0 0 0 0 0 0.0298507 0.0149254 0.0895522 0.104478 0.19403 0.313433 0.0895522 0.134328 0.0149254 0.0149254 0 0 0 0 

2208 2198 1602 84 0 0.727934 0 0 0 0 0 0 0 0 0 0 0 0 0 0 0 0 0 0 0.0294118 0.0147059 0.0735294 0.0588235 0.117647 0.191176 0.235294 0.191176 0.0735294 0.0147059 0 0 0 0 0 

2208 2191 1602 98 0 0.73026 0 0 0 0 0 0 0 0 0 0 0 0 0 0 0 0.0147059 0 0 0 0.0147059 0.0147059 0.0441176 0.205882 0.235294 0.191176 0.220588 0.0294118 0.0147059 0.0147059 0 0 0 0 

2176 2161 1602 84 0 0.740398 0 0 0 0 0 0 0 0 0 0 0 0 0 0 0 0 0 0 0 0.0149254 0.0298507 0.0746269 0.0597015 0.313433 0.164179 0.223881 0.0746269 0.0447761 0 0 0 0 0 

2176 2160 1602 83 0 0.740741 0 0 0 0 0 0 0 0 0 0 0 0 0 0 0 0 0 0 0 0.0149254 0.0447761 0.0298507 0.134328 0.149254 0.313433 0.208955 0.0895522 0.0149254 0 0 0 0 0 

2208 2183 1602 96 0 0.732936 0 0 0 0 0 0 0 0 0 0 0 0 0 0 0 0 0 0 0 0 0.0147059 0.0588235 0.117647 0.352941 0.25 0.147059 0.0441176 0.0147059 0 0 0 0 0 

2240 2212 1602 93 0 0.723327 0 0 0 0 0 0 0 0 0 0 0 0 0 0 0 0 0 0 0.0144928 0 0.0144928 0.188406 0.144928 0.231884 0.144928 0.144928 0.101449 0.0144928 0 0 0 0 0 

2240 2220 1602 92 0 0.720721 0 0 0 0 0 0 0 0 0 0 0 0 0 0 0 0 0 0 0 0.057971 0.0144928 0.15942 0.101449 0.26087 0.202899 0.0869565 0.101449 0.0144928 0 0 0 0 0 

2208 2197 1602 88 0 0.728266 0 0 0 0 0 0 0 0 0 0 0 0 0 0 0 0 0 0 0.0147059 0 0.0735294 0.0441176 0.147059 0.235294 0.25 0.191176 0.0294118 0.0147059 0 0 0 0 0 

