2208 2196 1602 96 0 0.728597 0 0 0 0 0 0 0 0 0 0 0 0 0 0 0 0 0 0 0 0 0.0588235 0.0441176 0.220588 0.205882 0.25 0.176471 0.0294118 0.0147059 0 0 0 0 0 

2208 2200 1602 93 0 0.727273 0 0 0 0 0 0 0 0 0 0 0 0 0 0 0 0 0 0 0 0.0147059 0.0294118 0.102941 0.235294 0.147059 0.25 0.132353 0.0735294 0.0147059 0 0 0 0 0 

2208 2200 1601 92 0 0.727273 0 0 0 0 0 0 0 0 0 0 0 0 0 0 0 0 0 0 0 0.0294118 0.0147059 0.0441176 0.235294 0.220588 0.25 0.176471 0.0294118 0 0 0 0 0 0 

2208 2195 1603 99 0 0.728929 0 0 0 0 0 0 0 0 0 0 0 0 0 0 0 0 0.0147059 0 0 0 0.0588235 0.0882353 0.0882353 0.220588 0.294118 0.161765 0.0735294 0 0 0 0 0 0 

2240 2232 1602 96 0 0.716846 0 0 0 0 0 0 0 0 0 0 0 0 0 0 0 0 0.0144928 0 0 0.0144928 0.057971 0.115942 0.188406 0.144928 0.333333 0.101449 0.0289855 0 0 0 0 0 0 

2208 2180 1603 100 0 0.733945 0 0 0 0 0 0 0 0 0 0 0 0 0 0 0 0 0 0.0147059 0 0.0147059 0.0294118 0.0588235 0.132353 0.235294 0.191176 0.191176 0.102941 0.0294118 0 0 0 0 0 

2208 2179 1602 91 0 0.734282 0 0 0 0 0 0 0 0 0 0 0 0 0 0 0 0 0 0 0 0 0 0.0882353 0.220588 0.205882 0.205882 0.161765 0.0882353 0.0294118 0 0 0 0 0 

2176 2157 1602 89 0 0.741771 0 0 0 0 0 0 0 0 0 0 0 0 0 0 0 0 0 0 0 0.0149254 0.0149254 0.0447761 0.149254 0.253731 0.208955 0.119403 0.164179 0.0298507 0 0 0 0 0 

2208 2197 1602 98 0 0.728266 0 0 0 0 0 0 0 0 0 0 0 0 0 0 0 0 0 0 0.0441176 0 0.0294118 0.0588235 0.205882 0.205882 0.161765 0.161765 0.132353 0 0 0 0 0 0 

2208 2189 1602 86 0 0.730927 0 0 0 0 0 0 0 0 0 0 0 0 0 0 0 0 0 0 0.0147059 0.0147059 0.0294118 0.102941 0.205882 0.117647 0.25 0.132353 0.0735294 0.0294118 0.0294118 0 0 0 0 

