2240 2220 1602 96 0 0.720721 0 0 0 0 0 0 0 0 0 0 0 0 0 0 0 0 0 0.0144928 0 0.0434783 0.057971 0.0869565 0.115942 0.217391 0.231884 0.173913 0.0434783 0.0144928 0 0 0 0 0 

2208 2198 1602 86 0 0.727934 0 0 0 0 0 0 0 0 0 0 0 0 0 0 0 0 0 0 0 0.0147059 0.0441176 0.0735294 0.191176 0.235294 0.235294 0.102941 0.0882353 0.0147059 0 0 0 0 0 

2208 2179 1602 94 0 0.734282 0 0 0 0 0 0 0 0 0 0 0 0 0 0 0 0 0 0 0 0.0147059 0.0588235 0.0588235 0.117647 0.205882 0.25 0.176471 0.0882353 0.0294118 0 0 0 0 0 

2240 2224 1602 96 0 0.719424 0 0 0 0 0 0 0 0 0 0 0 0 0 0 0 0 0 0 0.0289855 0 0.0289855 0.144928 0.188406 0.15942 0.275362 0.115942 0.0434783 0.0144928 0 0 0 0 0 

2240 2221 1603 102 0 0.720396 0 0 0 0 0 0 0 0 0 0 0 0 0 0 0 0 0 0 0.0144928 0.0144928 0.0724638 0.0869565 0.101449 0.275362 0.246377 0.144928 0.0434783 0 0 0 0 0 0 

2240 2222 1603 100 0 0.720072 0 0 0 0 0 0 0 0 0 0 0 0 0 0 0 0 0 0 0 0 0.057971 0.115942 0.217391 0.202899 0.217391 0.130435 0.057971 0 0 0 0 0 0 

2240 2224 1603 99 0 0.719424 0 0 0 0 0 0 0 0 0 0 0 0 0 0 0 0 0.0144928 0 0.0144928 0.0144928 0.0724638 0.0289855 0.231884 0.173913 0.231884 0.144928 0.0724638 0 0 0 0 0 0 

2208 2180 1602 90 0 0.733945 0 0 0 0 0 0 0 0 0 0 0 0 0 0 0 0 0 0 0.0294118 0.0147059 0.0147059 0.0882353 0.102941 0.235294 0.161765 0.205882 0.132353 0.0147059 0 0 0 0 0 

2208 2188 1603 99 0 0.731261 0 0 0 0 0 0 0 0 0 0 0 0 0 0 0 0 0 0.0147059 0 0.0735294 0.0294118 0.0294118 0.117647 0.176471 0.205882 0.25 0.0735294 0.0294118 0 0 0 0 0 

2208 2196 1602 96 0 0.728597 0 0 0 0 0 0 0 0 0 0 0 0 0 0 0 0 0 0 0 0 0.0147059 0.117647 0.205882 0.220588 0.191176 0.191176 0.0588235 0 0 0 0 0 0 

