2240 2214 1602 94 0 0.722674 0 0 0 0 0 0 0 0 0 0 0 0 0 0 0 0 0 0 0 0 0.057971 0.130435 0.144928 0.26087 0.202899 0.115942 0.0724638 0.0144928 0 0 0 0 0 

2240 2218 1603 100 0 0.721371 0 0 0 0 0 0 0 0 0 0 0 0 0 0 0 0 0 0 0.0144928 0.0144928 0.0434783 0.101449 0.15942 0.289855 0.15942 0.130435 0.0724638 0 0.0144928 0 0 0 0 

2208 2190 1602 97 0 0.730594 0 0 0 0 0 0 0 0 0 0 0 0 0 0 0 0 0 0 0.0147059 0.0294118 0.0147059 0.0441176 0.205882 0.161765 0.279412 0.176471 0.0441176 0.0294118 0 0 0 0 0 

2176 2168 1603 108 0 0.738007 0 0 0 0 0 0 0 0 0 0 0 0 0 0 0 0 0 0 0.0149254 0 0.0149254 0.0746269 0.134328 0.238806 0.208955 0.179104 0.134328 0 0 0 0 0 0 

2208 2184 1602 90 0 0.732601 0 0 0 0 0 0 0 0 0 0 0 0 0 0 0 0 0 0 0.0147059 0.0294118 0 0.0441176 0.176471 0.235294 0.25 0.117647 0.117647 0.0147059 0 0 0 0 0 

2240 2213 1602 93 0 0.723 0 0 0 0 0 0 0 0 0 0 0 0 0 0 0 0 0 0.0144928 0 0 0.0289855 0.115942 0.173913 0.231884 0.231884 0.130435 0.057971 0.0144928 0 0 0 0 0 

2208 2198 1602 93 0 0.727934 0 0 0 0 0 0 0 0 0 0 0 0 0 0 0 0 0 0 0 0.0147059 0.0147059 0.161765 0.117647 0.264706 0.161765 0.191176 0.0588235 0.0147059 0 0 0 0 0 

2208 2198 1602 89 0 0.727934 0 0 0 0 0 0 0 0 0 0 0 0 0 0 0.0147059 0 0.0147059 0 0.0147059 0.0147059 0.0294118 0.0882353 0.0588235 0.205882 0.294118 0.191176 0.0441176 0.0294118 0 0 0 0 0 

2208 2200 1600 95 0 0.727273 0 0 0 0 0 0 0 0 0 0 0 0 0 0 0 0 0 0 0 0.0588235 0 0.117647 0.102941 0.264706 0.220588 0.147059 0.0882353 0 0 0 0 0 0 

2208 2188 1602 93 0 0.731261 0 0 0 0 0 0 0 0 0 0 0 0 0 0 0 0 0 0 0.0147059 0 0.0588235 0.0882353 0.147059 0.191176 0.205882 0.176471 0.0735294 0.0441176 0 0 0 0 0 

