2240 2213 1602 92 0 0.723 0 0 0 0 0 0 0 0 0 0 0 0 0 0 0 0 0 0 0 0.0144928 0.0144928 0.101449 0.26087 0.202899 0.15942 0.188406 0.057971 0 0 0 0 0 0 

2240 2214 1602 91 0 0.722674 0 0 0 0 0 0 0 0 0 0 0 0 0 0 0 0 0 0 0.0144928 0 0.0434783 0.0724638 0.246377 0.188406 0.231884 0.115942 0.0869565 0 0 0 0 0 0 

2208 2182 1602 92 0 0.733272 0 0 0 0 0 0 0 0 0 0 0 0 0 0 0 0 0 0.0147059 0 0.0294118 0.0588235 0.0882353 0.0882353 0.191176 0.191176 0.176471 0.0882353 0.0588235 0.0147059 0 0 0 0 

2208 2181 1602 89 0 0.733608 0 0 0 0 0 0 0 0 0 0 0 0 0 0 0 0 0 0.0147059 0 0 0.0147059 0.117647 0.102941 0.235294 0.220588 0.220588 0.0294118 0.0294118 0 0.0147059 0 0 0 

2176 2158 1602 84 0 0.741427 0 0 0 0 0 0 0 0 0 0 0 0 0 0 0 0 0 0 0 0 0.0298507 0.0597015 0.149254 0.208955 0.238806 0.164179 0.104478 0.0447761 0 0 0 0 0 

2208 2185 1602 93 0 0.732265 0 0 0 0 0 0 0 0 0 0 0 0 0 0 0 0 0.0147059 0 0 0 0.0441176 0.102941 0.117647 0.132353 0.294118 0.205882 0.0735294 0.0147059 0 0 0 0 0 

2240 2223 1602 90 0 0.719748 0 0 0 0 0 0 0 0 0 0 0 0 0 0 0 0 0 0 0.0289855 0 0.0724638 0.0869565 0.202899 0.188406 0.188406 0.15942 0.057971 0.0144928 0 0 0 0 0 

2208 2188 1602 95 0 0.731261 0 0 0 0 0 0 0 0 0 0 0 0 0 0 0 0 0 0 0 0.0147059 0.0147059 0.0588235 0.176471 0.279412 0.235294 0.147059 0.0441176 0.0294118 0 0 0 0 0 

2176 2168 1602 94 0 0.738007 0 0 0 0 0 0 0 0 0 0 0 0 0 0 0 0 0 0.0149254 0 0.0149254 0.0149254 0.0746269 0.119403 0.119403 0.343284 0.223881 0.0746269 0 0 0 0 0 0 

2208 2201 1602 87 0 0.726942 0 0 0 0 0 0 0 0 0 0 0 0 0 0 0 0 0 0 0 0.0147059 0.0588235 0.0882353 0.205882 0.220588 0.147059 0.161765 0.0735294 0.0294118 0 0 0 0 0 

