2176 2163 1602 90 0 0.739713 0 0 0 0 0 0 0 0 0 0 0 0 0 0 0 0 0 0 0 0 0.0597015 0.0447761 0.0895522 0.238806 0.283582 0.179104 0.0746269 0.0298507 0 0 0 0 0 

2240 2222 1603 100 0 0.720072 0 0 0 0 0 0 0 0 0 0 0 0 0 0 0 0 0 0.0144928 0.0144928 0.0289855 0.0724638 0.0434783 0.202899 0.217391 0.144928 0.15942 0.0724638 0.0144928 0.0144928 0 0 0 0 

2208 2196 1602 93 0 0.728597 0 0 0 0 0 0 0 0 0 0 0 0 0 0 0 0 0 0 0 0.0147059 0.0588235 0.0294118 0.161765 0.294118 0.264706 0.102941 0.0441176 0.0294118 0 0 0 0 0 

2208 2197 1602 97 0 0.728266 0 0 0 0 0 0 0 0 0 0 0 0 0 0 0 0 0 0.0147059 0 0 0.0441176 0.0294118 0.191176 0.323529 0.176471 0.132353 0.0735294 0.0147059 0 0 0 0 0 

2240 2227 1602 92 0 0.718455 0 0 0 0 0 0 0 0 0 0 0 0 0 0 0 0 0 0.0144928 0 0.0144928 0.0289855 0.0869565 0.202899 0.333333 0.130435 0.144928 0.0434783 0 0 0 0 0 0 

2240 2215 1602 89 0 0.722348 0 0 0 0 0 0 0 0 0 0 0 0 0 0 0 0 0 0 0 0.0289855 0.0434783 0.0724638 0.26087 0.217391 0.130435 0.101449 0.144928 0 0 0 0 0 0 

2208 2198 1602 91 0 0.727934 0 0 0 0 0 0 0 0 0 0 0 0 0 0 0 0 0 0 0 0.0147059 0.0588235 0.0735294 0.161765 0.161765 0.338235 0.132353 0.0588235 0 0 0 0 0 0 

2272 2243 1602 97 0 0.71333 0 0 0 0 0 0 0 0 0 0 0 0 0 0 0 0 0 0 0.0285714 0.0571429 0 0.1 0.228571 0.185714 0.242857 0.0857143 0.0571429 0.0142857 0 0 0 0 0 

2208 2200 1602 96 0 0.727273 0 0 0 0 0 0 0 0 0 0 0 0 0 0 0 0 0 0 0 0.0294118 0.0441176 0.0588235 0.161765 0.25 0.264706 0.132353 0.0441176 0 0.0147059 0 0 0 0 

2208 2189 1602 88 0 0.730927 0 0 0 0 0 0 0 0 0 0 0 0 0 0 0 0 0 0 0 0 0.0294118 0.0588235 0.161765 0.294118 0.25 0.147059 0.0441176 0.0147059 0 0 0 0 0 

