2176 2160 1602 90 0 0.740741 0 0 0 0 0 0 0 0 0 0 0 0 0 0 0 0 0 0 0 0.0298507 0.0447761 0.0447761 0.119403 0.179104 0.253731 0.164179 0.104478 0.0597015 0 0 0 0 0 

2240 2213 1602 90 0 0.723 0 0 0 0 0 0 0 0 0 0 0 0 0 0 0 0 0 0 0.0144928 0.0289855 0.0724638 0.0289855 0.101449 0.318841 0.231884 0.144928 0.0434783 0.0144928 0 0 0 0 0 

2176 2169 1600 94 0 0.737667 0 0 0 0 0 0 0 0 0 0 0 0 0 0 0 0 0 0 0 0 0.0298507 0.104478 0.164179 0.134328 0.313433 0.134328 0.0597015 0.0597015 0 0 0 0 0 

2176 2158 1602 93 0 0.741427 0 0 0 0 0 0 0 0 0 0 0 0 0 0 0 0 0 0 0 0.0149254 0.0597015 0.0746269 0.0895522 0.134328 0.223881 0.268657 0.119403 0.0149254 0 0 0 0 0 

2208 2192 1602 94 0 0.729927 0 0 0 0 0 0 0 0 0 0 0 0 0 0 0 0 0 0 0 0.0147059 0.0588235 0.102941 0.0882353 0.264706 0.220588 0.132353 0.102941 0.0147059 0 0 0 0 0 

2240 2219 1602 92 0 0.721045 0 0 0 0 0 0 0 0 0 0 0 0 0 0 0 0 0 0 0 0.0434783 0.0434783 0.057971 0.202899 0.275362 0.15942 0.15942 0.0289855 0.0289855 0 0 0 0 0 

2240 2212 1602 95 0 0.723327 0 0 0 0 0 0 0 0 0 0 0 0 0 0 0 0 0 0 0 0 0.0289855 0.144928 0.202899 0.26087 0.101449 0.15942 0.0869565 0.0144928 0 0 0 0 0 

2208 2180 1602 93 0 0.733945 0 0 0 0 0 0 0 0 0 0 0 0 0 0 0 0 0 0 0 0.0147059 0.0294118 0.0441176 0.132353 0.235294 0.279412 0.205882 0.0588235 0 0 0 0 0 0 

2176 2159 1602 88 0 0.741084 0 0 0 0 0 0 0 0 0 0 0 0 0 0 0 0 0 0 0 0 0.0298507 0.0895522 0.0895522 0.298507 0.179104 0.164179 0.0895522 0.0447761 0 0.0149254 0 0 0 

2208 2188 1602 98 0 0.731261 0 0 0 0 0 0 0 0 0 0 0 0 0 0 0 0 0 0 0 0 0.0441176 0.0588235 0.191176 0.264706 0.176471 0.161765 0.0882353 0.0147059 0 0 0 0 0 

