2208 2181 1602 97 0 0.733608 0 0 0 0 0 0 0 0 0 0 0 0 0 0 0 0 0 0 0 0.0147059 0.0147059 0.0882353 0.132353 0.205882 0.323529 0.147059 0.0294118 0.0294118 0.0147059 0 0 0 0 

2208 2191 1602 98 0 0.73026 0 0 0 0 0 0 0 0 0 0 0 0 0 0 0 0 0 0 0 0.0147059 0.0441176 0.0588235 0.235294 0.147059 0.25 0.147059 0.0735294 0.0294118 0 0 0 0 0 

2208 2187 1602 97 0 0.731596 0 0 0 0 0 0 0 0 0 0 0 0 0 0 0 0 0 0 0 0 0.0735294 0.0735294 0.132353 0.235294 0.147059 0.264706 0.0735294 0 0 0 0 0 0 

2240 2231 1602 97 0 0.717167 0 0 0 0 0 0 0 0 0 0 0 0 0 0 0 0 0 0.0144928 0.0144928 0.0434783 0.0869565 0.0869565 0.0724638 0.26087 0.202899 0.130435 0.0869565 0 0 0 0 0 0 

2208 2190 1603 100 0 0.730594 0 0 0 0 0 0 0 0 0 0 0 0 0 0 0 0 0 0 0.0147059 0.0147059 0.0294118 0.0882353 0.132353 0.205882 0.25 0.176471 0.0588235 0.0294118 0 0 0 0 0 

2208 2195 1602 92 0 0.728929 0 0 0 0 0 0 0 0 0 0 0 0 0 0 0 0 0 0 0 0 0.0294118 0.102941 0.161765 0.220588 0.279412 0.161765 0.0441176 0 0 0 0 0 0 

2272 2246 1602 98 0 0.712378 0 0 0 0 0 0 0 0 0 0 0 0 0 0 0 0 0 0 0.0142857 0.0428571 0.0428571 0.142857 0.142857 0.228571 0.228571 0.1 0.0571429 0 0 0 0 0 0 

2240 2220 1603 106 0 0.720721 0 0 0 0 0 0 0 0 0 0 0 0 0 0 0 0 0 0.0144928 0.0289855 0.0144928 0.0289855 0.101449 0.173913 0.144928 0.275362 0.130435 0.0724638 0.0144928 0 0 0 0 0 

2208 2195 1602 91 0 0.728929 0 0 0 0 0 0 0 0 0 0 0 0 0 0 0 0 0 0 0 0.0147059 0.0735294 0.0294118 0.205882 0.235294 0.176471 0.191176 0.0441176 0.0147059 0.0147059 0 0 0 0 

2240 2229 1603 101 0 0.717811 0 0 0 0 0 0 0 0 0 0 0 0 0 0 0 0 0 0 0 0.0144928 0.0724638 0.101449 0.15942 0.275362 0.275362 0.0434783 0.0434783 0 0.0144928 0 0 0 0 

