2208 2194 1602 93 0 0.729262 0 0 0 0 0 0 0 0 0 0 0 0 0 0 0 0 0 0.0147059 0 0 0.0441176 0.0441176 0.235294 0.191176 0.220588 0.176471 0.0294118 0.0441176 0 0 0 0 0 

2208 2185 1602 90 0 0.732265 0 0 0 0 0 0 0 0 0 0 0 0 0 0 0 0 0 0 0 0 0.0294118 0.0735294 0.176471 0.25 0.220588 0.132353 0.117647 0 0 0 0 0 0 

2240 2214 1602 97 0 0.722674 0 0 0 0 0 0 0 0 0 0 0 0 0 0 0 0 0 0 0 0.0144928 0.0724638 0.0724638 0.15942 0.26087 0.173913 0.202899 0.0434783 0 0 0 0 0 0 

2240 2216 1602 94 0 0.722022 0 0 0 0 0 0 0 0 0 0 0 0 0 0 0 0 0 0 0 0.0289855 0.0289855 0.101449 0.173913 0.246377 0.202899 0.173913 0.0434783 0 0 0 0 0 0 

2208 2194 1602 97 0 0.729262 0 0 0 0 0 0 0 0 0 0 0 0 0 0 0 0 0 0 0.0147059 0.0294118 0 0.0735294 0.220588 0.205882 0.161765 0.235294 0.0294118 0.0147059 0.0147059 0 0 0 0 

2240 2229 1602 93 0 0.717811 0 0 0 0 0 0 0 0 0 0 0 0 0 0 0 0 0 0 0 0 0.057971 0.115942 0.231884 0.188406 0.275362 0.115942 0.0144928 0 0 0 0 0 0 

2240 2225 1602 91 0 0.719101 0 0 0 0 0 0 0 0 0 0 0 0 0 0 0 0 0 0 0.0289855 0 0.130435 0.0434783 0.15942 0.246377 0.130435 0.15942 0.101449 0 0 0 0 0 0 

2240 2220 1602 94 0 0.720721 0 0 0 0 0 0 0 0 0 0 0 0 0 0 0 0 0 0 0 0.057971 0 0.101449 0.26087 0.15942 0.202899 0.144928 0.0434783 0.0289855 0 0 0 0 0 

2208 2191 1602 96 0 0.73026 0 0 0 0 0 0 0 0 0 0 0 0 0 0 0 0 0 0 0.0147059 0 0.0147059 0.0735294 0.176471 0.279412 0.220588 0.132353 0.0588235 0.0294118 0 0 0 0 0 

2240 2220 1602 89 0 0.720721 0 0 0 0 0 0 0 0 0 0 0 0 0 0 0 0 0 0.0144928 0 0 0.101449 0.115942 0.130435 0.202899 0.173913 0.15942 0.101449 0 0 0 0 0 0 

