2240 2225 1602 92 0 0.719101 0 0 0 0 0 0 0 0 0 0 0 0 0 0 0 0 0 0.0144928 0 0.0144928 0.0434783 0.115942 0.173913 0.217391 0.275362 0.0869565 0.0289855 0.0289855 0 0 0 0 0 

2240 2221 1603 99 0 0.720396 0 0 0 0 0 0 0 0 0 0 0 0 0 0 0 0 0 0 0.0289855 0.0144928 0.0144928 0.130435 0.173913 0.231884 0.15942 0.173913 0.0724638 0 0 0 0 0 0 

2240 2212 1602 90 0 0.723327 0 0 0 0 0 0 0 0 0 0 0 0 0 0 0 0 0 0 0 0.0434783 0.0289855 0.144928 0.0724638 0.217391 0.246377 0.217391 0.0144928 0.0144928 0 0 0 0 0 

2208 2183 1602 88 0 0.732936 0 0 0 0 0 0 0 0 0 0 0 0 0 0 0 0 0 0 0.0147059 0.0294118 0.0147059 0.0588235 0.191176 0.132353 0.235294 0.205882 0.117647 0 0 0 0 0 0 

2240 2219 1602 98 0 0.721045 0 0 0 0 0 0 0 0 0 0 0 0 0 0 0 0 0 0 0 0.0289855 0.0434783 0.101449 0.115942 0.289855 0.246377 0.144928 0.0289855 0 0 0 0 0 0 

2240 2212 1602 85 0 0.723327 0 0 0 0 0 0 0 0 0 0 0 0 0 0 0 0 0.0144928 0 0 0.0289855 0.057971 0.0289855 0.115942 0.289855 0.275362 0.130435 0.0434783 0.0144928 0 0 0 0 0 

2240 2213 1602 85 0 0.723 0 0 0 0 0 0 0 0 0 0 0 0 0 0 0 0 0 0 0 0.0144928 0.0289855 0.130435 0.130435 0.231884 0.318841 0.0869565 0.0434783 0.0144928 0 0 0 0 0 

2208 2190 1602 93 0 0.730594 0 0 0 0 0 0 0 0 0 0 0 0 0 0 0 0 0 0 0.0147059 0 0.0147059 0.102941 0.176471 0.205882 0.147059 0.308824 0.0294118 0 0 0 0 0 0 

2240 2215 1602 93 0 0.722348 0 0 0 0 0 0 0 0 0 0 0 0 0 0 0 0 0 0 0 0.0144928 0.0289855 0.144928 0.130435 0.26087 0.231884 0.130435 0.0434783 0.0144928 0 0 0 0 0 

2208 2189 1602 94 0 0.730927 0 0 0 0 0 0 0 0 0 0 0 0 0 0 0 0 0 0 0.0147059 0.0441176 0.0294118 0.0294118 0.161765 0.25 0.176471 0.161765 0.102941 0.0294118 0 0 0 0 0 

