2272 2245 1603 99 0 0.712695 0 0 0 0 0 0 0 0 0 0 0 0 0 0 0 0 0 0.0142857 0.0428571 0.0285714 0.0714286 0.1 0.114286 0.171429 0.257143 0.128571 0.0428571 0.0142857 0.0142857 0 0 0 0 

2240 2221 1602 97 0 0.720396 0 0 0 0 0 0 0 0 0 0 0 0 0 0 0 0 0 0 0.0144928 0.0144928 0.0724638 0.101449 0.115942 0.26087 0.202899 0.173913 0.0289855 0.0144928 0 0 0 0 0 

2208 2199 1600 92 0 0.727603 0 0 0 0 0 0 0 0 0 0 0 0 0 0 0 0 0 0 0 0 0.0294118 0.0882353 0.220588 0.25 0.176471 0.191176 0.0294118 0.0147059 0 0 0 0 0 

2240 2227 1602 94 0 0.718455 0 0 0 0 0 0 0 0 0 0 0 0 0 0 0 0 0 0 0.0144928 0.0144928 0.0434783 0.101449 0.202899 0.231884 0.217391 0.130435 0.0434783 0 0 0 0 0 0 

2208 2189 1602 96 0 0.730927 0 0 0 0 0 0 0 0 0 0 0 0 0 0 0 0 0 0 0 0 0.0588235 0.0882353 0.161765 0.205882 0.205882 0.176471 0.0882353 0.0147059 0 0 0 0 0 

2208 2184 1602 92 0 0.732601 0 0 0 0 0 0 0 0 0 0 0 0 0 0 0 0 0 0 0 0.0294118 0.0147059 0.0588235 0.147059 0.308824 0.191176 0.147059 0.0588235 0.0147059 0.0294118 0 0 0 0 

2208 2197 1602 89 0 0.728266 0 0 0 0 0 0 0 0 0 0 0 0 0 0 0 0 0 0 0 0.0147059 0.0735294 0.0882353 0.117647 0.176471 0.294118 0.176471 0.0588235 0 0 0 0 0 0 

2208 2190 1602 90 0 0.730594 0 0 0 0 0 0 0 0 0 0 0 0 0 0 0 0 0 0.0147059 0.0147059 0.0294118 0.0147059 0.0588235 0.147059 0.235294 0.176471 0.161765 0.147059 0 0 0 0 0 0 

2208 2199 1602 95 0 0.727603 0 0 0 0 0 0 0 0 0 0 0 0 0 0 0 0 0 0 0.0147059 0.0147059 0.0147059 0.117647 0.102941 0.235294 0.323529 0.117647 0.0588235 0 0 0 0 0 0 

2208 2196 1603 101 0 0.728597 0 0 0 0 0 0 0 0 0 0 0 0 0 0 0 0 0 0 0 0.0147059 0.0882353 0.0588235 0.220588 0.132353 0.191176 0.161765 0.102941 0.0294118 0 0 0 0 0 

