2208 2196 1602 88 0 0.728597 0 0 0 0 0 0 0 0 0 0 0 0 0 0 0 0 0 0 0 0 0.0441176 0.102941 0.147059 0.279412 0.191176 0.161765 0.0588235 0.0147059 0 0 0 0 0 

2240 2218 1603 103 0 0.721371 0 0 0 0 0 0 0 0 0 0 0 0 0 0 0 0 0 0 0 0.0434783 0.057971 0.057971 0.231884 0.115942 0.275362 0.144928 0.0724638 0 0 0 0 0 0 

2208 2197 1602 91 0 0.728266 0 0 0 0 0 0 0 0 0 0 0 0 0 0 0 0 0 0 0 0 0.0147059 0.117647 0.176471 0.235294 0.279412 0.132353 0.0294118 0 0.0147059 0 0 0 0 

2208 2190 1602 86 0 0.730594 0 0 0 0 0 0 0 0 0 0 0 0 0 0 0 0 0 0.0147059 0 0.0147059 0.0147059 0.102941 0.147059 0.220588 0.220588 0.161765 0.0588235 0.0441176 0 0 0 0 0 

2208 2186 1602 89 0 0.73193 0 0 0 0 0 0 0 0 0 0 0 0 0 0 0 0 0 0.0147059 0 0 0.0735294 0.0588235 0.147059 0.191176 0.191176 0.205882 0.102941 0 0.0147059 0 0 0 0 

2208 2183 1602 93 0 0.732936 0 0 0 0 0 0 0 0 0 0 0 0 0 0 0 0 0 0 0 0 0.0294118 0.0735294 0.161765 0.191176 0.294118 0.191176 0.0588235 0 0 0 0 0 0 

2240 2215 1602 96 0 0.722348 0 0 0 0 0 0 0 0 0 0 0 0 0 0 0 0 0 0 0.0144928 0.0144928 0.0434783 0.130435 0.130435 0.217391 0.217391 0.173913 0.0289855 0.0289855 0 0 0 0 0 

2208 2194 1602 83 0 0.729262 0 0 0 0 0 0 0 0 0 0 0 0 0 0 0 0 0 0 0 0.0735294 0.0147059 0.0882353 0.161765 0.191176 0.132353 0.191176 0.132353 0.0147059 0 0 0 0 0 

2176 2165 1602 87 0 0.73903 0 0 0 0 0 0 0 0 0 0 0 0 0 0 0 0 0 0 0 0 0.0298507 0.104478 0.104478 0.208955 0.268657 0.179104 0.0597015 0.0298507 0.0149254 0 0 0 0 

2240 2212 1602 96 0 0.723327 0 0 0 0 0 0 0 0 0 0 0 0 0 0 0 0 0 0 0 0.0144928 0.0434783 0.144928 0.15942 0.231884 0.173913 0.144928 0.0434783 0.0144928 0.0289855 0 0 0 0 

