2240 2215 1602 97 0 0.722348 0 0 0 0 0 0 0 0 0 0 0 0 0 0 0 0 0 0 0 0.0144928 0.057971 0.0724638 0.202899 0.275362 0.173913 0.115942 0.057971 0.0289855 0 0 0 0 0 

2240 2218 1603 99 0 0.721371 0 0 0 0 0 0 0 0 0 0 0 0 0 0 0 0 0 0.0144928 0.0144928 0.0289855 0.0434783 0.0724638 0.202899 0.130435 0.26087 0.115942 0.115942 0 0 0 0 0 0 

2240 2226 1602 90 0 0.718778 0 0 0 0 0 0 0 0 0 0 0 0 0 0 0 0 0 0 0.0144928 0.0289855 0.0434783 0.0869565 0.217391 0.275362 0.115942 0.130435 0.057971 0.0289855 0 0 0 0 0 

2240 2222 1603 101 0 0.720072 0 0 0 0 0 0 0 0 0 0 0 0 0 0 0 0 0 0.0144928 0 0.0144928 0.057971 0.101449 0.130435 0.26087 0.26087 0.0869565 0.0434783 0.0289855 0 0 0 0 0 

2240 2223 1603 103 0 0.719748 0 0 0 0 0 0 0 0 0 0 0 0 0 0 0 0 0 0 0 0.0434783 0.0724638 0.057971 0.15942 0.26087 0.202899 0.144928 0.0434783 0.0144928 0 0 0 0 0 

2208 2196 1602 96 0 0.728597 0 0 0 0 0 0 0 0 0 0 0 0 0 0 0 0 0 0.0147059 0 0.0147059 0.0441176 0.0441176 0.235294 0.161765 0.264706 0.0882353 0.102941 0.0294118 0 0 0 0 0 

2240 2225 1602 95 0 0.719101 0 0 0 0 0 0 0 0 0 0 0 0 0 0 0 0 0 0 0 0.0144928 0.057971 0.101449 0.15942 0.304348 0.202899 0.115942 0.0434783 0 0 0 0 0 0 

2208 2189 1602 95 0 0.730927 0 0 0 0 0 0 0 0 0 0 0 0 0 0 0 0 0 0 0 0 0.0441176 0.117647 0.147059 0.205882 0.205882 0.176471 0.0882353 0.0147059 0 0 0 0 0 

2176 2159 1602 87 0 0.741084 0 0 0 0 0 0 0 0 0 0 0 0 0 0 0 0 0 0 0 0 0.0447761 0.0597015 0.0895522 0.164179 0.328358 0.253731 0.0447761 0.0149254 0 0 0 0 0 

2272 2250 1602 96 0 0.711111 0 0 0 0 0 0 0 0 0 0 0 0 0 0 0 0 0 0 0 0.0142857 0.0571429 0.157143 0.171429 0.285714 0.2 0.0857143 0.0285714 0 0 0 0 0 0 

