2208 2196 1602 91 0 0.728597 0 0 0 0 0 0 0 0 0 0 0 0 0 0 0 0 0 0 0 0 0.0588235 0.0735294 0.176471 0.264706 0.191176 0.147059 0.0735294 0.0147059 0 0 0 0 0 

2208 2201 1601 96 0 0.726942 0 0 0 0 0 0 0 0 0 0 0 0 0 0 0 0 0.0147059 0 0 0.0441176 0.0294118 0.0441176 0.102941 0.294118 0.264706 0.132353 0.0735294 0 0 0 0 0 0 

2240 2236 1601 100 0 0.715564 0 0 0 0 0 0 0 0 0 0 0 0 0 0 0 0 0 0 0 0.0144928 0.0724638 0.173913 0.115942 0.26087 0.202899 0.115942 0.0434783 0 0 0 0 0 0 

2208 2196 1602 91 0 0.728597 0 0 0 0 0 0 0 0 0 0 0 0 0 0 0 0 0 0 0 0 0.0588235 0.0882353 0.147059 0.220588 0.308824 0.117647 0.0294118 0.0147059 0.0147059 0 0 0 0 

2208 2191 1602 94 0 0.73026 0 0 0 0 0 0 0 0 0 0 0 0 0 0 0 0 0 0 0 0 0.0294118 0.117647 0.117647 0.308824 0.176471 0.161765 0.0735294 0.0147059 0 0 0 0 0 

2208 2196 1602 94 0 0.728597 0 0 0 0 0 0 0 0 0 0 0 0 0 0 0 0 0 0 0 0.0294118 0.0441176 0.0735294 0.147059 0.264706 0.191176 0.176471 0.0441176 0.0147059 0.0147059 0 0 0 0 

2208 2194 1603 99 0 0.729262 0 0 0 0 0 0 0 0 0 0 0 0 0 0 0 0 0 0 0 0.0147059 0.0441176 0.0882353 0.132353 0.264706 0.205882 0.161765 0.0735294 0.0147059 0 0 0 0 0 

2208 2204 1600 100 0 0.725953 0 0 0 0 0 0 0 0 0 0 0 0 0 0 0 0 0 0 0 0.0147059 0.0441176 0.147059 0.132353 0.191176 0.294118 0.0588235 0.102941 0.0147059 0 0 0 0 0 

2240 2218 1603 100 0 0.721371 0 0 0 0 0 0 0 0 0 0 0 0 0 0 0 0 0 0 0 0 0.057971 0.115942 0.130435 0.275362 0.246377 0.144928 0.0289855 0 0 0 0 0 0 

2176 2169 1602 89 0 0.737667 0 0 0 0 0 0 0 0 0 0 0 0 0 0 0 0 0 0 0 0 0.0746269 0.0597015 0.149254 0.164179 0.223881 0.19403 0.119403 0.0149254 0 0 0 0 0 

