2176 2163 1602 86 0 0.739713 0 0 0 0 0 0 0 0 0 0 0 0 0 0 0 0 0 0 0 0.0149254 0 0.0895522 0.179104 0.179104 0.238806 0.134328 0.119403 0.0447761 0 0 0 0 0 

2240 2212 1602 97 0 0.723327 0 0 0 0 0 0 0 0 0 0 0 0 0 0 0 0 0 0 0.0144928 0.0289855 0.0724638 0.0434783 0.101449 0.304348 0.202899 0.144928 0.0869565 0 0 0 0 0 0 

2240 2217 1603 102 0 0.721696 0 0 0 0 0 0 0 0 0 0 0 0 0 0 0 0 0 0 0.0144928 0.0144928 0.0724638 0.0869565 0.144928 0.188406 0.275362 0.130435 0.057971 0.0144928 0 0 0 0 0 

2208 2194 1602 89 0 0.729262 0 0 0 0 0 0 0 0 0 0 0 0 0 0 0 0 0 0 0 0 0.0588235 0.117647 0.117647 0.220588 0.25 0.147059 0.0735294 0.0147059 0 0 0 0 0 

2208 2193 1602 91 0 0.729594 0 0 0 0 0 0 0 0 0 0 0 0 0 0 0 0 0 0 0.0147059 0.0294118 0.0294118 0.0588235 0.161765 0.191176 0.205882 0.264706 0.0441176 0 0 0 0 0 0 

2208 2195 1602 98 0 0.728929 0 0 0 0 0 0 0 0 0 0 0 0 0 0 0 0 0 0 0 0.0294118 0.0147059 0.0882353 0.205882 0.176471 0.279412 0.0882353 0.102941 0.0147059 0 0 0 0 0 

2208 2187 1602 97 0 0.731596 0 0 0 0 0 0 0 0 0 0 0 0 0 0 0 0 0 0 0.0147059 0 0.0147059 0.0735294 0.176471 0.205882 0.264706 0.205882 0.0147059 0.0294118 0 0 0 0 0 

2240 2222 1602 96 0 0.720072 0 0 0 0 0 0 0 0 0 0 0 0 0 0 0 0 0.0144928 0 0 0.0289855 0.0724638 0.130435 0.0869565 0.202899 0.217391 0.15942 0.0869565 0 0 0 0 0 0 

2208 2191 1602 95 0 0.73026 0 0 0 0 0 0 0 0 0 0 0 0 0 0 0 0 0 0 0 0.0147059 0.0441176 0.132353 0.161765 0.132353 0.161765 0.279412 0.0588235 0.0147059 0 0 0 0 0 

2240 2213 1603 102 0 0.723 0 0 0 0 0 0 0 0 0 0 0 0 0 0 0 0 0 0 0.0144928 0.0289855 0 0.0724638 0.202899 0.231884 0.26087 0.130435 0.057971 0 0 0 0 0 0 

