2208 2192 1602 93 0 0.729927 0 0 0 0 0 0 0 0 0 0 0 0 0 0 0 0 0 0 0.0147059 0 0.0735294 0.0147059 0.161765 0.205882 0.294118 0.191176 0.0441176 0 0 0 0 0 0 

2208 2197 1602 96 0 0.728266 0 0 0 0 0 0 0 0 0 0 0 0 0 0 0 0 0 0 0 0.0147059 0.0441176 0.117647 0.132353 0.147059 0.338235 0.161765 0.0294118 0.0147059 0 0 0 0 0 

2272 2260 1602 93 0 0.707965 0 0 0 0 0 0 0 0 0 0 0 0 0 0 0 0 0 0.0142857 0.0142857 0.0142857 0.114286 0.0428571 0.271429 0.171429 0.228571 0.1 0.0285714 0 0 0 0 0 0 

2208 2197 1602 96 0 0.728266 0 0 0 0 0 0 0 0 0 0 0 0 0 0 0 0 0 0.0147059 0 0 0 0.147059 0.147059 0.294118 0.147059 0.161765 0.0441176 0.0441176 0 0 0 0 0 

2208 2199 1602 96 0 0.727603 0 0 0 0 0 0 0 0 0 0 0 0 0 0 0 0 0 0 0.0147059 0.0294118 0.0294118 0.0735294 0.176471 0.191176 0.235294 0.191176 0.0294118 0.0294118 0 0 0 0 0 

2208 2193 1602 88 0 0.729594 0 0 0 0 0 0 0 0 0 0 0 0 0 0 0 0 0 0 0 0 0.0441176 0.0735294 0.191176 0.235294 0.235294 0.132353 0.0735294 0.0147059 0 0 0 0 0 

2240 2221 1603 101 0 0.720396 0 0 0 0 0 0 0 0 0 0 0 0 0 0 0 0 0 0 0.0289855 0.0144928 0.0724638 0.057971 0.173913 0.188406 0.26087 0.130435 0.057971 0.0144928 0 0 0 0 0 

2208 2188 1602 91 0 0.731261 0 0 0 0 0 0 0 0 0 0 0 0 0 0 0 0 0 0 0.0294118 0.0147059 0.0294118 0.0588235 0.102941 0.235294 0.294118 0.132353 0.0735294 0.0294118 0 0 0 0 0 

2240 2231 1602 94 0 0.717167 0 0 0 0 0 0 0 0 0 0 0 0 0 0 0 0 0 0 0 0.0434783 0.0434783 0.057971 0.217391 0.275362 0.231884 0.101449 0.0289855 0 0 0 0 0 0 

2240 2222 1602 92 0 0.720072 0 0 0 0 0 0 0 0 0 0 0 0 0 0 0 0 0 0 0 0 0.0869565 0.173913 0.130435 0.115942 0.304348 0.130435 0.0434783 0.0144928 0 0 0 0 0 

