2240 2232 1600 93 0 0.716846 0 0 0 0 0 0 0 0 0 0 0 0 0 0 0 0 0 0.0144928 0.0144928 0 0.0724638 0.0869565 0.188406 0.173913 0.318841 0.101449 0.0289855 0 0 0 0 0 0 

2272 2247 1603 100 0 0.712061 0 0 0 0 0 0 0 0 0 0 0 0 0 0 0 0 0 0 0 0.0285714 0.0285714 0.142857 0.185714 0.3 0.185714 0.114286 0 0.0142857 0 0 0 0 0 

2272 2249 1602 92 0 0.711427 0 0 0 0 0 0 0 0 0 0 0 0 0 0 0 0 0 0 0 0.0285714 0.0857143 0.114286 0.228571 0.228571 0.128571 0.114286 0.0571429 0.0142857 0 0 0 0 0 

2208 2187 1602 96 0 0.731596 0 0 0 0 0 0 0 0 0 0 0 0 0 0 0 0 0 0 0.0147059 0.0294118 0.0441176 0.0588235 0.147059 0.147059 0.294118 0.132353 0.102941 0.0294118 0 0 0 0 0 

2208 2184 1602 89 0 0.732601 0 0 0 0 0 0 0 0 0 0 0 0 0 0 0 0 0 0 0 0.0294118 0.0294118 0 0.132353 0.352941 0.191176 0.205882 0.0588235 0 0 0 0 0 0 

2240 2214 1603 102 0 0.722674 0 0 0 0 0 0 0 0 0 0 0 0 0 0 0 0 0 0.0144928 0 0 0.0434783 0.144928 0.130435 0.217391 0.217391 0.144928 0.0724638 0.0144928 0 0 0 0 0 

2240 2222 1603 103 0 0.720072 0 0 0 0 0 0 0 0 0 0 0 0 0 0 0 0 0 0 0 0.0289855 0.057971 0.0869565 0.217391 0.202899 0.217391 0.101449 0.057971 0.0289855 0 0 0 0 0 

2240 2217 1602 94 0 0.721696 0 0 0 0 0 0 0 0 0 0 0 0 0 0 0 0 0 0 0.0144928 0.0434783 0.057971 0.057971 0.144928 0.246377 0.231884 0.101449 0.0724638 0.0289855 0 0 0 0 0 

2208 2196 1602 86 0 0.728597 0 0 0 0 0 0 0 0 0 0 0 0 0 0 0 0 0 0 0.0147059 0 0.0588235 0.0588235 0.161765 0.235294 0.235294 0.147059 0.0882353 0 0 0 0 0 0 

2208 2197 1603 99 0 0.728266 0 0 0 0 0 0 0 0 0 0 0 0 0 0 0 0 0 0 0.0147059 0 0.0294118 0.147059 0.0882353 0.279412 0.220588 0.147059 0.0294118 0.0147059 0.0294118 0 0 0 0 

