2176 2152 1602 83 0 0.743494 0 0 0 0 0 0 0 0 0 0 0 0 0 0 0 0 0 0 0 0 0.0149254 0.0597015 0.134328 0.19403 0.268657 0.164179 0.164179 0 0 0 0 0 0 

2240 2217 1602 93 0 0.721696 0 0 0 0 0 0 0 0 0 0 0 0 0 0 0 0 0 0 0 0.0144928 0.0434783 0.101449 0.231884 0.188406 0.202899 0.144928 0.0724638 0 0 0 0 0 0 

2208 2182 1603 99 0 0.733272 0 0 0 0 0 0 0 0 0 0 0 0 0 0 0 0 0 0 0 0.0147059 0.0147059 0.102941 0.102941 0.294118 0.220588 0.132353 0.0882353 0 0.0294118 0 0 0 0 

2240 2223 1603 102 0 0.719748 0 0 0 0 0 0 0 0 0 0 0 0 0 0 0 0 0 0 0 0.0144928 0.115942 0.0869565 0.101449 0.26087 0.202899 0.15942 0.057971 0 0 0 0 0 0 

2240 2228 1602 98 0 0.718133 0 0 0 0 0 0 0 0 0 0 0 0 0 0 0 0 0 0 0.057971 0 0.0289855 0.101449 0.173913 0.275362 0.188406 0.0724638 0.057971 0.0434783 0 0 0 0 0 

2240 2223 1603 101 0 0.719748 0 0 0 0 0 0 0 0 0 0 0 0 0 0 0 0 0 0 0.0289855 0.057971 0.057971 0.0869565 0.130435 0.173913 0.188406 0.15942 0.101449 0.0144928 0 0 0 0 0 

2208 2198 1602 93 0 0.727934 0 0 0 0 0 0 0 0 0 0 0 0 0 0 0 0 0 0 0 0 0.0441176 0.147059 0.147059 0.176471 0.264706 0.117647 0.102941 0 0 0 0 0 0 

2208 2191 1603 105 0 0.73026 0 0 0 0 0 0 0 0 0 0 0 0 0 0 0 0 0 0 0 0 0.0735294 0.0735294 0.147059 0.235294 0.235294 0.132353 0.0588235 0.0294118 0.0147059 0 0 0 0 

2240 2214 1603 99 0 0.722674 0 0 0 0 0 0 0 0 0 0 0 0 0 0 0 0 0 0 0.0144928 0 0.0289855 0.0869565 0.275362 0.144928 0.231884 0.130435 0.0869565 0 0 0 0 0 0 

2208 2198 1602 85 0 0.727934 0 0 0 0 0 0 0 0 0 0 0 0 0 0 0 0 0 0 0 0.0588235 0 0.147059 0.132353 0.205882 0.205882 0.102941 0.102941 0.0441176 0 0 0 0 0 

