2208 2202 1602 96 0 0.726612 0 0 0 0 0 0 0 0 0 0 0 0 0 0 0 0 0 0 0 0.0147059 0.0588235 0.0882353 0.205882 0.191176 0.235294 0.0882353 0.0882353 0.0294118 0 0 0 0 0 

2208 2190 1602 91 0 0.730594 0 0 0 0 0 0 0 0 0 0 0 0 0 0 0 0 0 0 0.0147059 0.0147059 0.0441176 0.0588235 0.220588 0.117647 0.235294 0.191176 0.0735294 0.0294118 0 0 0 0 0 

2208 2192 1602 94 0 0.729927 0 0 0 0 0 0 0 0 0 0 0 0 0 0 0 0 0 0 0 0.0147059 0.0588235 0.0588235 0.176471 0.205882 0.205882 0.191176 0.0882353 0 0 0 0 0 0 

2240 2223 1603 100 0 0.719748 0 0 0 0 0 0 0 0 0 0 0 0 0 0 0 0 0 0 0.0144928 0.0289855 0.057971 0.130435 0.101449 0.217391 0.231884 0.144928 0.0724638 0 0 0 0 0 0 

2208 2182 1603 99 0 0.733272 0 0 0 0 0 0 0 0 0 0 0 0 0 0 0 0 0 0 0 0.0294118 0.0588235 0.0441176 0.0882353 0.220588 0.294118 0.176471 0.0735294 0 0 0.0147059 0 0 0 

2208 2182 1602 97 0 0.733272 0 0 0 0 0 0 0 0 0 0 0 0 0 0 0 0 0 0 0.0147059 0.0147059 0.0294118 0.0735294 0.191176 0.161765 0.235294 0.147059 0.0588235 0.0441176 0.0294118 0 0 0 0 

2208 2188 1602 90 0 0.731261 0 0 0 0 0 0 0 0 0 0 0 0 0 0 0 0 0.0147059 0 0 0.0147059 0.0147059 0.117647 0.161765 0.176471 0.220588 0.117647 0.117647 0.0441176 0 0 0 0 0 

2240 2221 1602 96 0 0.720396 0 0 0 0 0 0 0 0 0 0 0 0 0 0 0 0 0 0 0.0144928 0.0144928 0.0869565 0.0724638 0.217391 0.115942 0.275362 0.130435 0.0434783 0.0289855 0 0 0 0 0 

2208 2188 1602 98 0 0.731261 0 0 0 0 0 0 0 0 0 0 0 0 0 0 0 0 0 0 0 0.0294118 0.0441176 0.117647 0.102941 0.235294 0.191176 0.102941 0.147059 0.0147059 0.0147059 0 0 0 0 

2176 2148 1602 84 0 0.744879 0 0 0 0 0 0 0 0 0 0 0 0 0 0 0 0 0 0 0 0 0.0149254 0.0597015 0.0746269 0.238806 0.298507 0.19403 0.0895522 0.0149254 0.0149254 0 0 0 0 

