2240 2223 1602 97 0 0.719748 0 0 0 0 0 0 0 0 0 0 0 0 0 0 0 0 0 0.0144928 0.0144928 0.0434783 0.0724638 0.0724638 0.115942 0.173913 0.231884 0.202899 0.057971 0 0 0 0 0 0 

2208 2189 1602 93 0 0.730927 0 0 0 0 0 0 0 0 0 0 0 0 0 0 0 0 0 0 0 0 0.0294118 0.0882353 0.191176 0.235294 0.191176 0.191176 0.0441176 0.0294118 0 0 0 0 0 

2240 2224 1603 100 0 0.719424 0 0 0 0 0 0 0 0 0 0 0 0 0 0 0 0 0 0 0 0 0.0869565 0.0869565 0.217391 0.217391 0.202899 0.130435 0.0434783 0.0144928 0 0 0 0 0 

2208 2179 1602 98 0 0.734282 0 0 0 0 0 0 0 0 0 0 0 0 0 0 0 0 0 0 0 0 0.0441176 0.102941 0.147059 0.191176 0.205882 0.176471 0.102941 0.0147059 0.0147059 0 0 0 0 

2208 2191 1602 96 0 0.73026 0 0 0 0 0 0 0 0 0 0 0 0 0 0 0 0 0 0 0 0 0.0294118 0.0882353 0.191176 0.235294 0.191176 0.191176 0.0735294 0 0 0 0 0 0 

2208 2184 1602 93 0 0.732601 0 0 0 0 0 0 0 0 0 0 0 0 0 0 0 0 0 0 0 0 0.0588235 0.0588235 0.132353 0.176471 0.367647 0.132353 0.0588235 0.0147059 0 0 0 0 0 

2240 2224 1602 92 0 0.719424 0 0 0 0 0 0 0 0 0 0 0 0 0 0 0 0 0 0.0144928 0 0.0144928 0.0724638 0.0869565 0.15942 0.231884 0.246377 0.0869565 0.0869565 0 0 0 0 0 0 

2176 2163 1602 94 0 0.739713 0 0 0 0 0 0 0 0 0 0 0 0 0 0 0 0 0 0 0 0.0149254 0.0298507 0.0746269 0.119403 0.104478 0.38806 0.164179 0.0895522 0.0149254 0 0 0 0 0 

2208 2195 1602 93 0 0.728929 0 0 0 0 0 0 0 0 0 0 0 0 0 0 0 0 0 0 0 0 0 0.117647 0.117647 0.323529 0.294118 0.102941 0.0441176 0 0 0 0 0 0 

2208 2188 1602 93 0 0.731261 0 0 0 0 0 0 0 0 0 0 0 0 0 0 0 0 0 0 0.0147059 0.0147059 0.0147059 0.0735294 0.161765 0.191176 0.279412 0.176471 0.0588235 0.0147059 0 0 0 0 0 

