2176 2160 1602 84 0 0.740741 0 0 0 0 0 0 0 0 0 0 0 0 0 0 0 0 0 0 0.0149254 0.0149254 0 0.0895522 0.0746269 0.238806 0.223881 0.253731 0.0447761 0.0298507 0.0149254 0 0 0 0 

2208 2187 1602 88 0 0.731596 0 0 0 0 0 0 0 0 0 0 0 0 0 0 0 0 0 0 0 0.0147059 0.0588235 0.0882353 0.147059 0.220588 0.161765 0.191176 0.0735294 0.0294118 0.0147059 0 0 0 0 

2208 2202 1600 92 0 0.726612 0 0 0 0 0 0 0 0 0 0 0 0 0 0 0 0 0 0 0.0147059 0.0441176 0.0294118 0.0882353 0.147059 0.147059 0.264706 0.220588 0.0441176 0 0 0 0 0 0 

2208 2197 1601 79 0 0.728266 0 0 0 0 0 0 0 0 0 0 0 0 0 0 0 0 0 0 0 0.0147059 0.0441176 0.147059 0.0588235 0.279412 0.220588 0.147059 0.0882353 0 0 0 0 0 0 

2176 2159 1602 93 0 0.741084 0 0 0 0 0 0 0 0 0 0 0 0 0 0 0 0 0 0 0 0.0149254 0.0298507 0.0298507 0.119403 0.268657 0.208955 0.19403 0.119403 0.0149254 0 0 0 0 0 

2208 2192 1602 90 0 0.729927 0 0 0 0 0 0 0 0 0 0 0 0 0 0 0 0 0 0 0 0.0147059 0.0441176 0.0588235 0.205882 0.176471 0.279412 0.102941 0.117647 0 0 0 0 0 0 

2240 2223 1602 98 0 0.719748 0 0 0 0 0 0 0 0 0 0 0 0 0 0 0 0 0 0 0.0289855 0.0289855 0.0289855 0.0724638 0.173913 0.26087 0.231884 0.115942 0.0289855 0.0289855 0 0 0 0 0 

2240 2216 1602 98 0 0.722022 0 0 0 0 0 0 0 0 0 0 0 0 0 0 0 0 0 0 0.0144928 0.0144928 0.0289855 0.101449 0.217391 0.15942 0.231884 0.188406 0.0434783 0 0 0 0 0 0 

2208 2188 1602 96 0 0.731261 0 0 0 0 0 0 0 0 0 0 0 0 0 0 0 0 0 0 0 0.0441176 0.0294118 0.0882353 0.132353 0.191176 0.220588 0.176471 0.0882353 0.0294118 0 0 0 0 0 

2208 2199 1602 93 0 0.727603 0 0 0 0 0 0 0 0 0 0 0 0 0 0 0 0 0 0 0 0.0147059 0.0735294 0.132353 0.0882353 0.205882 0.205882 0.205882 0.0588235 0.0147059 0 0 0 0 0 

