2176 2167 1601 86 0 0.738348 0 0 0 0 0 0 0 0 0 0 0 0 0 0 0 0 0 0 0 0.0298507 0.0149254 0.0746269 0.164179 0.164179 0.208955 0.223881 0.0895522 0.0298507 0 0 0 0 0 

2176 2167 1602 91 0 0.738348 0 0 0 0 0 0 0 0 0 0 0 0 0 0 0 0 0 0 0 0 0.0298507 0.0746269 0.104478 0.268657 0.238806 0.179104 0.104478 0 0 0 0 0 0 

2240 2222 1603 99 0 0.720072 0 0 0 0 0 0 0 0 0 0 0 0 0 0 0 0 0 0 0.0144928 0.0289855 0.0434783 0.101449 0.202899 0.231884 0.15942 0.0724638 0.130435 0.0144928 0 0 0 0 0 

2240 2214 1602 94 0 0.722674 0 0 0 0 0 0 0 0 0 0 0 0 0 0 0 0 0 0 0.0289855 0.0144928 0.0289855 0.101449 0.130435 0.202899 0.26087 0.202899 0.0289855 0 0 0 0 0 0 

2176 2169 1600 93 0 0.737667 0 0 0 0 0 0 0 0 0 0 0 0 0 0 0 0 0 0 0 0 0.0298507 0.0895522 0.149254 0.208955 0.223881 0.179104 0.104478 0.0149254 0 0 0 0 0 

2208 2188 1602 92 0 0.731261 0 0 0 0 0 0 0 0 0 0 0 0 0 0 0 0 0 0 0.0147059 0.0147059 0.0441176 0.0441176 0.161765 0.205882 0.25 0.176471 0.0588235 0.0294118 0 0 0 0 0 

2208 2200 1602 87 0 0.727273 0 0 0 0 0 0 0 0 0 0 0 0 0 0 0 0 0 0 0 0 0.0588235 0.117647 0.161765 0.220588 0.205882 0.132353 0.102941 0 0 0 0 0 0 

2240 2231 1603 99 0 0.717167 0 0 0 0 0 0 0 0 0 0 0 0 0 0 0 0 0 0 0 0.0144928 0.0724638 0.130435 0.188406 0.202899 0.217391 0.115942 0.057971 0 0 0 0 0 0 

2240 2215 1602 86 0 0.722348 0 0 0 0 0 0 0 0 0 0 0 0 0 0 0 0 0 0.0144928 0.0144928 0.0289855 0.057971 0.057971 0.101449 0.231884 0.246377 0.202899 0.0434783 0 0 0 0 0 0 

2208 2188 1602 96 0 0.731261 0 0 0 0 0 0 0 0 0 0 0 0 0 0 0 0 0 0 0 0 0.0588235 0.0735294 0.205882 0.191176 0.220588 0.117647 0.0882353 0.0294118 0.0147059 0 0 0 0 

