2208 2185 1602 98 0 0.732265 0 0 0 0 0 0 0 0 0 0 0 0 0 0 0 0 0 0 0 0.0294118 0.0294118 0.102941 0.117647 0.161765 0.279412 0.191176 0.0588235 0.0294118 0 0 0 0 0 

2176 2168 1602 98 0 0.738007 0 0 0 0 0 0 0 0 0 0 0 0 0 0 0 0 0 0 0 0.0298507 0.0298507 0.104478 0.119403 0.208955 0.104478 0.238806 0.149254 0.0149254 0 0 0 0 0 

2240 2212 1602 90 0 0.723327 0 0 0 0 0 0 0 0 0 0 0 0 0 0 0 0 0 0 0 0 0.0289855 0.130435 0.144928 0.275362 0.246377 0.115942 0.057971 0 0 0 0 0 0 

2240 2216 1603 99 0 0.722022 0 0 0 0 0 0 0 0 0 0 0 0 0 0 0 0 0 0.0144928 0 0.0144928 0.057971 0.0869565 0.130435 0.188406 0.318841 0.144928 0.0434783 0 0 0 0 0 0 

2240 2223 1602 92 0 0.719748 0 0 0 0 0 0 0 0 0 0 0 0 0 0 0 0 0 0 0.0289855 0 0.0289855 0.115942 0.173913 0.246377 0.217391 0.144928 0.0434783 0 0 0 0 0 0 

2208 2194 1602 84 0 0.729262 0 0 0 0 0 0 0 0 0 0 0 0 0 0 0 0 0 0 0.0147059 0.0294118 0.0441176 0.0882353 0.117647 0.205882 0.279412 0.0882353 0.0735294 0.0588235 0 0 0 0 0 

2240 2221 1602 98 0 0.720396 0 0 0 0 0 0 0 0 0 0 0 0 0 0 0 0 0 0 0.0144928 0.0144928 0.057971 0.057971 0.231884 0.246377 0.15942 0.144928 0.057971 0.0144928 0 0 0 0 0 

2176 2166 1602 98 0 0.738689 0 0 0 0 0 0 0 0 0 0 0 0 0 0 0 0 0 0 0 0.0149254 0.0298507 0.0597015 0.119403 0.208955 0.343284 0.0895522 0.0895522 0.0447761 0 0 0 0 0 

2208 2194 1603 100 0 0.729262 0 0 0 0 0 0 0 0 0 0 0 0 0 0 0 0 0 0 0.0147059 0 0.0441176 0.102941 0.161765 0.191176 0.176471 0.220588 0.0882353 0 0 0 0 0 0 

2240 2226 1602 91 0 0.718778 0 0 0 0 0 0 0 0 0 0 0 0 0 0 0 0 0 0 0.0144928 0.0144928 0.0724638 0.0724638 0.246377 0.202899 0.15942 0.115942 0.101449 0 0 0 0 0 0 

