2240 2219 1602 97 0 0.721045 0 0 0 0 0 0 0 0 0 0 0 0 0 0 0 0 0 0 0 0.0289855 0.0434783 0.0724638 0.15942 0.26087 0.304348 0.101449 0.0144928 0.0144928 0 0 0 0 0 

2240 2229 1602 98 0 0.717811 0 0 0 0 0 0 0 0 0 0 0 0 0 0 0 0 0 0 0 0.0289855 0.0434783 0.15942 0.130435 0.246377 0.231884 0.115942 0.0289855 0.0144928 0 0 0 0 0 

2208 2184 1602 89 0 0.732601 0 0 0 0 0 0 0 0 0 0 0 0 0 0 0 0 0 0 0 0 0.0882353 0.0441176 0.132353 0.235294 0.235294 0.132353 0.102941 0.0294118 0 0 0 0 0 

2208 2194 1602 98 0 0.729262 0 0 0 0 0 0 0 0 0 0 0 0 0 0 0 0 0 0 0 0.0147059 0.0294118 0.132353 0.132353 0.235294 0.161765 0.220588 0.0588235 0.0147059 0 0 0 0 0 

2240 2213 1603 100 0 0.723 0 0 0 0 0 0 0 0 0 0 0 0 0 0 0 0 0 0 0 0.0144928 0.057971 0.15942 0.115942 0.15942 0.275362 0.130435 0.0724638 0 0.0144928 0 0 0 0 

2208 2192 1602 90 0 0.729927 0 0 0 0 0 0 0 0 0 0 0 0 0 0 0 0 0 0 0 0 0.0735294 0.0441176 0.147059 0.25 0.264706 0.161765 0.0441176 0.0147059 0 0 0 0 0 

2208 2197 1602 94 0 0.728266 0 0 0 0 0 0 0 0 0 0 0 0 0 0 0 0 0 0 0 0.0147059 0.0588235 0.0588235 0.147059 0.279412 0.191176 0.191176 0.0588235 0 0 0 0 0 0 

2208 2183 1603 101 0 0.732936 0 0 0 0 0 0 0 0 0 0 0 0 0 0 0 0 0 0 0 0.0147059 0.0294118 0.102941 0.176471 0.132353 0.235294 0.176471 0.117647 0.0147059 0 0 0 0 0 

2208 2190 1602 97 0 0.730594 0 0 0 0 0 0 0 0 0 0 0 0 0 0 0 0 0 0 0 0.0147059 0.0441176 0.0588235 0.161765 0.25 0.235294 0.132353 0.0882353 0.0147059 0 0 0 0 0 

2208 2193 1602 89 0 0.729594 0 0 0 0 0 0 0 0 0 0 0 0 0 0 0 0 0 0 0 0.0147059 0.0294118 0.0735294 0.176471 0.176471 0.352941 0.132353 0.0147059 0.0294118 0 0 0 0 0 

