2208 2184 1602 87 0 0.732601 0 0 0 0 0 0 0 0 0 0 0 0 0 0 0 0 0 0 0 0 0.0147059 0.117647 0.132353 0.161765 0.382353 0.132353 0.0294118 0.0294118 0 0 0 0 0 

2272 2267 1600 100 0 0.705779 0 0 0 0 0 0 0 0 0 0 0 0 0 0 0 0 0 0 0.0285714 0.0571429 0.0714286 0.0857143 0.2 0.242857 0.185714 0.1 0.0285714 0 0 0 0 0 0 

2176 2159 1602 91 0 0.741084 0 0 0 0 0 0 0 0 0 0 0 0 0 0 0 0 0 0 0 0.0149254 0.0149254 0.0597015 0.164179 0.179104 0.238806 0.179104 0.119403 0.0298507 0 0 0 0 0 

2272 2266 1600 100 0 0.70609 0 0 0 0 0 0 0 0 0 0 0 0 0 0 0 0 0 0 0.0142857 0.0285714 0.0285714 0.228571 0.228571 0.157143 0.157143 0.142857 0.0142857 0 0 0 0 0 0 

2208 2196 1602 92 0 0.728597 0 0 0 0 0 0 0 0 0 0 0 0 0 0 0 0 0 0 0 0 0.0588235 0.0882353 0.147059 0.294118 0.147059 0.205882 0.0294118 0.0294118 0 0 0 0 0 

2240 2223 1603 99 0 0.719748 0 0 0 0 0 0 0 0 0 0 0 0 0 0 0 0 0 0 0.0144928 0 0.057971 0.0869565 0.217391 0.231884 0.202899 0.130435 0.0434783 0.0144928 0 0 0 0 0 

2240 2223 1602 89 0 0.719748 0 0 0 0 0 0 0 0 0 0 0 0 0 0 0 0 0 0 0.0144928 0.0289855 0.0869565 0.0724638 0.130435 0.246377 0.202899 0.144928 0.057971 0.0144928 0 0 0 0 0 

2208 2183 1602 96 0 0.732936 0 0 0 0 0 0 0 0 0 0 0 0 0 0 0 0 0 0 0 0.0294118 0 0.0588235 0.147059 0.220588 0.308824 0.176471 0.0588235 0 0 0 0 0 0 

2208 2196 1602 92 0 0.728597 0 0 0 0 0 0 0 0 0 0 0 0 0 0 0 0 0 0 0 0 0.0735294 0.0735294 0.117647 0.294118 0.205882 0.191176 0.0294118 0 0.0147059 0 0 0 0 

2240 2223 1603 99 0 0.719748 0 0 0 0 0 0 0 0 0 0 0 0 0 0 0 0 0 0 0 0.0144928 0.0289855 0.130435 0.173913 0.275362 0.217391 0.101449 0.057971 0 0 0 0 0 0 

