2208 2181 1602 91 0 0.733608 0 0 0 0 0 0 0 0 0 0 0 0 0 0 0 0 0 0 0 0.0147059 0.0294118 0.0735294 0.102941 0.308824 0.205882 0.147059 0.102941 0 0.0147059 0 0 0 0 

2208 2187 1602 94 0 0.731596 0 0 0 0 0 0 0 0 0 0 0 0 0 0 0 0 0 0 0 0 0.0294118 0.0588235 0.220588 0.264706 0.176471 0.117647 0.117647 0.0147059 0 0 0 0 0 

2240 2223 1603 103 0 0.719748 0 0 0 0 0 0 0 0 0 0 0 0 0 0 0 0 0 0.0144928 0 0.0144928 0.0724638 0.0434783 0.188406 0.318841 0.173913 0.0724638 0.0724638 0.0289855 0 0 0 0 0 

2208 2199 1602 91 0 0.727603 0 0 0 0 0 0 0 0 0 0 0 0 0 0 0 0 0 0 0 0 0.0441176 0.191176 0.161765 0.147059 0.147059 0.191176 0.102941 0.0147059 0 0 0 0 0 

2240 2218 1603 99 0 0.721371 0 0 0 0 0 0 0 0 0 0 0 0 0 0 0 0 0 0.0144928 0 0.0144928 0.057971 0.0869565 0.130435 0.246377 0.289855 0.057971 0.101449 0 0 0 0 0 0 

2176 2165 1602 94 0 0.73903 0 0 0 0 0 0 0 0 0 0 0 0 0 0 0 0 0 0 0 0.0149254 0.0149254 0.0298507 0.164179 0.223881 0.313433 0.134328 0.0746269 0.0298507 0 0 0 0 0 

2208 2189 1602 87 0 0.730927 0 0 0 0 0 0 0 0 0 0 0 0 0 0 0 0 0.0147059 0 0 0 0.0441176 0.0588235 0.161765 0.205882 0.279412 0.117647 0.102941 0.0147059 0 0 0 0 0 

2208 2201 1600 86 0 0.726942 0 0 0 0 0 0 0 0 0 0 0 0 0 0 0 0 0 0 0 0.0147059 0.0294118 0.0882353 0.176471 0.308824 0.161765 0.147059 0.0588235 0.0147059 0 0 0 0 0 

2208 2204 1601 104 0 0.725953 0 0 0 0 0 0 0 0 0 0 0 0 0 0 0 0 0 0.0147059 0 0.0147059 0.0735294 0.102941 0.117647 0.132353 0.264706 0.25 0.0294118 0 0 0 0 0 0 

2176 2171 1601 95 0 0.736988 0 0 0 0 0 0 0 0 0 0 0 0 0 0 0 0 0 0.0149254 0 0 0.0298507 0.104478 0.134328 0.223881 0.179104 0.119403 0.164179 0.0298507 0 0 0 0 0 

