2208 2194 1602 93 0 0.729262 0 0 0 0 0 0 0 0 0 0 0 0 0 0 0 0 0 0 0 0.0441176 0.0294118 0.0147059 0.25 0.220588 0.147059 0.191176 0.102941 0 0 0 0 0 0 

2240 2226 1603 102 0 0.718778 0 0 0 0 0 0 0 0 0 0 0 0 0 0 0 0 0 0 0.0144928 0.0434783 0.0869565 0.0724638 0.101449 0.231884 0.275362 0.0869565 0.0724638 0.0144928 0 0 0 0 0 

2240 2216 1602 93 0 0.722022 0 0 0 0 0 0 0 0 0 0 0 0 0 0 0 0 0 0 0.0144928 0.0144928 0.0289855 0.130435 0.144928 0.246377 0.217391 0.101449 0.101449 0 0 0 0 0 0 

2240 2220 1603 99 0 0.720721 0 0 0 0 0 0 0 0 0 0 0 0 0 0 0 0 0 0 0.0144928 0.0144928 0.101449 0.0869565 0.15942 0.188406 0.173913 0.144928 0.101449 0.0144928 0 0 0 0 0 

2208 2186 1602 89 0 0.73193 0 0 0 0 0 0 0 0 0 0 0 0 0 0 0 0 0 0 0 0.0147059 0 0.132353 0.0882353 0.279412 0.220588 0.205882 0.0441176 0.0147059 0 0 0 0 0 

2240 2215 1603 110 0 0.722348 0 0 0 0 0 0 0 0 0 0 0 0 0 0 0 0 0 0.0289855 0.0144928 0.0289855 0.0724638 0.057971 0.057971 0.246377 0.26087 0.0869565 0.130435 0.0144928 0 0 0 0 0 

2208 2199 1601 96 0 0.727603 0 0 0 0 0 0 0 0 0 0 0 0 0 0 0 0 0 0 0.0147059 0.0147059 0.0735294 0.0588235 0.191176 0.147059 0.220588 0.191176 0.0735294 0.0147059 0 0 0 0 0 

2176 2165 1602 86 0 0.73903 0 0 0 0 0 0 0 0 0 0 0 0 0 0 0 0 0 0 0 0 0.0298507 0.0447761 0.164179 0.223881 0.298507 0.134328 0.0597015 0.0298507 0.0149254 0 0 0 0 

2176 2167 1602 87 0 0.738348 0 0 0 0 0 0 0 0 0 0 0 0 0 0 0 0 0 0 0 0.0149254 0 0.0597015 0.164179 0.238806 0.253731 0.179104 0.0597015 0.0298507 0 0 0 0 0 

2240 2219 1602 91 0 0.721045 0 0 0 0 0 0 0 0 0 0 0 0 0 0 0 0 0 0.0144928 0 0.0289855 0.057971 0.057971 0.217391 0.246377 0.101449 0.15942 0.115942 0 0 0 0 0 0 

