2208 2186 1602 94 0 0.73193 0 0 0 0 0 0 0 0 0 0 0 0 0 0 0 0 0 0 0 0 0.0588235 0.102941 0.117647 0.235294 0.220588 0.147059 0.0882353 0.0147059 0.0147059 0 0 0 0 

2240 2228 1602 94 0 0.718133 0 0 0 0 0 0 0 0 0 0 0 0 0 0 0 0 0 0 0 0.0289855 0 0.115942 0.289855 0.246377 0.144928 0.101449 0.0724638 0 0 0 0 0 0 

2208 2192 1602 82 0 0.729927 0 0 0 0 0 0 0 0 0 0 0 0 0 0 0 0 0 0 0 0.0147059 0.0147059 0.147059 0.132353 0.176471 0.294118 0.147059 0.0294118 0.0441176 0 0 0 0 0 

2240 2223 1602 95 0 0.719748 0 0 0 0 0 0 0 0 0 0 0 0 0 0 0 0 0 0 0.0144928 0.0289855 0 0.101449 0.26087 0.217391 0.202899 0.0869565 0.0724638 0.0144928 0 0 0 0 0 

2208 2179 1602 97 0 0.734282 0 0 0 0 0 0 0 0 0 0 0 0 0 0 0 0 0 0 0 0.0147059 0.0441176 0.0882353 0.117647 0.161765 0.264706 0.205882 0.0882353 0.0147059 0 0 0 0 0 

2208 2192 1602 85 0 0.729927 0 0 0 0 0 0 0 0 0 0 0 0 0 0 0 0 0 0 0 0.0294118 0.0294118 0.0735294 0.161765 0.220588 0.25 0.132353 0.0882353 0.0147059 0 0 0 0 0 

2208 2197 1603 99 0 0.728266 0 0 0 0 0 0 0 0 0 0 0 0 0 0 0 0 0 0 0 0 0.0147059 0.132353 0.161765 0.25 0.220588 0.147059 0.0735294 0 0 0 0 0 0 

2240 2212 1602 93 0 0.723327 0 0 0 0 0 0 0 0 0 0 0 0 0 0 0 0 0 0 0 0.0144928 0 0.130435 0.130435 0.362319 0.202899 0.101449 0.0434783 0 0.0144928 0 0 0 0 

2208 2183 1602 90 0 0.732936 0 0 0 0 0 0 0 0 0 0 0 0 0 0 0 0 0 0.0147059 0 0 0.0147059 0.0588235 0.147059 0.264706 0.264706 0.161765 0.0294118 0.0441176 0 0 0 0 0 

2208 2194 1602 92 0 0.729262 0 0 0 0 0 0 0 0 0 0 0 0 0 0 0 0 0 0 0.0147059 0.0294118 0.0147059 0.102941 0.132353 0.191176 0.264706 0.161765 0.0735294 0.0147059 0 0 0 0 0 

