2208 2195 1602 91 0 0.728929 0 0 0 0 0 0 0 0 0 0 0 0 0 0 0 0 0 0 0 0 0.0294118 0.117647 0.117647 0.279412 0.25 0.147059 0.0588235 0 0 0 0 0 0 

2272 2247 1603 101 0 0.712061 0 0 0 0 0 0 0 0 0 0 0 0 0 0 0 0 0 0 0 0.0285714 0.114286 0.128571 0.142857 0.242857 0.1 0.171429 0.0714286 0 0 0 0 0 0 

2208 2193 1602 93 0 0.729594 0 0 0 0 0 0 0 0 0 0 0 0 0 0 0 0 0 0 0 0 0.0882353 0.0735294 0.117647 0.235294 0.235294 0.176471 0.0441176 0.0294118 0 0 0 0 0 

2240 2211 1602 87 0 0.723654 0 0 0 0 0 0 0 0 0 0 0 0 0 0 0 0 0 0 0 0.0434783 0.0724638 0.057971 0.115942 0.26087 0.15942 0.231884 0.057971 0 0 0 0 0 0 

2240 2230 1602 88 0 0.717489 0 0 0 0 0 0 0 0 0 0 0 0 0 0 0 0 0 0 0.0144928 0.0434783 0.057971 0.115942 0.115942 0.26087 0.217391 0.0869565 0.0724638 0.0144928 0 0 0 0 0 

2208 2188 1602 93 0 0.731261 0 0 0 0 0 0 0 0 0 0 0 0 0 0 0 0 0 0 0 0.0147059 0.0588235 0.0588235 0.147059 0.205882 0.25 0.176471 0.0735294 0.0147059 0 0 0 0 0 

2208 2193 1602 94 0 0.729594 0 0 0 0 0 0 0 0 0 0 0 0 0 0 0 0 0 0 0 0 0.0294118 0.0882353 0.132353 0.279412 0.279412 0.147059 0.0441176 0 0 0 0 0 0 

2208 2183 1602 89 0 0.732936 0 0 0 0 0 0 0 0 0 0 0 0 0 0 0 0 0 0.0147059 0.0147059 0.0147059 0.0441176 0.0735294 0.132353 0.205882 0.117647 0.191176 0.176471 0.0147059 0 0 0 0 0 

2208 2194 1602 95 0 0.729262 0 0 0 0 0 0 0 0 0 0 0 0 0 0 0 0 0 0 0.0147059 0.0147059 0.0294118 0.102941 0.0735294 0.264706 0.25 0.220588 0.0147059 0.0147059 0 0 0 0 0 

2208 2198 1602 96 0 0.727934 0 0 0 0 0 0 0 0 0 0 0 0 0 0 0 0 0 0 0 0.0294118 0.0735294 0.0735294 0.117647 0.205882 0.25 0.176471 0.0588235 0.0147059 0 0 0 0 0 

