2208 2192 1602 98 0 0.729927 0 0 0 0 0 0 0 0 0 0 0 0 0 0 0 0 0 0 0.0147059 0.0294118 0.0588235 0.0441176 0.176471 0.176471 0.205882 0.191176 0.0588235 0.0294118 0.0147059 0 0 0 0 

2272 2251 1602 94 0 0.710795 0 0 0 0 0 0 0 0 0 0 0 0 0 0 0 0 0 0 0 0.0857143 0.1 0.1 0.0857143 0.2 0.271429 0.1 0.0428571 0.0142857 0 0 0 0 0 

2240 2222 1603 99 0 0.720072 0 0 0 0 0 0 0 0 0 0 0 0 0 0 0 0 0 0 0 0.0434783 0.0434783 0.0869565 0.188406 0.202899 0.231884 0.144928 0.057971 0 0 0 0 0 0 

2208 2197 1602 95 0 0.728266 0 0 0 0 0 0 0 0 0 0 0 0 0 0 0 0 0 0 0 0 0.0294118 0.102941 0.147059 0.25 0.308824 0.117647 0.0294118 0.0147059 0 0 0 0 0 

2176 2169 1602 108 0 0.737667 0 0 0 0 0 0 0 0 0 0 0 0 0 0 0 0 0 0 0 0.0149254 0.0298507 0.119403 0.0895522 0.149254 0.313433 0.164179 0.0895522 0.0298507 0 0 0 0 0 

2240 2216 1602 92 0 0.722022 0 0 0 0 0 0 0 0 0 0 0 0 0 0 0 0 0 0.0144928 0 0.0144928 0.0434783 0.0724638 0.188406 0.26087 0.188406 0.173913 0.0144928 0.0144928 0.0144928 0 0 0 0 

2240 2218 1602 93 0 0.721371 0 0 0 0 0 0 0 0 0 0 0 0 0 0 0 0 0 0 0.0144928 0 0.057971 0.101449 0.130435 0.289855 0.202899 0.173913 0.0144928 0.0144928 0 0 0 0 0 

2208 2182 1602 90 0 0.733272 0 0 0 0 0 0 0 0 0 0 0 0 0 0 0 0 0 0 0.0294118 0 0.0294118 0.0294118 0.0882353 0.352941 0.205882 0.147059 0.117647 0 0 0 0 0 0 

2208 2196 1602 91 0 0.728597 0 0 0 0 0 0 0 0 0 0 0 0 0 0 0 0 0 0 0 0 0.0147059 0.117647 0.161765 0.220588 0.338235 0.0882353 0.0441176 0.0147059 0 0 0 0 0 

2208 2198 1602 90 0 0.727934 0 0 0 0 0 0 0 0 0 0 0 0 0 0 0 0 0 0 0 0 0.0441176 0.0882353 0.176471 0.191176 0.323529 0.132353 0.0441176 0 0 0 0 0 0 

