2272 2243 1602 96 0 0.71333 0 0 0 0 0 0 0 0 0 0 0 0 0 0 0 0 0 0 0 0.0285714 0.114286 0.0857143 0.2 0.185714 0.171429 0.142857 0.0714286 0 0 0 0 0 0 

2208 2196 1602 86 0 0.728597 0 0 0 0 0 0 0 0 0 0 0 0 0 0 0 0 0 0 0 0 0.0147059 0.117647 0.264706 0.147059 0.191176 0.176471 0.0882353 0 0 0 0 0 0 

2208 2196 1602 95 0 0.728597 0 0 0 0 0 0 0 0 0 0 0 0 0 0 0 0 0 0 0 0.0147059 0.0735294 0.0735294 0.102941 0.25 0.323529 0.0735294 0.0441176 0.0294118 0.0147059 0 0 0 0 

2208 2195 1602 91 0 0.728929 0 0 0 0 0 0 0 0 0 0 0 0 0 0 0 0 0 0 0 0.0294118 0.0735294 0.0882353 0.0882353 0.220588 0.220588 0.176471 0.102941 0 0 0 0 0 0 

2240 2230 1602 92 0 0.717489 0 0 0 0 0 0 0 0 0 0 0 0 0 0 0 0 0 0.0144928 0.0144928 0.0144928 0.0144928 0.057971 0.246377 0.26087 0.26087 0.101449 0 0.0144928 0 0 0 0 0 

2240 2221 1602 89 0 0.720396 0 0 0 0 0 0 0 0 0 0 0 0 0 0 0 0 0 0 0.0144928 0.0289855 0.057971 0.0869565 0.173913 0.173913 0.246377 0.15942 0.057971 0 0 0 0 0 0 

2208 2195 1602 95 0 0.728929 0 0 0 0 0 0 0 0 0 0 0 0 0 0 0 0 0 0 0 0 0.0147059 0.132353 0.147059 0.25 0.25 0.147059 0.0441176 0.0147059 0 0 0 0 0 

2208 2197 1602 94 0 0.728266 0 0 0 0 0 0 0 0 0 0 0 0 0 0 0 0 0 0 0 0 0.0294118 0.0882353 0.235294 0.205882 0.220588 0.132353 0.0882353 0 0 0 0 0 0 

2240 2231 1602 90 0 0.717167 0 0 0 0 0 0 0 0 0 0 0 0 0 0 0 0 0 0 0 0.0144928 0.0724638 0.144928 0.231884 0.15942 0.15942 0.144928 0.057971 0.0144928 0 0 0 0 0 

2208 2186 1602 88 0 0.73193 0 0 0 0 0 0 0 0 0 0 0 0 0 0 0 0 0 0 0 0.0147059 0.0588235 0.0735294 0.161765 0.205882 0.161765 0.191176 0.117647 0.0147059 0 0 0 0 0 

