2208 2202 1603 99 0 0.726612 0 0 0 0 0 0 0 0 0 0 0 0 0 0 0 0 0 0 0.0147059 0.0588235 0.0147059 0.117647 0.117647 0.176471 0.235294 0.147059 0.102941 0.0147059 0 0 0 0 0 

2208 2186 1603 106 0 0.73193 0 0 0 0 0 0 0 0 0 0 0 0 0 0 0 0 0 0 0.0147059 0.0147059 0.0588235 0.0588235 0.176471 0.147059 0.235294 0.117647 0.147059 0.0294118 0 0 0 0 0 

2208 2193 1602 95 0 0.729594 0 0 0 0 0 0 0 0 0 0 0 0 0 0 0 0 0 0.0147059 0.0147059 0.0147059 0.0441176 0.0588235 0.0882353 0.220588 0.308824 0.161765 0.0588235 0.0147059 0 0 0 0 0 

2208 2191 1602 94 0 0.73026 0 0 0 0 0 0 0 0 0 0 0 0 0 0 0 0 0 0 0.0147059 0.0147059 0.0294118 0.0735294 0.132353 0.220588 0.308824 0.117647 0.0588235 0.0294118 0 0 0 0 0 

2176 2156 1602 95 0 0.742115 0 0 0 0 0 0 0 0 0 0 0 0 0 0 0 0 0 0 0 0 0.0298507 0.0746269 0.134328 0.19403 0.238806 0.164179 0.119403 0.0447761 0 0 0 0 0 

2208 2191 1602 84 0 0.73026 0 0 0 0 0 0 0 0 0 0 0 0 0 0 0 0 0 0 0.0147059 0.0294118 0.0441176 0.0441176 0.132353 0.235294 0.235294 0.176471 0.0588235 0.0294118 0 0 0 0 0 

2208 2182 1602 92 0 0.733272 0 0 0 0 0 0 0 0 0 0 0 0 0 0 0 0 0 0 0 0 0.0735294 0.0735294 0.132353 0.176471 0.220588 0.235294 0.0735294 0.0147059 0 0 0 0 0 

2208 2199 1601 91 0 0.727603 0 0 0 0 0 0 0 0 0 0 0 0 0 0 0 0 0 0 0 0.0147059 0.0294118 0.0588235 0.235294 0.235294 0.205882 0.147059 0.0735294 0 0 0 0 0 0 

2208 2193 1602 91 0 0.729594 0 0 0 0 0 0 0 0 0 0 0 0 0 0 0 0 0 0 0 0.0147059 0.0294118 0.0882353 0.161765 0.220588 0.279412 0.132353 0.0441176 0.0294118 0 0 0 0 0 

2208 2197 1603 103 0 0.728266 0 0 0 0 0 0 0 0 0 0 0 0 0 0 0 0 0 0 0.0147059 0.0294118 0.0441176 0.0882353 0.117647 0.205882 0.264706 0.117647 0.0882353 0.0294118 0 0 0 0 0 

