2240 2217 1602 98 0 0.721696 0 0 0 0 0 0 0 0 0 0 0 0 0 0 0 0 0 0 0 0.0289855 0.0724638 0.0869565 0.144928 0.246377 0.188406 0.144928 0.0869565 0 0 0 0 0 0 

2208 2198 1602 97 0 0.727934 0 0 0 0 0 0 0 0 0 0 0 0 0 0 0 0 0 0 0.0147059 0 0.0441176 0.102941 0.117647 0.25 0.308824 0.0735294 0.0441176 0.0441176 0 0 0 0 0 

2208 2201 1601 94 0 0.726942 0 0 0 0 0 0 0 0 0 0 0 0 0 0 0 0 0 0 0.0147059 0.0294118 0.0147059 0.102941 0.176471 0.235294 0.161765 0.161765 0.0882353 0.0147059 0 0 0 0 0 

2208 2200 1600 92 0 0.727273 0 0 0 0 0 0 0 0 0 0 0 0 0 0 0 0 0 0 0 0.0147059 0.0735294 0.0588235 0.176471 0.161765 0.323529 0.117647 0.0735294 0 0 0 0 0 0 

2208 2202 1602 88 0 0.726612 0 0 0 0 0 0 0 0 0 0 0 0 0 0 0 0 0 0 0 0 0.0441176 0.102941 0.191176 0.205882 0.235294 0.191176 0.0294118 0 0 0 0 0 0 

2176 2151 1601 79 0 0.74384 0 0 0 0 0 0 0 0 0 0 0 0 0 0 0 0 0 0 0 0 0 0.0895522 0.0895522 0.268657 0.223881 0.19403 0.0895522 0.0447761 0 0 0 0 0 

2240 2216 1602 95 0 0.722022 0 0 0 0 0 0 0 0 0 0 0 0 0 0 0 0 0 0 0.0289855 0.0289855 0.0289855 0.0434783 0.202899 0.202899 0.26087 0.144928 0.0434783 0.0144928 0 0 0 0 0 

2240 2217 1602 93 0 0.721696 0 0 0 0 0 0 0 0 0 0 0 0 0 0 0 0 0 0 0 0 0.0144928 0.144928 0.246377 0.202899 0.188406 0.130435 0.0724638 0 0 0 0 0 0 

2208 2184 1603 100 0 0.732601 0 0 0 0 0 0 0 0 0 0 0 0 0 0 0 0 0 0 0.0147059 0.0147059 0.0147059 0.117647 0.102941 0.205882 0.205882 0.205882 0.117647 0 0 0 0 0 0 

2208 2184 1602 85 0 0.732601 0 0 0 0 0 0 0 0 0 0 0 0 0 0 0 0 0 0 0 0.0147059 0.0147059 0.102941 0.176471 0.161765 0.25 0.161765 0.117647 0 0 0 0 0 0 

