2208 2193 1602 98 0 0.729594 0 0 0 0 0 0 0 0 0 0 0 0 0 0 0 0 0 0 0.0147059 0.0147059 0 0.0882353 0.220588 0.176471 0.235294 0.161765 0.0735294 0.0147059 0 0 0 0 0 

2208 2179 1602 87 0 0.734282 0 0 0 0 0 0 0 0 0 0 0 0 0 0 0 0 0 0 0 0.0147059 0.0147059 0.0588235 0.235294 0.147059 0.235294 0.176471 0.0882353 0.0294118 0 0 0 0 0 

2240 2217 1602 92 0 0.721696 0 0 0 0 0 0 0 0 0 0 0 0 0 0 0 0 0 0 0 0.0289855 0.0869565 0.057971 0.202899 0.173913 0.217391 0.144928 0.0724638 0.0144928 0 0 0 0 0 

2240 2229 1602 98 0 0.717811 0 0 0 0 0 0 0 0 0 0 0 0 0 0 0 0 0 0 0.0144928 0.0144928 0.0434783 0.173913 0.173913 0.188406 0.231884 0.057971 0.0724638 0.0144928 0.0144928 0 0 0 0 

2240 2230 1602 89 0 0.717489 0 0 0 0 0 0 0 0 0 0 0 0 0 0 0 0 0 0 0 0.0434783 0.0869565 0.0724638 0.202899 0.144928 0.304348 0.0869565 0.0289855 0.0289855 0 0 0 0 0 

2240 2231 1602 97 0 0.717167 0 0 0 0 0 0 0 0 0 0 0 0 0 0 0 0 0 0 0 0.0144928 0.0724638 0.057971 0.246377 0.289855 0.202899 0.057971 0.0289855 0.0289855 0 0 0 0 0 

2208 2193 1603 103 0 0.729594 0 0 0 0 0 0 0 0 0 0 0 0 0 0 0 0 0 0 0.0147059 0 0.0441176 0.0882353 0.147059 0.220588 0.220588 0.191176 0.0441176 0.0294118 0 0 0 0 0 

2240 2212 1602 96 0 0.723327 0 0 0 0 0 0 0 0 0 0 0 0 0 0 0 0 0 0 0 0.0289855 0.057971 0.057971 0.231884 0.217391 0.15942 0.130435 0.0869565 0.0289855 0 0 0 0 0 

2240 2224 1602 95 0 0.719424 0 0 0 0 0 0 0 0 0 0 0 0 0 0 0 0 0 0 0 0.0144928 0.057971 0.188406 0.101449 0.188406 0.246377 0.15942 0.0434783 0 0 0 0 0 0 

2240 2214 1603 99 0 0.722674 0 0 0 0 0 0 0 0 0 0 0 0 0 0 0 0 0 0 0.0289855 0 0.057971 0.057971 0.173913 0.188406 0.318841 0.130435 0.0144928 0.0144928 0.0144928 0 0 0 0 

