2240 2214 1603 101 0 0.722674 0 0 0 0 0 0 0 0 0 0 0 0 0 0 0 0 0 0 0 0.0144928 0.0434783 0.144928 0.173913 0.15942 0.188406 0.217391 0.057971 0 0 0 0 0 0 

2240 2219 1602 90 0 0.721045 0 0 0 0 0 0 0 0 0 0 0 0 0 0 0 0 0 0 0 0 0.0724638 0.0869565 0.202899 0.246377 0.188406 0.144928 0.057971 0 0 0 0 0 0 

2176 2167 1602 84 0 0.738348 0 0 0 0 0 0 0 0 0 0 0 0 0 0 0 0 0 0 0 0 0.0447761 0.0447761 0.164179 0.208955 0.223881 0.223881 0.0746269 0.0149254 0 0 0 0 0 

2176 2162 1603 104 0 0.740056 0 0 0 0 0 0 0 0 0 0 0 0 0 0 0 0 0 0 0.0149254 0.0149254 0.0447761 0.0746269 0.0746269 0.164179 0.298507 0.134328 0.134328 0.0447761 0 0 0 0 0 

2240 2227 1602 95 0 0.718455 0 0 0 0 0 0 0 0 0 0 0 0 0 0 0 0 0.0144928 0 0.0144928 0 0.0144928 0.144928 0.217391 0.217391 0.188406 0.0869565 0.101449 0 0 0 0 0 0 

2176 2166 1602 95 0 0.738689 0 0 0 0 0 0 0 0 0 0 0 0 0 0 0 0 0 0 0.0149254 0.0298507 0.0149254 0.104478 0.134328 0.104478 0.208955 0.283582 0.0597015 0.0149254 0.0298507 0 0 0 0 

2240 2220 1602 96 0 0.720721 0 0 0 0 0 0 0 0 0 0 0 0 0 0 0 0 0 0.0144928 0 0.0144928 0.0434783 0.115942 0.188406 0.202899 0.173913 0.188406 0.0434783 0.0144928 0 0 0 0 0 

2240 2218 1602 93 0 0.721371 0 0 0 0 0 0 0 0 0 0 0 0 0 0 0 0 0 0 0.0144928 0.0144928 0.057971 0.0724638 0.173913 0.217391 0.275362 0.115942 0.0434783 0.0144928 0 0 0 0 0 

2208 2192 1602 90 0 0.729927 0 0 0 0 0 0 0 0 0 0 0 0 0 0 0 0 0 0 0 0.0294118 0 0.0588235 0.191176 0.264706 0.25 0.132353 0.0588235 0.0147059 0 0 0 0 0 

2208 2190 1603 100 0 0.730594 0 0 0 0 0 0 0 0 0 0 0 0 0 0 0 0 0 0 0 0.0147059 0 0.0882353 0.147059 0.191176 0.411765 0.102941 0.0441176 0 0 0 0 0 0 

