2240 2211 1602 93 0 0.723654 0 0 0 0 0 0 0 0 0 0 0 0 0 0 0 0 0 0 0 0 0.0289855 0.173913 0.202899 0.173913 0.188406 0.115942 0.0724638 0.0434783 0 0 0 0 0 

2208 2200 1600 87 0 0.727273 0 0 0 0 0 0 0 0 0 0 0 0 0 0 0 0 0 0.0147059 0 0 0.0588235 0.0735294 0.132353 0.279412 0.205882 0.176471 0.0441176 0.0147059 0 0 0 0 0 

2208 2192 1602 90 0 0.729927 0 0 0 0 0 0 0 0 0 0 0 0 0 0 0 0 0 0 0 0.0294118 0.0294118 0.0588235 0.176471 0.205882 0.25 0.191176 0.0441176 0.0147059 0 0 0 0 0 

2208 2191 1602 93 0 0.73026 0 0 0 0 0 0 0 0 0 0 0 0 0 0 0 0 0 0 0 0.0294118 0.0588235 0.0882353 0.132353 0.176471 0.205882 0.220588 0.0588235 0.0294118 0 0 0 0 0 

2208 2196 1602 87 0 0.728597 0 0 0 0 0 0 0 0 0 0 0 0 0 0 0 0 0 0 0 0.0294118 0.0294118 0.132353 0.161765 0.132353 0.235294 0.191176 0.0735294 0.0147059 0 0 0 0 0 

2176 2166 1602 97 0 0.738689 0 0 0 0 0 0 0 0 0 0 0 0 0 0 0 0 0 0 0.0149254 0 0.0298507 0.104478 0.134328 0.179104 0.208955 0.164179 0.104478 0.0597015 0 0 0 0 0 

2208 2187 1602 94 0 0.731596 0 0 0 0 0 0 0 0 0 0 0 0 0 0 0 0 0 0 0 0 0.0735294 0.0441176 0.132353 0.205882 0.308824 0.191176 0.0294118 0.0147059 0 0 0 0 0 

2208 2184 1602 91 0 0.732601 0 0 0 0 0 0 0 0 0 0 0 0 0 0 0 0 0 0 0 0.0294118 0.0147059 0.0735294 0.176471 0.205882 0.264706 0.102941 0.0882353 0.0294118 0.0147059 0 0 0 0 

2208 2197 1602 90 0 0.728266 0 0 0 0 0 0 0 0 0 0 0 0 0 0 0 0 0 0 0 0.0441176 0.0441176 0.102941 0.132353 0.205882 0.191176 0.161765 0.0882353 0.0294118 0 0 0 0 0 

2208 2202 1600 97 0 0.726612 0 0 0 0 0 0 0 0 0 0 0 0 0 0 0 0 0 0 0.0147059 0.0588235 0.0147059 0.0882353 0.205882 0.132353 0.205882 0.161765 0.102941 0 0.0147059 0 0 0 0 

