2208 2191 1602 84 0 0.73026 0 0 0 0 0 0 0 0 0 0 0 0 0 0 0 0 0 0 0 0.0294118 0.0294118 0.117647 0.0882353 0.176471 0.308824 0.205882 0.0294118 0.0147059 0 0 0 0 0 

2240 2217 1602 94 0 0.721696 0 0 0 0 0 0 0 0 0 0 0 0 0 0 0 0 0 0.0144928 0 0 0.0869565 0.101449 0.15942 0.188406 0.217391 0.144928 0.0724638 0 0.0144928 0 0 0 0 

2208 2180 1602 94 0 0.733945 0 0 0 0 0 0 0 0 0 0 0 0 0 0 0 0 0 0 0.0147059 0 0.0147059 0.102941 0.191176 0.147059 0.220588 0.161765 0.117647 0.0294118 0 0 0 0 0 

2208 2179 1602 96 0 0.734282 0 0 0 0 0 0 0 0 0 0 0 0 0 0 0 0 0 0 0.0294118 0 0.0147059 0.0588235 0.117647 0.220588 0.264706 0.235294 0.0294118 0.0294118 0 0 0 0 0 

2208 2195 1602 97 0 0.728929 0 0 0 0 0 0 0 0 0 0 0 0 0 0 0 0 0 0 0.0147059 0.0294118 0.0588235 0.102941 0.0882353 0.191176 0.264706 0.132353 0.0588235 0.0588235 0 0 0 0 0 

2176 2153 1602 94 0 0.743149 0 0 0 0 0 0 0 0 0 0 0 0 0 0 0 0 0 0 0 0.0149254 0.0298507 0.0447761 0.134328 0.19403 0.268657 0.149254 0.0746269 0.0895522 0 0 0 0 0 

2240 2219 1603 101 0 0.721045 0 0 0 0 0 0 0 0 0 0 0 0 0 0 0 0 0 0 0 0.0289855 0.0434783 0.15942 0.130435 0.246377 0.130435 0.15942 0.0869565 0.0144928 0 0 0 0 0 

2240 2220 1602 96 0 0.720721 0 0 0 0 0 0 0 0 0 0 0 0 0 0 0 0 0 0.0144928 0 0 0.0434783 0.130435 0.173913 0.188406 0.275362 0.115942 0.0434783 0.0144928 0 0 0 0 0 

2240 2222 1603 103 0 0.720072 0 0 0 0 0 0 0 0 0 0 0 0 0 0 0 0 0 0 0 0.0144928 0.0289855 0.0869565 0.231884 0.275362 0.202899 0.101449 0.057971 0 0 0 0 0 0 

2176 2169 1600 98 0 0.737667 0 0 0 0 0 0 0 0 0 0 0 0 0 0 0 0 0 0 0 0.0149254 0.0298507 0.0895522 0.0746269 0.208955 0.283582 0.238806 0.0597015 0 0 0 0 0 0 

