2240 2225 1603 102 0 0.719101 0 0 0 0 0 0 0 0 0 0 0 0 0 0 0 0 0 0.0144928 0.0144928 0.0144928 0.0289855 0.115942 0.130435 0.26087 0.217391 0.173913 0.0289855 0 0 0 0 0 0 

2208 2198 1602 94 0 0.727934 0 0 0 0 0 0 0 0 0 0 0 0 0 0 0 0 0 0 0 0 0.0735294 0.161765 0.0882353 0.161765 0.25 0.191176 0.0588235 0.0147059 0 0 0 0 0 

2176 2170 1602 98 0 0.737327 0 0 0 0 0 0 0 0 0 0 0 0 0 0 0 0 0 0 0 0.0149254 0.0298507 0.134328 0.104478 0.149254 0.268657 0.164179 0.0895522 0.0447761 0 0 0 0 0 

2176 2172 1601 99 0 0.736648 0 0 0 0 0 0 0 0 0 0 0 0 0 0 0 0 0 0 0 0.0149254 0.0447761 0.0895522 0.104478 0.208955 0.253731 0.164179 0.0895522 0.0149254 0.0149254 0 0 0 0 

2208 2189 1602 93 0 0.730927 0 0 0 0 0 0 0 0 0 0 0 0 0 0 0 0 0 0 0 0.0147059 0.0147059 0.132353 0.0882353 0.308824 0.191176 0.161765 0.0441176 0.0441176 0 0 0 0 0 

2272 2259 1602 93 0 0.708278 0 0 0 0 0 0 0 0 0 0 0 0 0 0 0 0 0 0 0 0.0714286 0.0571429 0.185714 0.128571 0.185714 0.228571 0.0857143 0.0571429 0 0 0 0 0 0 

2240 2212 1602 95 0 0.723327 0 0 0 0 0 0 0 0 0 0 0 0 0 0 0 0 0 0 0 0 0.057971 0.115942 0.173913 0.217391 0.217391 0.15942 0.0289855 0.0289855 0 0 0 0 0 

2208 2181 1602 89 0 0.733608 0 0 0 0 0 0 0 0 0 0 0 0 0 0 0 0 0 0.0147059 0 0 0.0441176 0.0735294 0.0882353 0.264706 0.235294 0.161765 0.0882353 0.0294118 0 0 0 0 0 

2208 2182 1602 98 0 0.733272 0 0 0 0 0 0 0 0 0 0 0 0 0 0 0 0 0 0 0 0 0.0735294 0.0735294 0.0735294 0.264706 0.25 0.176471 0.0588235 0.0147059 0.0147059 0 0 0 0 

2208 2196 1602 92 0 0.728597 0 0 0 0 0 0 0 0 0 0 0 0 0 0 0 0 0.0147059 0 0 0.0147059 0 0.0882353 0.191176 0.264706 0.205882 0.102941 0.0882353 0.0294118 0 0 0 0 0 

