2240 2223 1602 91 0 0.719748 0 0 0 0 0 0 0 0 0 0 0 0 0 0 0 0 0 0 0 0.0434783 0.0144928 0.0869565 0.217391 0.275362 0.173913 0.130435 0.057971 0 0 0 0 0 0 

2176 2172 1600 99 0 0.736648 0 0 0 0 0 0 0 0 0 0 0 0 0 0 0 0 0 0 0 0 0.0447761 0.0298507 0.238806 0.164179 0.268657 0.104478 0.134328 0.0149254 0 0 0 0 0 

2240 2214 1602 98 0 0.722674 0 0 0 0 0 0 0 0 0 0 0 0 0 0 0 0 0 0 0.0144928 0.0289855 0.0144928 0.115942 0.217391 0.202899 0.173913 0.101449 0.101449 0.0144928 0.0144928 0 0 0 0 

2240 2216 1602 93 0 0.722022 0 0 0 0 0 0 0 0 0 0 0 0 0 0 0 0 0 0.0144928 0.0144928 0.0144928 0.0434783 0.0724638 0.173913 0.202899 0.231884 0.15942 0.0724638 0 0 0 0 0 0 

2208 2184 1602 94 0 0.732601 0 0 0 0 0 0 0 0 0 0 0 0 0 0 0 0 0 0 0.0147059 0.0441176 0.0294118 0.0588235 0.132353 0.191176 0.191176 0.191176 0.132353 0.0147059 0 0 0 0 0 

2240 2235 1602 100 0 0.715884 0 0 0 0 0 0 0 0 0 0 0 0 0 0 0 0 0 0 0.0144928 0.0434783 0.0724638 0.101449 0.144928 0.26087 0.15942 0.130435 0.057971 0.0144928 0 0 0 0 0 

2208 2199 1602 90 0 0.727603 0 0 0 0 0 0 0 0 0 0 0 0 0 0 0 0 0 0 0 0.0294118 0.0294118 0.102941 0.147059 0.264706 0.191176 0.132353 0.0882353 0.0147059 0 0 0 0 0 

2240 2225 1603 102 0 0.719101 0 0 0 0 0 0 0 0 0 0 0 0 0 0 0 0 0 0 0 0.0144928 0.0434783 0.130435 0.115942 0.304348 0.275362 0.0869565 0.0144928 0.0144928 0 0 0 0 0 

2176 2149 1601 79 0 0.744532 0 0 0 0 0 0 0 0 0 0 0 0 0 0 0 0 0 0 0.0149254 0.0149254 0 0.0597015 0.149254 0.104478 0.283582 0.238806 0.0746269 0.0597015 0 0 0 0 0 

2208 2184 1602 95 0 0.732601 0 0 0 0 0 0 0 0 0 0 0 0 0 0 0 0 0 0 0 0.0147059 0.0294118 0.0441176 0.147059 0.264706 0.264706 0.176471 0.0294118 0.0294118 0 0 0 0 0 

