2240 2214 1602 88 0 0.722674 0 0 0 0 0 0 0 0 0 0 0 0 0 0 0 0 0 0 0 0.0434783 0.0724638 0.115942 0.0869565 0.246377 0.15942 0.173913 0.0724638 0.0289855 0 0 0 0 0 

2208 2185 1602 92 0 0.732265 0 0 0 0 0 0 0 0 0 0 0 0 0 0 0 0 0 0 0 0.0147059 0.0441176 0.0588235 0.220588 0.191176 0.176471 0.132353 0.132353 0.0294118 0 0 0 0 0 

2208 2193 1603 100 0 0.729594 0 0 0 0 0 0 0 0 0 0 0 0 0 0 0 0 0 0 0 0.0441176 0.0441176 0.161765 0.0294118 0.235294 0.161765 0.176471 0.117647 0.0294118 0 0 0 0 0 

2208 2192 1602 92 0 0.729927 0 0 0 0 0 0 0 0 0 0 0 0 0 0 0 0 0 0 0.0294118 0.0147059 0.0588235 0.0735294 0.132353 0.147059 0.220588 0.235294 0.0588235 0.0294118 0 0 0 0 0 

2272 2250 1602 91 0 0.711111 0 0 0 0 0 0 0 0 0 0 0 0 0 0 0 0 0 0.0142857 0 0.0571429 0.0571429 0.1 0.171429 0.271429 0.157143 0.0857143 0.0714286 0.0142857 0 0 0 0 0 

2208 2195 1602 92 0 0.728929 0 0 0 0 0 0 0 0 0 0 0 0 0 0 0 0 0 0 0 0.0294118 0.0147059 0.0882353 0.176471 0.220588 0.235294 0.176471 0.0294118 0.0294118 0 0 0 0 0 

2208 2187 1603 99 0 0.731596 0 0 0 0 0 0 0 0 0 0 0 0 0 0 0 0 0 0 0 0.0294118 0.0294118 0.0735294 0.132353 0.176471 0.308824 0.191176 0.0294118 0.0294118 0 0 0 0 0 

2240 2224 1602 98 0 0.719424 0 0 0 0 0 0 0 0 0 0 0 0 0 0 0 0 0 0 0.0144928 0 0.0869565 0.15942 0.0869565 0.231884 0.217391 0.101449 0.101449 0 0 0 0 0 0 

2208 2193 1602 84 0 0.729594 0 0 0 0 0 0 0 0 0 0 0 0 0 0 0 0 0 0 0.0147059 0.0294118 0.0294118 0.0735294 0.161765 0.176471 0.25 0.161765 0.0882353 0.0147059 0 0 0 0 0 

2240 2227 1603 100 0 0.718455 0 0 0 0 0 0 0 0 0 0 0 0 0 0 0 0 0 0 0.0144928 0.0289855 0.0289855 0.0869565 0.217391 0.217391 0.231884 0.130435 0.0434783 0 0 0 0 0 0 

