2208 2195 1602 95 0 0.728929 0 0 0 0 0 0 0 0 0 0 0 0 0 0 0 0 0 0 0 0.0147059 0.0441176 0.0882353 0.161765 0.205882 0.264706 0.147059 0.0441176 0.0294118 0 0 0 0 0 

2208 2181 1602 90 0 0.733608 0 0 0 0 0 0 0 0 0 0 0 0 0 0 0 0 0 0 0 0.0147059 0.0147059 0.0294118 0.235294 0.191176 0.294118 0.102941 0.0882353 0.0294118 0 0 0 0 0 

2240 2217 1602 98 0 0.721696 0 0 0 0 0 0 0 0 0 0 0 0 0 0 0 0 0 0 0.0144928 0.0289855 0.0724638 0.101449 0.144928 0.188406 0.188406 0.15942 0.0724638 0.0289855 0 0 0 0 0 

2240 2219 1603 101 0 0.721045 0 0 0 0 0 0 0 0 0 0 0 0 0 0 0 0 0 0 0 0 0.057971 0.0724638 0.304348 0.15942 0.173913 0.173913 0.057971 0 0 0 0 0 0 

2208 2194 1602 84 0 0.729262 0 0 0 0 0 0 0 0 0 0 0 0 0 0 0 0 0 0.0147059 0.0147059 0 0.102941 0.0441176 0.102941 0.147059 0.294118 0.191176 0.0735294 0.0147059 0 0 0 0 0 

2208 2198 1602 94 0 0.727934 0 0 0 0 0 0 0 0 0 0 0 0 0 0 0 0 0 0 0.0147059 0 0.0294118 0.0441176 0.161765 0.279412 0.352941 0.0588235 0.0588235 0 0 0 0 0 0 

2208 2199 1602 94 0 0.727603 0 0 0 0 0 0 0 0 0 0 0 0 0 0 0 0 0.0147059 0.0147059 0 0 0.0294118 0.132353 0.147059 0.0735294 0.294118 0.264706 0.0294118 0 0 0 0 0 0 

2208 2195 1602 94 0 0.728929 0 0 0 0 0 0 0 0 0 0 0 0 0 0 0 0 0 0 0 0 0.0147059 0.147059 0.176471 0.176471 0.264706 0.132353 0.0882353 0 0 0 0 0 0 

2176 2165 1602 88 0 0.73903 0 0 0 0 0 0 0 0 0 0 0 0 0 0 0 0 0 0 0 0 0 0.0597015 0.179104 0.253731 0.208955 0.208955 0.0895522 0 0 0 0 0 0 

2208 2191 1603 107 0 0.73026 0 0 0 0 0 0 0 0 0 0 0 0 0 0 0 0 0 0 0.0147059 0.0147059 0.0588235 0.0441176 0.117647 0.279412 0.176471 0.205882 0.0735294 0.0147059 0 0 0 0 0 

