2208 2187 1602 85 0 0.731596 0 0 0 0 0 0 0 0 0 0 0 0 0 0 0 0 0.0147059 0 0.0147059 0 0.0588235 0.0588235 0.102941 0.25 0.191176 0.191176 0.0735294 0.0441176 0 0 0 0 0 

2240 2222 1602 95 0 0.720072 0 0 0 0 0 0 0 0 0 0 0 0 0 0 0 0 0 0 0 0.0289855 0.0724638 0.101449 0.130435 0.231884 0.246377 0.130435 0.057971 0 0 0 0 0 0 

2208 2200 1602 91 0 0.727273 0 0 0 0 0 0 0 0 0 0 0 0 0 0 0 0 0 0 0.0147059 0 0.0441176 0.132353 0.132353 0.220588 0.161765 0.235294 0.0588235 0 0 0 0 0 0 

2240 2230 1602 97 0 0.717489 0 0 0 0 0 0 0 0 0 0 0 0 0 0 0 0 0 0.0144928 0 0.0434783 0.0434783 0.130435 0.144928 0.173913 0.289855 0.101449 0.0289855 0.0289855 0 0 0 0 0 

2208 2197 1603 102 0 0.728266 0 0 0 0 0 0 0 0 0 0 0 0 0 0 0 0 0 0 0.0147059 0.0147059 0.0735294 0.117647 0.0588235 0.176471 0.279412 0.161765 0.102941 0 0 0 0 0 0 

2208 2193 1602 95 0 0.729594 0 0 0 0 0 0 0 0 0 0 0 0 0 0 0 0 0 0 0.0147059 0.0441176 0.0441176 0.0735294 0.0882353 0.176471 0.294118 0.176471 0.0735294 0.0147059 0 0 0 0 0 

2240 2234 1600 87 0 0.716204 0 0 0 0 0 0 0 0 0 0 0 0 0 0 0 0 0 0 0.0289855 0.0289855 0.0434783 0.115942 0.173913 0.188406 0.275362 0.0724638 0.0724638 0 0 0 0 0 0 

2208 2188 1602 86 0 0.731261 0 0 0 0 0 0 0 0 0 0 0 0 0 0 0 0 0 0 0 0.0147059 0.0735294 0.0735294 0.132353 0.161765 0.279412 0.161765 0.0882353 0 0.0147059 0 0 0 0 

2208 2190 1602 95 0 0.730594 0 0 0 0 0 0 0 0 0 0 0 0 0 0 0 0 0 0 0 0 0 0.132353 0.0882353 0.352941 0.235294 0.102941 0.0882353 0 0 0 0 0 0 

2240 2211 1602 98 0 0.723654 0 0 0 0 0 0 0 0 0 0 0 0 0 0 0 0 0 0 0 0.0144928 0.101449 0.0434783 0.202899 0.217391 0.130435 0.202899 0.057971 0.0289855 0 0 0 0 0 

