2208 2186 1602 93 0 0.73193 0 0 0 0 0 0 0 0 0 0 0 0 0 0 0 0 0 0 0.0147059 0 0.0147059 0.0588235 0.176471 0.279412 0.205882 0.147059 0.0882353 0.0147059 0 0 0 0 0 

2240 2213 1602 92 0 0.723 0 0 0 0 0 0 0 0 0 0 0 0 0 0 0 0 0 0 0 0.0289855 0.0434783 0.115942 0.130435 0.275362 0.188406 0.115942 0.0724638 0.0289855 0 0 0 0 0 

2240 2214 1602 92 0 0.722674 0 0 0 0 0 0 0 0 0 0 0 0 0 0 0 0 0 0 0.0144928 0.0144928 0.0144928 0.130435 0.115942 0.289855 0.26087 0.0869565 0.0434783 0.0289855 0 0 0 0 0 

2176 2169 1600 95 0 0.737667 0 0 0 0 0 0 0 0 0 0 0 0 0 0 0 0 0 0 0.0298507 0 0.0149254 0.0447761 0.164179 0.223881 0.208955 0.223881 0.0447761 0.0298507 0.0149254 0 0 0 0 

2240 2215 1602 90 0 0.722348 0 0 0 0 0 0 0 0 0 0 0 0 0 0 0 0 0 0 0 0 0.0434783 0.0869565 0.217391 0.26087 0.246377 0.057971 0.0724638 0.0144928 0 0 0 0 0 

2272 2248 1602 96 0 0.711744 0 0 0 0 0 0 0 0 0 0 0 0 0 0 0 0 0 0 0.0142857 0.0428571 0.0285714 0.142857 0.242857 0.171429 0.185714 0.0857143 0.0714286 0.0142857 0 0 0 0 0 

2208 2181 1602 92 0 0.733608 0 0 0 0 0 0 0 0 0 0 0 0 0 0 0 0 0 0 0 0 0.0588235 0.0735294 0.176471 0.176471 0.25 0.117647 0.102941 0.0294118 0.0147059 0 0 0 0 

2208 2189 1602 92 0 0.730927 0 0 0 0 0 0 0 0 0 0 0 0 0 0 0 0 0 0 0 0.0147059 0.0294118 0.102941 0.147059 0.191176 0.220588 0.25 0.0294118 0.0147059 0 0 0 0 0 

2176 2152 1602 83 0 0.743494 0 0 0 0 0 0 0 0 0 0 0 0 0 0 0 0 0 0 0 0 0 0.0895522 0.104478 0.208955 0.283582 0.179104 0.104478 0.0298507 0 0 0 0 0 

2208 2184 1602 90 0 0.732601 0 0 0 0 0 0 0 0 0 0 0 0 0 0 0 0 0 0 0 0 0.0147059 0.102941 0.117647 0.294118 0.191176 0.220588 0.0588235 0 0 0 0 0 0 

