2208 2196 1602 92 0 0.728597 0 0 0 0 0 0 0 0 0 0 0 0 0 0 0 0 0 0.0147059 0.0147059 0 0.0294118 0.0735294 0.205882 0.132353 0.308824 0.132353 0.0588235 0.0294118 0 0 0 0 0 

2208 2181 1603 104 0 0.733608 0 0 0 0 0 0 0 0 0 0 0 0 0 0 0 0 0 0 0 0.0147059 0.0147059 0.0882353 0.205882 0.220588 0.117647 0.176471 0.132353 0.0294118 0 0 0 0 0 

2176 2158 1602 82 0 0.741427 0 0 0 0 0 0 0 0 0 0 0 0 0 0 0 0 0 0 0 0.0149254 0.0149254 0.0298507 0.19403 0.164179 0.223881 0.253731 0.0895522 0.0149254 0 0 0 0 0 

2240 2215 1602 95 0 0.722348 0 0 0 0 0 0 0 0 0 0 0 0 0 0 0 0 0 0 0 0 0.0434783 0.0724638 0.173913 0.318841 0.289855 0.0434783 0.0434783 0.0144928 0 0 0 0 0 

2240 2219 1603 99 0 0.721045 0 0 0 0 0 0 0 0 0 0 0 0 0 0 0 0 0 0 0 0.0144928 0.0724638 0.130435 0.144928 0.188406 0.231884 0.130435 0.0869565 0 0 0 0 0 0 

2208 2191 1602 93 0 0.73026 0 0 0 0 0 0 0 0 0 0 0 0 0 0 0 0 0 0 0 0.0147059 0.0294118 0.0882353 0.161765 0.191176 0.294118 0.132353 0.0882353 0 0 0 0 0 0 

2240 2223 1602 88 0 0.719748 0 0 0 0 0 0 0 0 0 0 0 0 0 0 0 0 0 0 0 0.0144928 0.057971 0.0869565 0.173913 0.333333 0.15942 0.101449 0.0724638 0 0 0 0 0 0 

2240 2228 1603 103 0 0.718133 0 0 0 0 0 0 0 0 0 0 0 0 0 0 0 0 0 0 0.0144928 0.0289855 0.0724638 0.130435 0.173913 0.130435 0.246377 0.115942 0.0434783 0.0434783 0 0 0 0 0 

2240 2228 1602 94 0 0.718133 0 0 0 0 0 0 0 0 0 0 0 0 0 0 0 0 0 0 0 0 0.0869565 0.0869565 0.231884 0.188406 0.26087 0.101449 0.0434783 0 0 0 0 0 0 

2240 2224 1602 92 0 0.719424 0 0 0 0 0 0 0 0 0 0 0 0 0 0 0 0 0 0 0 0 0.0724638 0.144928 0.217391 0.188406 0.144928 0.15942 0.0434783 0.0289855 0 0 0 0 0 

