2240 2215 1603 100 0 0.722348 0 0 0 0 0 0 0 0 0 0 0 0 0 0 0 0 0 0 0 0.0144928 0.0434783 0.0724638 0.173913 0.246377 0.289855 0.130435 0.0289855 0 0 0 0 0 0 

2240 2225 1602 93 0 0.719101 0 0 0 0 0 0 0 0 0 0 0 0 0 0 0 0 0 0 0.0144928 0.0289855 0.0289855 0.101449 0.115942 0.289855 0.304348 0.0869565 0.0289855 0 0 0 0 0 0 

2240 2223 1603 100 0 0.719748 0 0 0 0 0 0 0 0 0 0 0 0 0 0 0 0 0 0 0 0.057971 0.0144928 0.0869565 0.130435 0.318841 0.217391 0.144928 0.0289855 0 0 0 0 0 0 

2208 2199 1602 97 0 0.727603 0 0 0 0 0 0 0 0 0 0 0 0 0 0 0 0 0 0 0 0.0147059 0.0294118 0.0588235 0.191176 0.264706 0.264706 0.132353 0.0294118 0.0147059 0 0 0 0 0 

2208 2198 1602 88 0 0.727934 0 0 0 0 0 0 0 0 0 0 0 0 0 0 0 0 0 0 0.0294118 0.0147059 0.0147059 0.102941 0.176471 0.205882 0.191176 0.176471 0.0441176 0.0294118 0.0147059 0 0 0 0 

2208 2186 1602 87 0 0.73193 0 0 0 0 0 0 0 0 0 0 0 0 0 0 0 0 0 0 0 0 0.0588235 0.0441176 0.176471 0.205882 0.25 0.205882 0.0441176 0.0147059 0 0 0 0 0 

2208 2192 1603 102 0 0.729927 0 0 0 0 0 0 0 0 0 0 0 0 0 0 0 0 0 0.0147059 0 0 0.0735294 0.0441176 0.117647 0.25 0.235294 0.191176 0.0588235 0.0147059 0 0 0 0 0 

2208 2197 1602 87 0 0.728266 0 0 0 0 0 0 0 0 0 0 0 0 0 0 0 0 0 0 0.0147059 0 0.0441176 0.117647 0.102941 0.264706 0.191176 0.191176 0.0735294 0 0 0 0 0 0 

2208 2201 1602 93 0 0.726942 0 0 0 0 0 0 0 0 0 0 0 0 0 0 0 0 0 0 0 0.0441176 0.0441176 0.0735294 0.161765 0.205882 0.220588 0.176471 0.0588235 0.0147059 0 0 0 0 0 

2208 2182 1602 88 0 0.733272 0 0 0 0 0 0 0 0 0 0 0 0 0 0 0 0 0 0 0 0 0.0441176 0.0588235 0.161765 0.220588 0.25 0.176471 0.0735294 0.0147059 0 0 0 0 0 

