2208 2183 1602 94 0 0.732936 0 0 0 0 0 0 0 0 0 0 0 0 0 0 0 0 0 0.0147059 0 0.0147059 0.0147059 0.102941 0.0882353 0.235294 0.235294 0.191176 0.0882353 0.0147059 0 0 0 0 0 

2240 2212 1602 83 0 0.723327 0 0 0 0 0 0 0 0 0 0 0 0 0 0 0 0 0 0 0 0.0144928 0.057971 0.101449 0.231884 0.144928 0.188406 0.15942 0.0869565 0.0144928 0 0 0 0 0 

2240 2217 1602 98 0 0.721696 0 0 0 0 0 0 0 0 0 0 0 0 0 0 0 0 0 0 0.0144928 0.0289855 0.057971 0.0869565 0.173913 0.202899 0.173913 0.188406 0.0434783 0.0289855 0 0 0 0 0 

2272 2243 1602 88 0 0.71333 0 0 0 0 0 0 0 0 0 0 0 0 0 0 0 0 0 0 0 0.0428571 0.0714286 0.128571 0.157143 0.257143 0.128571 0.142857 0.0571429 0.0142857 0 0 0 0 0 

2208 2188 1602 90 0 0.731261 0 0 0 0 0 0 0 0 0 0 0 0 0 0 0 0 0 0 0 0.0147059 0.0294118 0.0882353 0.0882353 0.264706 0.294118 0.176471 0.0294118 0.0147059 0 0 0 0 0 

2240 2226 1603 99 0 0.718778 0 0 0 0 0 0 0 0 0 0 0 0 0 0 0 0 0 0 0 0 0.130435 0.115942 0.0869565 0.217391 0.26087 0.15942 0.0144928 0.0144928 0 0 0 0 0 

2208 2183 1602 89 0 0.732936 0 0 0 0 0 0 0 0 0 0 0 0 0 0 0 0 0 0 0 0 0.0294118 0.0441176 0.132353 0.308824 0.264706 0.176471 0.0294118 0.0147059 0 0 0 0 0 

2208 2200 1602 95 0 0.727273 0 0 0 0 0 0 0 0 0 0 0 0 0 0 0 0 0 0 0.0147059 0 0.0735294 0.0588235 0.161765 0.220588 0.294118 0.0735294 0.0735294 0.0294118 0 0 0 0 0 

2208 2190 1602 89 0 0.730594 0 0 0 0 0 0 0 0 0 0 0 0 0 0 0 0 0 0 0 0 0.0294118 0.0588235 0.205882 0.25 0.25 0.117647 0.0735294 0.0147059 0 0 0 0 0 

2208 2196 1601 88 0 0.728597 0 0 0 0 0 0 0 0 0 0 0 0 0 0 0 0 0 0.0147059 0.0147059 0.0147059 0.0441176 0.0735294 0.102941 0.235294 0.25 0.147059 0.0882353 0.0147059 0 0 0 0 0 

