2208 2197 1603 101 0 0.728266 0 0 0 0 0 0 0 0 0 0 0 0 0 0 0 0 0 0 0 0.0147059 0.0294118 0.117647 0.161765 0.176471 0.308824 0.0882353 0.0882353 0.0147059 0 0 0 0 0 

2176 2157 1602 88 0 0.741771 0 0 0 0 0 0 0 0 0 0 0 0 0 0 0 0 0 0 0 0 0.0298507 0.0447761 0.0746269 0.358209 0.149254 0.238806 0.0895522 0 0.0149254 0 0 0 0 

2208 2180 1602 90 0 0.733945 0 0 0 0 0 0 0 0 0 0 0 0 0 0 0 0 0 0 0.0294118 0.0147059 0.0441176 0.0735294 0.102941 0.117647 0.338235 0.132353 0.117647 0.0147059 0.0147059 0 0 0 0 

2208 2195 1602 86 0 0.728929 0 0 0 0 0 0 0 0 0 0 0 0 0 0 0 0 0 0 0 0.0147059 0.0294118 0.132353 0.147059 0.205882 0.191176 0.191176 0.0882353 0 0 0 0 0 0 

2208 2196 1602 90 0 0.728597 0 0 0 0 0 0 0 0 0 0 0 0 0 0 0 0 0 0 0 0 0.0294118 0.161765 0.117647 0.205882 0.25 0.161765 0.0735294 0 0 0 0 0 0 

2240 2214 1602 94 0 0.722674 0 0 0 0 0 0 0 0 0 0 0 0 0 0 0 0 0 0 0 0.0289855 0.057971 0.15942 0.130435 0.144928 0.217391 0.144928 0.101449 0.0144928 0 0 0 0 0 

2208 2199 1600 92 0 0.727603 0 0 0 0 0 0 0 0 0 0 0 0 0 0 0 0 0 0 0 0.0147059 0.0441176 0.102941 0.25 0.132353 0.161765 0.191176 0.0882353 0.0147059 0 0 0 0 0 

2272 2246 1602 94 0 0.712378 0 0 0 0 0 0 0 0 0 0 0 0 0 0 0 0 0 0.0142857 0.0142857 0.0285714 0.0428571 0.0857143 0.171429 0.328571 0.142857 0.128571 0.0285714 0.0142857 0 0 0 0 0 

2240 2211 1602 94 0 0.723654 0 0 0 0 0 0 0 0 0 0 0 0 0 0 0 0 0 0 0 0.0289855 0.0434783 0.0869565 0.188406 0.15942 0.246377 0.217391 0.0144928 0.0144928 0 0 0 0 0 

2208 2200 1602 84 0 0.727273 0 0 0 0 0 0 0 0 0 0 0 0 0 0 0 0 0 0 0 0 0.0294118 0.132353 0.220588 0.205882 0.147059 0.191176 0.0441176 0.0294118 0 0 0 0 0 

