2208 2201 1603 102 0 0.726942 0 0 0 0 0 0 0 0 0 0 0 0 0 0 0 0 0 0 0.0147059 0 0.0147059 0.0441176 0.279412 0.235294 0.191176 0.161765 0.0588235 0 0 0 0 0 0 

2208 2194 1602 92 0 0.729262 0 0 0 0 0 0 0 0 0 0 0 0 0 0 0 0 0 0 0 0 0.0735294 0.0735294 0.161765 0.264706 0.205882 0.0882353 0.102941 0.0147059 0.0147059 0 0 0 0 

2240 2224 1602 95 0 0.719424 0 0 0 0 0 0 0 0 0 0 0 0 0 0 0 0 0 0 0.0144928 0 0.0434783 0.101449 0.217391 0.246377 0.217391 0.0869565 0.0724638 0 0 0 0 0 0 

2240 2220 1603 101 0 0.720721 0 0 0 0 0 0 0 0 0 0 0 0 0 0 0.0144928 0 0 0 0.0289855 0.0144928 0.057971 0.057971 0.101449 0.246377 0.231884 0.188406 0.057971 0 0 0 0 0 0 

2208 2184 1603 102 0 0.732601 0 0 0 0 0 0 0 0 0 0 0 0 0 0 0 0 0 0 0 0.0147059 0.0441176 0.102941 0.102941 0.191176 0.25 0.205882 0.0588235 0.0294118 0 0 0 0 0 

2176 2162 1602 88 0 0.740056 0 0 0 0 0 0 0 0 0 0 0 0 0 0 0 0 0 0 0 0 0.0597015 0.0746269 0.119403 0.179104 0.223881 0.179104 0.149254 0.0149254 0 0 0 0 0 

2240 2221 1602 90 0 0.720396 0 0 0 0 0 0 0 0 0 0 0 0 0 0 0 0 0 0.0144928 0 0.0289855 0.0724638 0.0869565 0.173913 0.188406 0.202899 0.115942 0.101449 0.0144928 0 0 0 0 0 

2240 2219 1602 95 0 0.721045 0 0 0 0 0 0 0 0 0 0 0 0 0 0 0 0 0 0 0.0144928 0 0.057971 0.130435 0.130435 0.173913 0.318841 0.144928 0.0289855 0 0 0 0 0 0 

2240 2233 1602 95 0 0.716525 0 0 0 0 0 0 0 0 0 0 0 0 0 0 0 0 0 0 0 0.0289855 0.0869565 0.101449 0.15942 0.231884 0.246377 0.0869565 0.057971 0 0 0 0 0 0 

2240 2232 1603 102 0 0.716846 0 0 0 0 0 0 0 0 0 0 0 0 0 0 0 0 0 0 0.0144928 0.0144928 0.0289855 0.115942 0.188406 0.275362 0.217391 0.130435 0.0144928 0 0 0 0 0 0 

