2208 2181 1603 106 0 0.733608 0 0 0 0 0 0 0 0 0 0 0 0 0 0 0 0 0.0147059 0 0.0147059 0 0.0147059 0.102941 0.132353 0.205882 0.132353 0.264706 0.0735294 0.0441176 0 0 0 0 0 

2208 2191 1602 86 0 0.73026 0 0 0 0 0 0 0 0 0 0 0 0 0 0 0 0 0.0147059 0 0.0147059 0.0147059 0.0588235 0.0294118 0.117647 0.161765 0.323529 0.191176 0.0735294 0 0 0 0 0 0 

2208 2197 1602 94 0 0.728266 0 0 0 0 0 0 0 0 0 0 0 0 0 0 0 0 0 0 0.0147059 0.0147059 0.0147059 0.102941 0.205882 0.220588 0.132353 0.191176 0.0882353 0.0147059 0 0 0 0 0 

2208 2184 1602 93 0 0.732601 0 0 0 0 0 0 0 0 0 0 0 0 0 0 0 0 0 0 0 0.0147059 0.0441176 0.102941 0.0735294 0.235294 0.235294 0.220588 0.0588235 0.0147059 0 0 0 0 0 

2208 2198 1602 87 0 0.727934 0 0 0 0 0 0 0 0 0 0 0 0 0 0 0 0 0 0 0 0.0147059 0.0588235 0.0882353 0.132353 0.25 0.191176 0.220588 0.0294118 0.0147059 0 0 0 0 0 

2208 2179 1602 98 0 0.734282 0 0 0 0 0 0 0 0 0 0 0 0 0 0 0 0 0 0.0147059 0.0147059 0 0.0147059 0.0735294 0.102941 0.205882 0.323529 0.132353 0.0882353 0.0294118 0 0 0 0 0 

2208 2191 1602 89 0 0.73026 0 0 0 0 0 0 0 0 0 0 0 0 0 0 0 0 0 0 0.0147059 0.0147059 0.0294118 0.0441176 0.191176 0.220588 0.205882 0.220588 0.0441176 0.0147059 0 0 0 0 0 

2208 2189 1602 90 0 0.730927 0 0 0 0 0 0 0 0 0 0 0 0 0 0 0 0 0 0 0.0147059 0.0294118 0.0441176 0.0441176 0.0882353 0.323529 0.176471 0.161765 0.102941 0.0147059 0 0 0 0 0 

2240 2217 1602 87 0 0.721696 0 0 0 0 0 0 0 0 0 0 0 0 0 0 0 0 0 0 0 0.0289855 0.0289855 0.0724638 0.144928 0.318841 0.246377 0.144928 0.0144928 0 0 0 0 0 0 

2208 2199 1601 88 0 0.727603 0 0 0 0 0 0 0 0 0 0 0 0 0 0 0.0147059 0 0 0 0.0147059 0.0147059 0.0588235 0.0588235 0.147059 0.205882 0.205882 0.191176 0.0294118 0.0441176 0.0147059 0 0 0 0 

