2240 2217 1602 98 0 0.721696 0 0 0 0 0 0 0 0 0 0 0 0 0 0 0 0 0 0.0144928 0 0 0.0434783 0.130435 0.202899 0.202899 0.173913 0.130435 0.0724638 0.0289855 0 0 0 0 0 

2240 2218 1603 100 0 0.721371 0 0 0 0 0 0 0 0 0 0 0 0 0 0 0 0 0 0 0 0.0434783 0.0434783 0.15942 0.130435 0.15942 0.188406 0.188406 0.0724638 0.0144928 0 0 0 0 0 

2208 2191 1602 88 0 0.73026 0 0 0 0 0 0 0 0 0 0 0 0 0 0 0 0 0 0 0 0 0.0294118 0.0294118 0.235294 0.25 0.25 0.147059 0.0588235 0 0 0 0 0 0 

2208 2204 1600 90 0 0.725953 0 0 0 0 0 0 0 0 0 0 0 0 0 0 0 0 0 0.0147059 0.0147059 0 0.0294118 0.132353 0.132353 0.235294 0.191176 0.161765 0.0735294 0.0147059 0 0 0 0 0 

2240 2216 1602 94 0 0.722022 0 0 0 0 0 0 0 0 0 0 0 0 0 0 0 0 0 0 0.0144928 0.0144928 0.0289855 0.0869565 0.217391 0.202899 0.246377 0.130435 0.0434783 0 0.0144928 0 0 0 0 

2240 2211 1602 90 0 0.723654 0 0 0 0 0 0 0 0 0 0 0 0 0 0 0 0 0 0 0 0.057971 0.0289855 0.0869565 0.173913 0.173913 0.246377 0.130435 0.0869565 0 0.0144928 0 0 0 0 

2240 2225 1603 101 0 0.719101 0 0 0 0 0 0 0 0 0 0 0 0 0 0 0 0 0 0 0 0 0.0724638 0.15942 0.115942 0.217391 0.304348 0.0724638 0.0434783 0.0144928 0 0 0 0 0 

2240 2213 1603 99 0 0.723 0 0 0 0 0 0 0 0 0 0 0 0 0 0 0 0 0 0.0144928 0 0 0.0724638 0.130435 0.144928 0.115942 0.246377 0.217391 0.0434783 0.0144928 0 0 0 0 0 

2208 2200 1600 98 0 0.727273 0 0 0 0 0 0 0 0 0 0 0 0 0 0 0 0 0 0 0.0147059 0.0294118 0.0588235 0.0735294 0.176471 0.161765 0.235294 0.117647 0.102941 0.0294118 0 0 0 0 0 

2208 2198 1602 97 0 0.727934 0 0 0 0 0 0 0 0 0 0 0 0 0 0 0 0 0 0 0.0147059 0.0147059 0.0294118 0.0441176 0.220588 0.235294 0.205882 0.147059 0.0882353 0 0 0 0 0 0 

