2208 2183 1602 93 0 0.732936 0 0 0 0 0 0 0 0 0 0 0 0 0 0 0 0 0 0 0 0.0147059 0.0147059 0.147059 0.102941 0.176471 0.279412 0.132353 0.117647 0.0147059 0 0 0 0 0 

2240 2221 1602 96 0 0.720396 0 0 0 0 0 0 0 0 0 0 0 0 0 0 0 0 0 0.0144928 0 0 0.057971 0.130435 0.115942 0.275362 0.173913 0.202899 0.0289855 0 0 0 0 0 0 

2208 2187 1602 95 0 0.731596 0 0 0 0 0 0 0 0 0 0 0 0 0 0 0 0 0 0 0.0147059 0.0147059 0.0735294 0.0441176 0.0882353 0.176471 0.338235 0.176471 0.0588235 0.0147059 0 0 0 0 0 

2208 2200 1601 89 0 0.727273 0 0 0 0 0 0 0 0 0 0 0 0 0 0 0 0 0 0 0 0 0.0735294 0.0441176 0.191176 0.264706 0.205882 0.161765 0.0588235 0 0 0 0 0 0 

2208 2190 1603 100 0 0.730594 0 0 0 0 0 0 0 0 0 0 0 0 0 0 0 0 0 0 0 0.0294118 0 0.0735294 0.235294 0.220588 0.132353 0.191176 0.117647 0 0 0 0 0 0 

2208 2196 1603 103 0 0.728597 0 0 0 0 0 0 0 0 0 0 0 0 0 0 0 0 0 0 0 0.0294118 0.0441176 0.0735294 0.117647 0.294118 0.191176 0.161765 0.0735294 0.0147059 0 0 0 0 0 

2240 2220 1603 105 0 0.720721 0 0 0 0 0 0 0 0 0 0 0 0 0 0 0 0 0 0 0.0144928 0.0289855 0.0144928 0.0869565 0.144928 0.304348 0.26087 0.101449 0.0289855 0.0144928 0 0 0 0 0 

2176 2167 1602 94 0 0.738348 0 0 0 0 0 0 0 0 0 0 0 0 0 0 0 0 0 0 0 0.0149254 0 0.0597015 0.179104 0.19403 0.268657 0.19403 0.0895522 0 0 0 0 0 0 

2240 2218 1602 93 0 0.721371 0 0 0 0 0 0 0 0 0 0 0 0 0 0 0 0 0 0 0.0144928 0.0289855 0.0869565 0.0289855 0.188406 0.202899 0.231884 0.130435 0.0724638 0.0144928 0 0 0 0 0 

2240 2217 1602 93 0 0.721696 0 0 0 0 0 0 0 0 0 0 0 0 0 0 0 0 0 0 0 0.057971 0.0289855 0.101449 0.173913 0.173913 0.246377 0.130435 0.0724638 0.0144928 0 0 0 0 0 

