2208 2180 1602 91 0 0.733945 0 0 0 0 0 0 0 0 0 0 0 0 0 0 0 0 0 0 0 0 0.0588235 0.0588235 0.161765 0.220588 0.205882 0.176471 0.0735294 0.0441176 0 0 0 0 0 

2208 2198 1602 92 0 0.727934 0 0 0 0 0 0 0 0 0 0 0 0 0 0 0 0 0 0 0 0.0147059 0.0735294 0.0882353 0.147059 0.191176 0.235294 0.161765 0.0735294 0.0147059 0 0 0 0 0 

2176 2172 1600 100 0 0.736648 0 0 0 0 0 0 0 0 0 0 0 0 0 0 0 0 0 0 0 0 0.0149254 0.104478 0.164179 0.238806 0.208955 0.134328 0.0895522 0.0447761 0 0 0 0 0 

2208 2191 1603 100 0 0.73026 0 0 0 0 0 0 0 0 0 0 0 0 0 0 0 0 0 0 0 0 0.0147059 0.161765 0.102941 0.205882 0.294118 0.147059 0.0588235 0.0147059 0 0 0 0 0 

2240 2215 1602 96 0 0.722348 0 0 0 0 0 0 0 0 0 0 0 0 0 0 0 0 0 0 0 0.0434783 0.057971 0.0869565 0.130435 0.217391 0.217391 0.202899 0.0289855 0.0144928 0 0 0 0 0 

2208 2199 1601 94 0 0.727603 0 0 0 0 0 0 0 0 0 0 0 0 0 0 0 0 0 0 0.0294118 0.0441176 0.0441176 0.0588235 0.117647 0.205882 0.25 0.132353 0.0735294 0.0441176 0 0 0 0 0 

2208 2189 1602 89 0 0.730927 0 0 0 0 0 0 0 0 0 0 0 0 0 0 0 0 0 0 0 0.0294118 0.0588235 0.0882353 0.117647 0.161765 0.25 0.191176 0.0882353 0.0147059 0 0 0 0 0 

2240 2227 1602 86 0 0.718455 0 0 0 0 0 0 0 0 0 0 0 0 0 0 0 0 0 0 0.0289855 0 0.0869565 0.0869565 0.188406 0.188406 0.217391 0.130435 0.057971 0.0144928 0 0 0 0 0 

2240 2215 1602 95 0 0.722348 0 0 0 0 0 0 0 0 0 0 0 0 0 0 0 0 0 0 0.0144928 0 0.057971 0.0724638 0.231884 0.202899 0.217391 0.115942 0.0724638 0 0.0144928 0 0 0 0 

2208 2194 1602 92 0 0.729262 0 0 0 0 0 0 0 0 0 0 0 0 0 0 0 0 0 0.0147059 0 0.0147059 0 0.0441176 0.205882 0.279412 0.264706 0.0735294 0.0882353 0.0147059 0 0 0 0 0 

