2208 2192 1603 100 0 0.729927 0 0 0 0 0 0 0 0 0 0 0 0 0 0 0 0 0 0 0 0.0147059 0 0.0882353 0.235294 0.220588 0.205882 0.132353 0.0735294 0.0294118 0 0 0 0 0 

2240 2215 1603 104 0 0.722348 0 0 0 0 0 0 0 0 0 0 0 0 0 0 0 0 0 0 0.0144928 0.0144928 0.0289855 0.144928 0.188406 0.15942 0.202899 0.144928 0.0869565 0 0.0144928 0 0 0 0 

2208 2196 1602 96 0 0.728597 0 0 0 0 0 0 0 0 0 0 0 0 0 0 0 0 0 0 0.0147059 0.0147059 0.0294118 0.117647 0.147059 0.176471 0.191176 0.25 0.0588235 0 0 0 0 0 0 

2208 2194 1602 92 0 0.729262 0 0 0 0 0 0 0 0 0 0 0 0 0 0 0 0 0 0 0 0.0588235 0.0294118 0.0441176 0.117647 0.264706 0.220588 0.205882 0.0441176 0.0147059 0 0 0 0 0 

2240 2213 1602 90 0 0.723 0 0 0 0 0 0 0 0 0 0 0 0 0 0 0 0 0 0 0 0 0.0144928 0.15942 0.144928 0.246377 0.289855 0.101449 0.0144928 0.0289855 0 0 0 0 0 

2240 2213 1602 90 0 0.723 0 0 0 0 0 0 0 0 0 0 0 0 0 0 0 0 0 0.0144928 0 0.0144928 0.0289855 0.0869565 0.173913 0.275362 0.15942 0.202899 0.0144928 0.0289855 0 0 0 0 0 

2208 2200 1602 98 0 0.727273 0 0 0 0 0 0 0 0 0 0 0 0 0 0 0 0 0 0 0 0 0.0588235 0.0882353 0.25 0.161765 0.161765 0.205882 0.0588235 0.0147059 0 0 0 0 0 

2240 2231 1600 94 0 0.717167 0 0 0 0 0 0 0 0 0 0 0 0 0 0 0 0 0.0144928 0.0289855 0 0.0144928 0.0869565 0.0724638 0.15942 0.217391 0.188406 0.101449 0.0724638 0.0434783 0 0 0 0 0 

2208 2197 1601 98 0 0.728266 0 0 0 0 0 0 0 0 0 0 0 0 0 0 0 0 0 0 0 0 0.0294118 0.147059 0.102941 0.264706 0.25 0.132353 0.0735294 0 0 0 0 0 0 

2208 2194 1602 96 0 0.729262 0 0 0 0 0 0 0 0 0 0 0 0 0 0 0 0 0 0 0 0.0147059 0.0441176 0.0441176 0.235294 0.176471 0.264706 0.147059 0.0588235 0 0.0147059 0 0 0 0 

