2208 2192 1602 90 0 0.729927 0 0 0 0 0 0 0 0 0 0 0 0 0 0 0 0 0 0 0 0.0147059 0.0588235 0.0588235 0.176471 0.25 0.205882 0.117647 0.0735294 0.0294118 0.0147059 0 0 0 0 

2240 2216 1602 95 0 0.722022 0 0 0 0 0 0 0 0 0 0 0 0 0 0 0 0 0 0.0144928 0 0.0144928 0.0289855 0.101449 0.15942 0.231884 0.26087 0.130435 0.057971 0 0 0 0 0 0 

2208 2191 1603 103 0 0.73026 0 0 0 0 0 0 0 0 0 0 0 0 0 0 0 0 0 0 0 0 0.0735294 0.147059 0.132353 0.161765 0.161765 0.147059 0.161765 0.0147059 0 0 0 0 0 

2272 2246 1603 102 0 0.712378 0 0 0 0 0 0 0 0 0 0 0 0 0 0 0 0 0.0142857 0 0 0.0428571 0.0285714 0.1 0.214286 0.257143 0.2 0.0857143 0.0285714 0.0142857 0.0142857 0 0 0 0 

2208 2191 1603 107 0 0.73026 0 0 0 0 0 0 0 0 0 0 0 0 0 0 0 0 0 0.0147059 0 0.0294118 0.0294118 0.0735294 0.132353 0.220588 0.205882 0.176471 0.102941 0.0147059 0 0 0 0 0 

2240 2221 1603 99 0 0.720396 0 0 0 0 0 0 0 0 0 0 0 0 0 0 0 0 0 0 0 0 0.0869565 0.0869565 0.173913 0.246377 0.188406 0.188406 0.0289855 0 0 0 0 0 0 

2208 2197 1602 86 0 0.728266 0 0 0 0 0 0 0 0 0 0 0 0 0 0 0 0 0 0 0 0 0.0441176 0.132353 0.117647 0.294118 0.176471 0.161765 0.0441176 0.0147059 0.0147059 0 0 0 0 

2208 2181 1603 99 0 0.733608 0 0 0 0 0 0 0 0 0 0 0 0 0 0 0 0.0147059 0 0 0 0.0294118 0.0147059 0.0294118 0.132353 0.205882 0.279412 0.205882 0.0735294 0.0147059 0 0 0 0 0 

2240 2212 1602 91 0 0.723327 0 0 0 0 0 0 0 0 0 0 0 0 0 0 0 0 0 0 0 0.0144928 0.0289855 0.130435 0.115942 0.246377 0.289855 0.144928 0.0144928 0.0144928 0 0 0 0 0 

2208 2192 1602 95 0 0.729927 0 0 0 0 0 0 0 0 0 0 0 0 0 0 0 0 0 0 0.0294118 0.0147059 0.0147059 0.102941 0.117647 0.220588 0.176471 0.264706 0.0441176 0.0147059 0 0 0 0 0 

