2240 2222 1602 93 0 0.720072 0 0 0 0 0 0 0 0 0 0 0 0 0 0 0 0 0 0 0.0289855 0 0.0724638 0.0869565 0.101449 0.362319 0.101449 0.217391 0.0144928 0 0.0144928 0 0 0 0 

2208 2201 1601 101 0 0.726942 0 0 0 0 0 0 0 0 0 0 0 0 0 0 0 0 0 0 0.0147059 0.0147059 0.0588235 0.0735294 0.147059 0.264706 0.176471 0.117647 0.132353 0 0 0 0 0 0 

2272 2244 1603 100 0 0.713012 0 0 0 0 0 0 0 0 0 0 0 0 0 0 0 0 0.0142857 0 0 0.0714286 0.0285714 0.1 0.185714 0.185714 0.242857 0.0857143 0.0571429 0.0285714 0 0 0 0 0 

2240 2218 1602 95 0 0.721371 0 0 0 0 0 0 0 0 0 0 0 0 0 0 0 0 0 0.0144928 0 0.0434783 0.0289855 0.101449 0.115942 0.304348 0.144928 0.173913 0.0434783 0.0289855 0 0 0 0 0 

2176 2163 1602 88 0 0.739713 0 0 0 0 0 0 0 0 0 0 0 0 0 0 0 0 0 0 0 0 0.0447761 0.0597015 0.104478 0.253731 0.238806 0.164179 0.119403 0.0149254 0 0 0 0 0 

2208 2192 1602 98 0 0.729927 0 0 0 0 0 0 0 0 0 0 0 0 0 0 0 0 0 0.0147059 0 0.0294118 0.0441176 0.0735294 0.117647 0.220588 0.235294 0.132353 0.102941 0.0294118 0 0 0 0 0 

2240 2219 1603 100 0 0.721045 0 0 0 0 0 0 0 0 0 0 0 0 0 0 0 0 0 0 0 0.0289855 0.0289855 0.115942 0.188406 0.202899 0.246377 0.130435 0.0434783 0.0144928 0 0 0 0 0 

2176 2163 1602 90 0 0.739713 0 0 0 0 0 0 0 0 0 0 0 0 0 0 0 0 0 0 0 0 0.0597015 0.0298507 0.164179 0.179104 0.268657 0.164179 0.104478 0.0298507 0 0 0 0 0 

2240 2218 1602 96 0 0.721371 0 0 0 0 0 0 0 0 0 0 0 0 0 0 0 0 0 0 0 0 0.0434783 0.173913 0.188406 0.144928 0.217391 0.173913 0.057971 0 0 0 0 0 0 

2240 2214 1602 90 0 0.722674 0 0 0 0 0 0 0 0 0 0 0 0 0 0 0 0 0 0 0.0289855 0.0144928 0.0434783 0.0724638 0.144928 0.275362 0.188406 0.130435 0.101449 0 0 0 0 0 0 

