2240 2217 1602 94 0 0.721696 0 0 0 0 0 0 0 0 0 0 0 0 0 0 0 0 0 0.0144928 0 0 0.0289855 0.144928 0.173913 0.15942 0.26087 0.188406 0.0289855 0 0 0 0 0 0 

2176 2164 1602 96 0 0.739372 0 0 0 0 0 0 0 0 0 0 0 0 0 0 0 0 0 0 0.0149254 0.0149254 0 0.0746269 0.0597015 0.268657 0.283582 0.208955 0.0447761 0.0298507 0 0 0 0 0 

2208 2185 1602 91 0 0.732265 0 0 0 0 0 0 0 0 0 0 0 0 0 0 0 0 0 0.0147059 0 0 0.0441176 0.102941 0.0735294 0.264706 0.220588 0.176471 0.0588235 0.0441176 0 0 0 0 0 

2208 2198 1602 87 0 0.727934 0 0 0 0 0 0 0 0 0 0 0 0 0 0 0 0 0 0 0 0.0294118 0.0441176 0.132353 0.191176 0.117647 0.147059 0.235294 0.0882353 0.0147059 0 0 0 0 0 

2240 2227 1602 96 0 0.718455 0 0 0 0 0 0 0 0 0 0 0 0 0 0 0 0 0 0 0 0.0289855 0.115942 0.0724638 0.15942 0.202899 0.217391 0.130435 0.057971 0.0144928 0 0 0 0 0 

2240 2215 1602 92 0 0.722348 0 0 0 0 0 0 0 0 0 0 0 0 0 0 0 0 0 0 0 0 0.0724638 0.0869565 0.173913 0.231884 0.26087 0.101449 0.0724638 0 0 0 0 0 0 

2208 2192 1602 90 0 0.729927 0 0 0 0 0 0 0 0 0 0 0 0 0 0 0 0 0.0147059 0 0 0.0147059 0.0588235 0.0441176 0.0735294 0.308824 0.279412 0.0882353 0.102941 0.0147059 0 0 0 0 0 

2272 2248 1602 94 0 0.711744 0 0 0 0 0 0 0 0 0 0 0 0 0 0 0 0 0 0 0 0.0428571 0.0571429 0.142857 0.2 0.171429 0.228571 0.128571 0.0142857 0 0.0142857 0 0 0 0 

2240 2214 1602 90 0 0.722674 0 0 0 0 0 0 0 0 0 0 0 0 0 0 0 0 0 0.0144928 0 0.0289855 0.0289855 0.101449 0.101449 0.289855 0.246377 0.0869565 0.101449 0 0 0 0 0 0 

2176 2154 1601 79 0 0.742804 0 0 0 0 0 0 0 0 0 0 0 0 0 0 0 0 0 0 0 0 0.0149254 0.0895522 0.134328 0.149254 0.283582 0.208955 0.0746269 0.0447761 0 0 0 0 0 

