2240 2215 1602 98 0 0.722348 0 0 0 0 0 0 0 0 0 0 0 0 0 0 0 0 0 0 0.0289855 0.0144928 0.0434783 0.115942 0.144928 0.15942 0.246377 0.173913 0.057971 0.0144928 0 0 0 0 0 

2208 2189 1602 96 0 0.730927 0 0 0 0 0 0 0 0 0 0 0 0 0 0 0 0 0 0.0147059 0 0 0.0294118 0.102941 0.176471 0.191176 0.161765 0.220588 0.0882353 0.0147059 0 0 0 0 0 

2176 2158 1602 90 0 0.741427 0 0 0 0 0 0 0 0 0 0 0 0 0 0 0 0 0 0 0 0.0149254 0 0.119403 0.104478 0.19403 0.19403 0.253731 0.0746269 0.0447761 0 0 0 0 0 

2240 2212 1602 92 0 0.723327 0 0 0 0 0 0 0 0 0 0 0 0 0 0 0 0 0 0 0.0144928 0 0.0434783 0.115942 0.217391 0.188406 0.15942 0.173913 0.057971 0.0144928 0.0144928 0 0 0 0 

2208 2195 1602 93 0 0.728929 0 0 0 0 0 0 0 0 0 0 0 0 0 0 0 0 0 0 0 0.0441176 0.0147059 0.0441176 0.191176 0.279412 0.132353 0.264706 0.0147059 0 0.0147059 0 0 0 0 

2208 2184 1602 92 0 0.732601 0 0 0 0 0 0 0 0 0 0 0 0 0 0 0 0 0.0147059 0 0 0.0147059 0.0294118 0.0147059 0.176471 0.220588 0.264706 0.161765 0.102941 0 0 0 0 0 0 

2208 2201 1601 94 0 0.726942 0 0 0 0 0 0 0 0 0 0 0 0 0 0 0 0 0 0 0 0.0147059 0.0147059 0.0882353 0.205882 0.25 0.205882 0.191176 0.0294118 0 0 0 0 0 0 

2208 2182 1602 96 0 0.733272 0 0 0 0 0 0 0 0 0 0 0 0 0 0 0 0 0 0 0 0 0.0294118 0.0735294 0.191176 0.176471 0.294118 0.132353 0.0735294 0.0294118 0 0 0 0 0 

2240 2211 1602 97 0 0.723654 0 0 0 0 0 0 0 0 0 0 0 0 0 0 0 0 0 0 0 0 0.057971 0.0144928 0.26087 0.26087 0.217391 0.15942 0.0144928 0.0144928 0 0 0 0 0 

2208 2196 1602 101 0 0.728597 0 0 0 0 0 0 0 0 0 0 0 0 0 0 0 0 0 0 0.0294118 0 0.0147059 0.102941 0.176471 0.117647 0.352941 0.132353 0.0588235 0.0147059 0 0 0 0 0 

