2240 2217 1602 98 0 0.721696 0 0 0 0 0 0 0 0 0 0 0 0 0 0 0 0 0 0 0.0144928 0 0.0434783 0.0869565 0.289855 0.173913 0.173913 0.115942 0.057971 0.0434783 0 0 0 0 0 

2208 2195 1602 94 0 0.728929 0 0 0 0 0 0 0 0 0 0 0 0 0 0 0 0 0 0 0.0147059 0.0147059 0 0.0882353 0.161765 0.279412 0.220588 0.132353 0.0882353 0 0 0 0 0 0 

2272 2247 1602 97 0 0.712061 0 0 0 0 0 0 0 0 0 0 0 0 0 0 0 0 0 0.0142857 0.0142857 0.0285714 0.0428571 0.142857 0.185714 0.2 0.185714 0.114286 0.0428571 0.0285714 0 0 0 0 0 

2208 2195 1602 97 0 0.728929 0 0 0 0 0 0 0 0 0 0 0 0 0 0 0 0 0 0 0 0 0.0147059 0.147059 0.147059 0.25 0.220588 0.132353 0.0735294 0.0147059 0 0 0 0 0 

2208 2185 1602 89 0 0.732265 0 0 0 0 0 0 0 0 0 0 0 0 0 0 0 0 0 0 0 0 0.0147059 0.102941 0.176471 0.220588 0.220588 0.176471 0.0735294 0.0147059 0 0 0 0 0 

2208 2192 1602 94 0 0.729927 0 0 0 0 0 0 0 0 0 0 0 0 0 0 0 0 0 0 0 0.0294118 0.0147059 0.0588235 0.191176 0.264706 0.191176 0.161765 0.0735294 0.0147059 0 0 0 0 0 

2240 2215 1602 98 0 0.722348 0 0 0 0 0 0 0 0 0 0 0 0 0 0 0 0 0 0 0.0289855 0.0144928 0.0434783 0.057971 0.144928 0.289855 0.231884 0.115942 0.0434783 0.0289855 0 0 0 0 0 

2208 2201 1601 101 0 0.726942 0 0 0 0 0 0 0 0 0 0 0 0 0 0 0 0 0 0 0.0147059 0.0441176 0.0588235 0.0588235 0.176471 0.161765 0.220588 0.117647 0.117647 0.0294118 0 0 0 0 0 

2240 2215 1602 94 0 0.722348 0 0 0 0 0 0 0 0 0 0 0 0 0 0 0 0 0 0 0.0289855 0 0.0434783 0.101449 0.173913 0.26087 0.115942 0.173913 0.101449 0 0 0 0 0 0 

2176 2168 1601 88 0 0.738007 0 0 0 0 0 0 0 0 0 0 0 0 0 0 0 0 0 0 0 0.0149254 0.0298507 0.0447761 0.104478 0.313433 0.238806 0.119403 0.119403 0.0149254 0 0 0 0 0 

