2208 2199 1602 86 0 0.727603 0 0 0 0 0 0 0 0 0 0 0 0 0 0 0 0 0 0 0.0147059 0.0147059 0.0294118 0.147059 0.0882353 0.220588 0.220588 0.191176 0.0735294 0 0 0 0 0 0 

2208 2188 1603 99 0 0.731261 0 0 0 0 0 0 0 0 0 0 0 0 0 0 0 0 0 0 0 0 0.0147059 0.147059 0.147059 0.205882 0.176471 0.220588 0.0882353 0 0 0 0 0 0 

2176 2159 1602 90 0 0.741084 0 0 0 0 0 0 0 0 0 0 0 0 0 0 0 0 0 0 0.0149254 0 0.0149254 0.0597015 0.0895522 0.253731 0.283582 0.164179 0.0746269 0.0447761 0 0 0 0 0 

2240 2234 1602 97 0 0.716204 0 0 0 0 0 0 0 0 0 0 0 0 0 0 0 0 0 0 0.0144928 0 0.0724638 0.130435 0.130435 0.333333 0.144928 0.144928 0.0289855 0 0 0 0 0 0 

2208 2179 1602 94 0 0.734282 0 0 0 0 0 0 0 0 0 0 0 0 0 0 0 0 0 0 0 0.0147059 0.0147059 0.0588235 0.132353 0.279412 0.235294 0.176471 0.0735294 0.0147059 0 0 0 0 0 

2240 2224 1603 99 0 0.719424 0 0 0 0 0 0 0 0 0 0 0 0 0 0 0 0 0.0144928 0 0 0 0.057971 0.130435 0.144928 0.231884 0.188406 0.202899 0.0289855 0 0 0 0 0 0 

2240 2215 1602 87 0 0.722348 0 0 0 0 0 0 0 0 0 0 0 0 0 0 0 0 0 0 0.0144928 0.0289855 0.0289855 0.115942 0.188406 0.144928 0.246377 0.15942 0.0434783 0.0289855 0 0 0 0 0 

2240 2227 1602 96 0 0.718455 0 0 0 0 0 0 0 0 0 0 0 0 0 0 0 0 0 0 0 0 0.101449 0.0724638 0.26087 0.130435 0.289855 0.0724638 0.0724638 0 0 0 0 0 0 

2208 2192 1602 91 0 0.729927 0 0 0 0 0 0 0 0 0 0 0 0 0 0 0 0 0 0 0 0.0441176 0.0294118 0.102941 0.117647 0.191176 0.205882 0.235294 0.0588235 0.0147059 0 0 0 0 0 

2176 2161 1602 86 0 0.740398 0 0 0 0 0 0 0 0 0 0 0 0 0 0 0 0 0 0 0 0 0.0298507 0.0447761 0.134328 0.238806 0.298507 0.149254 0.0447761 0.0597015 0 0 0 0 0 

