2208 2192 1602 92 0 0.729927 0 0 0 0 0 0 0 0 0 0 0 0 0 0 0 0 0 0 0.0294118 0.0147059 0.0147059 0.0588235 0.117647 0.220588 0.338235 0.161765 0.0294118 0.0147059 0 0 0 0 0 

2208 2195 1602 95 0 0.728929 0 0 0 0 0 0 0 0 0 0 0 0 0 0 0 0 0 0.0147059 0.0147059 0.0147059 0.0294118 0.102941 0.102941 0.205882 0.235294 0.191176 0.0735294 0.0147059 0 0 0 0 0 

2208 2181 1602 90 0 0.733608 0 0 0 0 0 0 0 0 0 0 0 0 0 0 0 0 0 0 0 0.0294118 0.0294118 0.0588235 0.161765 0.176471 0.279412 0.161765 0.0441176 0.0588235 0 0 0 0 0 

2208 2191 1603 99 0 0.73026 0 0 0 0 0 0 0 0 0 0 0 0 0 0 0 0 0.0147059 0 0.0147059 0.0294118 0 0.0882353 0.117647 0.176471 0.294118 0.176471 0.0588235 0.0294118 0 0 0 0 0 

2208 2184 1602 97 0 0.732601 0 0 0 0 0 0 0 0 0 0 0 0 0 0 0 0 0 0 0.0147059 0 0.0294118 0.0588235 0.176471 0.264706 0.191176 0.161765 0.0441176 0.0441176 0.0147059 0 0 0 0 

2240 2221 1602 96 0 0.720396 0 0 0 0 0 0 0 0 0 0 0 0 0 0 0 0 0 0 0 0.0289855 0.0724638 0.0869565 0.188406 0.217391 0.188406 0.144928 0.0434783 0.0289855 0 0 0 0 0 

2240 2221 1602 89 0 0.720396 0 0 0 0 0 0 0 0 0 0 0 0 0 0 0 0 0 0 0.0144928 0 0.057971 0.0869565 0.188406 0.246377 0.231884 0.115942 0.057971 0 0 0 0 0 0 

2208 2185 1602 95 0 0.732265 0 0 0 0 0 0 0 0 0 0 0 0 0 0 0 0 0 0 0 0 0.0735294 0.0441176 0.147059 0.25 0.176471 0.220588 0.0882353 0 0 0 0 0 0 

2208 2197 1602 92 0 0.728266 0 0 0 0 0 0 0 0 0 0 0 0 0 0 0 0 0 0 0 0 0.0735294 0.0294118 0.161765 0.308824 0.25 0.102941 0.0588235 0.0147059 0 0 0 0 0 

2208 2192 1602 87 0 0.729927 0 0 0 0 0 0 0 0 0 0 0 0 0 0 0 0 0 0 0.0147059 0.0147059 0.0147059 0.117647 0.147059 0.176471 0.279412 0.117647 0.102941 0.0147059 0 0 0 0 0 

