2208 2197 1602 92 0 0.728266 0 0 0 0 0 0 0 0 0 0 0 0 0 0 0 0 0 0 0 0.0147059 0.0588235 0.0882353 0.147059 0.264706 0.205882 0.0882353 0.102941 0.0294118 0 0 0 0 0 

2176 2169 1600 104 0 0.737667 0 0 0 0 0 0 0 0 0 0 0 0 0 0 0 0 0 0 0.0298507 0 0.0149254 0.0746269 0.179104 0.149254 0.19403 0.238806 0.0746269 0.0447761 0 0 0 0 0 

2240 2212 1602 93 0 0.723327 0 0 0 0 0 0 0 0 0 0 0 0 0 0 0 0 0 0 0 0.0144928 0.0434783 0.130435 0.0869565 0.333333 0.188406 0.115942 0.0724638 0.0144928 0 0 0 0 0 

2208 2180 1602 94 0 0.733945 0 0 0 0 0 0 0 0 0 0 0 0 0 0 0 0 0 0 0.0147059 0.0294118 0.0147059 0.0588235 0.132353 0.220588 0.220588 0.191176 0.0882353 0.0294118 0 0 0 0 0 

2208 2187 1602 89 0 0.731596 0 0 0 0 0 0 0 0 0 0 0 0 0 0 0 0 0 0 0 0.0294118 0.0441176 0.0441176 0.147059 0.220588 0.264706 0.132353 0.117647 0 0 0 0 0 0 

2208 2192 1603 101 0 0.729927 0 0 0 0 0 0 0 0 0 0 0 0 0 0 0 0 0 0.0147059 0 0 0.0441176 0.102941 0.147059 0.176471 0.264706 0.117647 0.117647 0.0147059 0 0 0 0 0 

2208 2193 1602 92 0 0.729594 0 0 0 0 0 0 0 0 0 0 0 0 0 0 0 0 0 0 0 0 0.0735294 0.117647 0.102941 0.161765 0.308824 0.161765 0.0588235 0.0147059 0 0 0 0 0 

2240 2216 1603 105 0 0.722022 0 0 0 0 0 0 0 0 0 0 0 0 0 0 0 0 0 0 0.0144928 0 0.101449 0.144928 0.115942 0.173913 0.188406 0.130435 0.101449 0 0.0289855 0 0 0 0 

2240 2225 1603 100 0 0.719101 0 0 0 0 0 0 0 0 0 0 0 0 0 0 0 0 0 0 0 0 0.0434783 0.15942 0.202899 0.231884 0.130435 0.188406 0.0434783 0 0 0 0 0 0 

2176 2166 1601 77 0 0.738689 0 0 0 0 0 0 0 0 0 0 0 0 0 0 0 0 0 0 0.0149254 0 0.0298507 0.0746269 0.0895522 0.268657 0.253731 0.119403 0.119403 0.0298507 0 0 0 0 0 

