2240 2223 1602 97 0 0.719748 0 0 0 0 0 0 0 0 0 0 0 0 0 0 0 0 0 0.0144928 0 0.0289855 0.0434783 0.144928 0.130435 0.202899 0.202899 0.15942 0.057971 0.0144928 0 0 0 0 0 

2240 2217 1602 95 0 0.721696 0 0 0 0 0 0 0 0 0 0 0 0 0 0 0 0 0 0 0 0 0.0144928 0.188406 0.188406 0.173913 0.275362 0.0869565 0.0434783 0.0289855 0 0 0 0 0 

2240 2228 1602 92 0 0.718133 0 0 0 0 0 0 0 0 0 0 0 0 0 0 0 0 0 0 0 0.0434783 0.057971 0.0869565 0.188406 0.217391 0.246377 0.101449 0.0434783 0.0144928 0 0 0 0 0 

2208 2195 1602 95 0 0.728929 0 0 0 0 0 0 0 0 0 0 0 0 0 0 0 0 0 0 0.0147059 0 0.0294118 0.0588235 0.205882 0.264706 0.176471 0.176471 0.0588235 0.0147059 0 0 0 0 0 

2208 2187 1602 97 0 0.731596 0 0 0 0 0 0 0 0 0 0 0 0 0 0 0 0 0 0 0.0147059 0.0147059 0.0147059 0.102941 0.117647 0.235294 0.235294 0.147059 0.102941 0.0147059 0 0 0 0 0 

2272 2252 1602 92 0 0.71048 0 0 0 0 0 0 0 0 0 0 0 0 0 0 0 0 0 0 0.0285714 0.0428571 0.0714286 0.0857143 0.214286 0.2 0.171429 0.114286 0.0571429 0.0142857 0 0 0 0 0 

2176 2167 1602 88 0 0.738348 0 0 0 0 0 0 0 0 0 0 0 0 0 0 0 0 0 0 0 0 0.0447761 0.0746269 0.134328 0.179104 0.268657 0.19403 0.0895522 0.0149254 0 0 0 0 0 

2208 2200 1600 88 0 0.727273 0 0 0 0 0 0 0 0 0 0 0 0 0 0 0 0 0 0 0.0147059 0 0.0735294 0.0735294 0.147059 0.235294 0.264706 0.0882353 0.0735294 0.0147059 0.0147059 0 0 0 0 

2240 2224 1602 96 0 0.719424 0 0 0 0 0 0 0 0 0 0 0 0 0 0 0 0 0 0 0 0.0289855 0.057971 0.057971 0.231884 0.231884 0.217391 0.115942 0.057971 0 0 0 0 0 0 

2208 2196 1602 82 0 0.728597 0 0 0 0 0 0 0 0 0 0 0 0 0 0 0 0 0 0 0 0.0147059 0.0441176 0.0882353 0.147059 0.235294 0.279412 0.0882353 0.0882353 0.0147059 0 0 0 0 0 

