2176 2160 1602 89 0 0.740741 0 0 0 0 0 0 0 0 0 0 0 0 0 0 0 0 0 0 0 0 0.0149254 0.0895522 0.149254 0.208955 0.179104 0.208955 0.149254 0 0 0 0 0 0 

2208 2192 1602 87 0 0.729927 0 0 0 0 0 0 0 0 0 0 0 0 0 0 0 0 0 0 0 0 0.0588235 0.147059 0.117647 0.220588 0.176471 0.147059 0.0882353 0.0441176 0 0 0 0 0 

2208 2202 1601 96 0 0.726612 0 0 0 0 0 0 0 0 0 0 0 0 0 0 0 0 0 0 0 0 0.0588235 0.102941 0.220588 0.176471 0.235294 0.102941 0.0735294 0.0294118 0 0 0 0 0 

2240 2213 1602 95 0 0.723 0 0 0 0 0 0 0 0 0 0 0 0 0 0 0 0 0 0 0 0 0.057971 0.0724638 0.217391 0.202899 0.304348 0.0869565 0.0289855 0.0289855 0 0 0 0 0 

2208 2195 1602 95 0 0.728929 0 0 0 0 0 0 0 0 0 0 0 0 0 0 0 0 0 0 0 0.0147059 0.0147059 0.117647 0.102941 0.367647 0.147059 0.147059 0.0735294 0.0147059 0 0 0 0 0 

2240 2229 1602 94 0 0.717811 0 0 0 0 0 0 0 0 0 0 0 0 0 0 0 0 0 0 0 0 0.0869565 0.101449 0.202899 0.188406 0.289855 0.101449 0.0289855 0 0 0 0 0 0 

2208 2200 1600 96 0 0.727273 0 0 0 0 0 0 0 0 0 0 0 0 0 0 0 0 0 0 0 0.0294118 0.0294118 0.117647 0.161765 0.191176 0.25 0.117647 0.0882353 0.0147059 0 0 0 0 0 

2240 2232 1601 94 0 0.716846 0 0 0 0 0 0 0 0 0 0 0 0 0 0 0 0 0 0 0 0.0724638 0 0.115942 0.246377 0.173913 0.231884 0.0869565 0.057971 0.0144928 0 0 0 0 0 

2208 2187 1602 96 0 0.731596 0 0 0 0 0 0 0 0 0 0 0 0 0 0 0 0 0 0 0 0 0.0588235 0.0882353 0.176471 0.147059 0.235294 0.220588 0.0588235 0 0.0147059 0 0 0 0 

2208 2179 1602 95 0 0.734282 0 0 0 0 0 0 0 0 0 0 0 0 0 0 0 0 0 0 0 0.0294118 0.0147059 0.0735294 0.117647 0.220588 0.264706 0.176471 0.0882353 0.0147059 0 0 0 0 0 

