2240 2214 1602 89 0 0.722674 0 0 0 0 0 0 0 0 0 0 0 0 0 0 0 0 0 0 0 0.0289855 0.057971 0.101449 0.15942 0.217391 0.231884 0.115942 0.0434783 0.0289855 0.0144928 0 0 0 0 

2176 2149 1601 80 0 0.744532 0 0 0 0 0 0 0 0 0 0 0 0 0 0 0 0 0 0 0 0 0.0149254 0.0597015 0.134328 0.134328 0.298507 0.283582 0.0447761 0.0298507 0 0 0 0 0 

2208 2197 1602 87 0 0.728266 0 0 0 0 0 0 0 0 0 0 0 0 0 0 0 0 0 0 0.0147059 0 0.0588235 0.0735294 0.147059 0.191176 0.279412 0.191176 0.0441176 0 0 0 0 0 0 

2208 2196 1603 100 0 0.728597 0 0 0 0 0 0 0 0 0 0 0 0 0 0 0 0 0 0 0.0147059 0.0147059 0.0294118 0.0882353 0.147059 0.235294 0.220588 0.161765 0.0735294 0.0147059 0 0 0 0 0 

2208 2180 1603 99 0 0.733945 0 0 0 0 0 0 0 0 0 0 0 0 0 0 0 0 0 0 0 0 0.0147059 0.0441176 0.191176 0.235294 0.294118 0.117647 0.102941 0 0 0 0 0 0 

2240 2220 1602 98 0 0.720721 0 0 0 0 0 0 0 0 0 0 0 0 0 0 0 0 0 0 0.0144928 0.0289855 0.0289855 0.101449 0.202899 0.188406 0.246377 0.101449 0.0724638 0.0144928 0 0 0 0 0 

2240 2229 1602 93 0 0.717811 0 0 0 0 0 0 0 0 0 0 0 0 0 0 0 0 0 0 0 0.0289855 0.057971 0.0724638 0.231884 0.231884 0.231884 0.101449 0.0289855 0.0144928 0 0 0 0 0 

2240 2218 1602 92 0 0.721371 0 0 0 0 0 0 0 0 0 0 0 0 0 0 0 0 0 0 0.0144928 0.0144928 0.0289855 0.0724638 0.231884 0.217391 0.202899 0.188406 0.0289855 0 0 0 0 0 0 

2208 2187 1603 99 0 0.731596 0 0 0 0 0 0 0 0 0 0 0 0 0 0 0 0 0 0 0.0147059 0.0294118 0 0.102941 0.191176 0.191176 0.176471 0.117647 0.117647 0.0588235 0 0 0 0 0 

2240 2228 1603 101 0 0.718133 0 0 0 0 0 0 0 0 0 0 0 0 0 0 0 0 0 0 0 0.057971 0.0434783 0.0869565 0.202899 0.202899 0.217391 0.130435 0.0434783 0 0.0144928 0 0 0 0 

