2240 2214 1602 96 0 0.722674 0 0 0 0 0 0 0 0 0 0 0 0 0 0 0 0 0 0 0 0.0144928 0.0434783 0.101449 0.130435 0.318841 0.202899 0.115942 0.0724638 0 0 0 0 0 0 

2240 2215 1602 92 0 0.722348 0 0 0 0 0 0 0 0 0 0 0 0 0 0 0 0 0 0 0.0144928 0.0144928 0.0144928 0.15942 0.101449 0.318841 0.15942 0.115942 0.0869565 0.0144928 0 0 0 0 0 

2240 2222 1602 94 0 0.720072 0 0 0 0 0 0 0 0 0 0 0 0 0 0 0 0 0 0.0144928 0 0.0144928 0.057971 0.130435 0.15942 0.173913 0.217391 0.173913 0.0434783 0.0144928 0 0 0 0 0 

2208 2188 1602 94 0 0.731261 0 0 0 0 0 0 0 0 0 0 0 0 0 0 0 0 0 0 0 0.0147059 0.0441176 0.0441176 0.176471 0.235294 0.279412 0.0735294 0.117647 0.0147059 0 0 0 0 0 

2240 2213 1602 89 0 0.723 0 0 0 0 0 0 0 0 0 0 0 0 0 0 0 0 0 0 0.0144928 0 0.057971 0.0144928 0.275362 0.202899 0.26087 0.115942 0.0289855 0.0289855 0 0 0 0 0 

2240 2211 1602 96 0 0.723654 0 0 0 0 0 0 0 0 0 0 0 0 0 0 0 0 0 0 0 0.0289855 0.0434783 0.0869565 0.202899 0.217391 0.173913 0.144928 0.0724638 0.0289855 0 0 0 0 0 

2240 2232 1601 98 0 0.716846 0 0 0 0 0 0 0 0 0 0 0 0 0 0 0 0 0.0144928 0.0144928 0 0.0144928 0.057971 0.101449 0.15942 0.275362 0.144928 0.144928 0.0724638 0 0 0 0 0 0 

2240 2215 1602 91 0 0.722348 0 0 0 0 0 0 0 0 0 0 0 0 0 0 0 0 0 0 0.0144928 0 0.0144928 0.144928 0.15942 0.202899 0.289855 0.144928 0.0144928 0.0144928 0 0 0 0 0 

2208 2192 1602 91 0 0.729927 0 0 0 0 0 0 0 0 0 0 0 0 0 0 0 0 0 0 0 0.0294118 0.0294118 0.0588235 0.176471 0.235294 0.235294 0.132353 0.0882353 0.0147059 0 0 0 0 0 

2240 2230 1602 98 0 0.717489 0 0 0 0 0 0 0 0 0 0 0 0 0 0 0 0 0 0 0.0144928 0.0144928 0.101449 0.0434783 0.231884 0.246377 0.144928 0.144928 0.0144928 0.0434783 0 0 0 0 0 

