2240 2225 1603 103 0 0.719101 0 0 0 0 0 0 0 0 0 0 0 0 0 0 0 0 0 0 0 0 0.057971 0.144928 0.202899 0.188406 0.202899 0.15942 0.0434783 0 0 0 0 0 0 

2208 2186 1602 91 0 0.73193 0 0 0 0 0 0 0 0 0 0 0 0 0 0 0 0 0 0 0 0 0.0294118 0.176471 0.147059 0.205882 0.161765 0.0735294 0.132353 0.0735294 0 0 0 0 0 

2176 2170 1600 89 0 0.737327 0 0 0 0 0 0 0 0 0 0 0 0 0 0 0 0 0 0 0 0.0149254 0.0447761 0.0895522 0.119403 0.208955 0.238806 0.134328 0.104478 0.0298507 0.0149254 0 0 0 0 

2240 2223 1602 93 0 0.719748 0 0 0 0 0 0 0 0 0 0 0 0 0 0 0 0 0 0 0 0.057971 0.0289855 0.115942 0.144928 0.246377 0.217391 0.0869565 0.101449 0 0 0 0 0 0 

2176 2162 1602 86 0 0.740056 0 0 0 0 0 0 0 0 0 0 0 0 0 0 0 0 0 0 0 0 0.0149254 0.0298507 0.208955 0.19403 0.253731 0.19403 0.104478 0 0 0 0 0 0 

2240 2213 1602 92 0 0.723 0 0 0 0 0 0 0 0 0 0 0 0 0 0 0 0 0 0.0144928 0.0144928 0.0289855 0.0144928 0.0869565 0.15942 0.202899 0.26087 0.130435 0.0724638 0.0144928 0 0 0 0 0 

2208 2199 1602 97 0 0.727603 0 0 0 0 0 0 0 0 0 0 0 0 0 0 0 0 0.0147059 0 0.0147059 0 0.0735294 0.0735294 0.117647 0.205882 0.235294 0.176471 0.0735294 0 0.0147059 0 0 0 0 

2240 2213 1602 89 0 0.723 0 0 0 0 0 0 0 0 0 0 0 0 0 0 0 0 0 0 0 0 0.0724638 0.101449 0.188406 0.144928 0.304348 0.144928 0.0144928 0.0289855 0 0 0 0 0 

2208 2200 1602 95 0 0.727273 0 0 0 0 0 0 0 0 0 0 0 0 0 0 0 0.0147059 0 0 0 0.0147059 0.0147059 0.0441176 0.220588 0.25 0.176471 0.25 0 0.0147059 0 0 0 0 0 

2240 2222 1603 102 0 0.720072 0 0 0 0 0 0 0 0 0 0 0 0 0 0 0 0 0 0 0.0289855 0 0.057971 0.101449 0.188406 0.217391 0.173913 0.130435 0.101449 0 0 0 0 0 0 

