2240 2219 1602 93 0 0.721045 0 0 0 0 0 0 0 0 0 0 0 0 0 0 0 0 0 0 0 0.0144928 0.0289855 0.173913 0.217391 0.15942 0.130435 0.188406 0.0869565 0 0 0 0 0 0 

2240 2213 1602 96 0 0.723 0 0 0 0 0 0 0 0 0 0 0 0 0 0 0 0 0 0 0.0289855 0.0144928 0.0724638 0.057971 0.15942 0.144928 0.289855 0.15942 0.057971 0.0144928 0 0 0 0 0 

2176 2165 1602 97 0 0.73903 0 0 0 0 0 0 0 0 0 0 0 0 0 0 0 0 0 0 0 0 0.0447761 0.0447761 0.119403 0.253731 0.19403 0.298507 0.0298507 0.0149254 0 0 0 0 0 

2208 2199 1602 92 0 0.727603 0 0 0 0 0 0 0 0 0 0 0 0 0 0 0 0 0 0 0.0147059 0.0441176 0.0294118 0.0588235 0.147059 0.220588 0.220588 0.205882 0.0441176 0.0147059 0 0 0 0 0 

2208 2194 1602 87 0 0.729262 0 0 0 0 0 0 0 0 0 0 0 0 0 0 0 0 0 0 0.0294118 0.0147059 0.0588235 0.0588235 0.132353 0.220588 0.176471 0.176471 0.132353 0 0 0 0 0 0 

2272 2259 1603 101 0 0.708278 0 0 0 0 0 0 0 0 0 0 0 0 0 0 0 0 0 0 0 0.0714286 0.0857143 0.0714286 0.185714 0.242857 0.214286 0.1 0.0285714 0 0 0 0 0 0 

2272 2245 1602 90 0 0.712695 0 0 0 0 0 0 0 0 0 0 0 0 0 0 0 0 0.0142857 0 0 0.0285714 0.0428571 0.114286 0.257143 0.171429 0.2 0.1 0.0428571 0.0285714 0 0 0 0 0 

2208 2195 1602 90 0 0.728929 0 0 0 0 0 0 0 0 0 0 0 0 0 0 0 0 0 0.0147059 0 0.0147059 0.0441176 0.0441176 0.132353 0.279412 0.25 0.176471 0.0147059 0.0147059 0.0147059 0 0 0 0 

2208 2194 1602 91 0 0.729262 0 0 0 0 0 0 0 0 0 0 0 0 0 0 0 0 0 0 0 0.0147059 0.0147059 0.0441176 0.220588 0.25 0.279412 0.132353 0.0294118 0 0.0147059 0 0 0 0 

2208 2199 1601 98 0 0.727603 0 0 0 0 0 0 0 0 0 0 0 0 0 0 0 0 0 0.0147059 0.0147059 0.0147059 0.0441176 0.0735294 0.161765 0.161765 0.235294 0.191176 0.0882353 0 0 0 0 0 0 

