2208 2195 1602 95 0 0.728929 0 0 0 0 0 0 0 0 0 0 0 0 0 0 0 0 0 0 0 0.0147059 0 0.117647 0.191176 0.25 0.161765 0.191176 0.0735294 0 0 0 0 0 0 

2240 2220 1603 100 0 0.720721 0 0 0 0 0 0 0 0 0 0 0 0 0 0 0 0 0 0 0.0144928 0.0144928 0.0434783 0.0724638 0.275362 0.188406 0.15942 0.130435 0.0869565 0.0144928 0 0 0 0 0 

2240 2219 1602 96 0 0.721045 0 0 0 0 0 0 0 0 0 0 0 0 0 0 0 0 0 0 0 0.0289855 0.0434783 0.101449 0.188406 0.217391 0.188406 0.188406 0.0434783 0 0 0 0 0 0 

2240 2214 1602 98 0 0.722674 0 0 0 0 0 0 0 0 0 0 0 0 0 0 0 0 0 0 0 0.0289855 0.0289855 0.0869565 0.217391 0.202899 0.217391 0.15942 0.0434783 0.0144928 0 0 0 0 0 

2240 2213 1602 93 0 0.723 0 0 0 0 0 0 0 0 0 0 0 0 0 0 0 0 0 0 0 0.0144928 0.0434783 0.115942 0.144928 0.217391 0.246377 0.188406 0.0289855 0 0 0 0 0 0 

2208 2185 1602 92 0 0.732265 0 0 0 0 0 0 0 0 0 0 0 0 0 0 0 0 0 0 0 0.0147059 0.0588235 0.0882353 0.117647 0.220588 0.161765 0.220588 0.117647 0 0 0 0 0 0 

2240 2218 1602 98 0 0.721371 0 0 0 0 0 0 0 0 0 0 0 0 0 0 0 0 0 0 0 0.0289855 0.057971 0.130435 0.130435 0.217391 0.217391 0.130435 0.0724638 0.0144928 0 0 0 0 0 

2208 2193 1603 100 0 0.729594 0 0 0 0 0 0 0 0 0 0 0 0 0 0 0 0 0 0 0 0 0.0294118 0.132353 0.147059 0.235294 0.220588 0.132353 0.0735294 0.0294118 0 0 0 0 0 

2208 2183 1602 98 0 0.732936 0 0 0 0 0 0 0 0 0 0 0 0 0 0 0 0 0 0 0 0 0.0735294 0.0882353 0.132353 0.25 0.176471 0.132353 0.0735294 0.0441176 0.0294118 0 0 0 0 

2208 2199 1602 102 0 0.727603 0 0 0 0 0 0 0 0 0 0 0 0 0 0 0 0 0 0 0.0294118 0.0294118 0.0588235 0.0882353 0.117647 0.191176 0.132353 0.25 0.0735294 0.0294118 0 0 0 0 0 

