2208 2199 1601 94 0 0.727603 0 0 0 0 0 0 0 0 0 0 0 0 0 0 0 0 0 0 0 0.0147059 0.0882353 0.0588235 0.25 0.0882353 0.220588 0.161765 0.102941 0.0147059 0 0 0 0 0 

2240 2212 1602 89 0 0.723327 0 0 0 0 0 0 0 0 0 0 0 0 0 0 0 0 0 0.0144928 0 0.0144928 0.101449 0.0434783 0.15942 0.144928 0.289855 0.144928 0.0724638 0.0144928 0 0 0 0 0 

2176 2161 1601 80 0 0.740398 0 0 0 0 0 0 0 0 0 0 0 0 0 0 0 0 0 0 0 0.0149254 0.0149254 0.0597015 0.0746269 0.253731 0.298507 0.223881 0.0447761 0.0149254 0 0 0 0 0 

2240 2223 1602 96 0 0.719748 0 0 0 0 0 0 0 0 0 0 0 0 0 0 0 0 0 0 0 0.0144928 0.0724638 0.0869565 0.15942 0.275362 0.231884 0.101449 0.057971 0 0 0 0 0 0 

2208 2193 1602 94 0 0.729594 0 0 0 0 0 0 0 0 0 0 0 0 0 0 0 0 0 0 0 0.0147059 0.0294118 0.102941 0.147059 0.220588 0.264706 0.132353 0.0735294 0.0147059 0 0 0 0 0 

2208 2195 1602 94 0 0.728929 0 0 0 0 0 0 0 0 0 0 0 0 0 0 0 0 0 0 0 0.0147059 0.0147059 0.0735294 0.161765 0.279412 0.308824 0.0882353 0.0294118 0.0294118 0 0 0 0 0 

2240 2219 1602 90 0 0.721045 0 0 0 0 0 0 0 0 0 0 0 0 0 0 0 0 0 0 0.0144928 0.0289855 0.0869565 0.101449 0.130435 0.15942 0.188406 0.217391 0.0724638 0 0 0 0 0 0 

2208 2183 1602 97 0 0.732936 0 0 0 0 0 0 0 0 0 0 0 0 0 0 0 0 0 0 0 0 0.0588235 0.0294118 0.132353 0.25 0.279412 0.220588 0.0147059 0.0147059 0 0 0 0 0 

2272 2245 1602 97 0 0.712695 0 0 0 0 0 0 0 0 0 0 0 0 0 0 0 0 0 0.0142857 0.0142857 0.0142857 0.0571429 0.1 0.214286 0.228571 0.157143 0.157143 0.0285714 0.0142857 0 0 0 0 0 

2240 2211 1602 97 0 0.723654 0 0 0 0 0 0 0 0 0 0 0 0 0 0 0 0 0 0 0 0.0434783 0.0434783 0.0724638 0.173913 0.231884 0.217391 0.115942 0.057971 0.0434783 0 0 0 0 0 

