2240 2218 1603 102 0 0.721371 0 0 0 0 0 0 0 0 0 0 0 0 0 0 0 0 0 0 0 0.0434783 0.0144928 0.130435 0.173913 0.217391 0.202899 0.115942 0.101449 0 0 0 0 0 0 

2240 2216 1602 96 0 0.722022 0 0 0 0 0 0 0 0 0 0 0 0 0 0 0 0 0 0 0.0144928 0.0144928 0.0289855 0.0869565 0.188406 0.333333 0.130435 0.0724638 0.115942 0.0144928 0 0 0 0 0 

2208 2190 1602 82 0 0.730594 0 0 0 0 0 0 0 0 0 0 0 0 0 0 0 0 0 0.0147059 0 0.0294118 0.0441176 0.0294118 0.132353 0.279412 0.235294 0.117647 0.0588235 0.0588235 0 0 0 0 0 

2208 2196 1602 93 0 0.728597 0 0 0 0 0 0 0 0 0 0 0 0 0 0 0 0 0 0 0 0.0294118 0.0294118 0.102941 0.117647 0.205882 0.323529 0.117647 0.0588235 0.0147059 0 0 0 0 0 

2208 2185 1602 95 0 0.732265 0 0 0 0 0 0 0 0 0 0 0 0 0 0 0 0 0 0 0 0.0294118 0 0.0735294 0.132353 0.308824 0.205882 0.132353 0.117647 0 0 0 0 0 0 

2208 2179 1602 96 0 0.734282 0 0 0 0 0 0 0 0 0 0 0 0 0 0 0 0 0 0 0 0.0147059 0.0147059 0.0882353 0.117647 0.235294 0.25 0.205882 0.0441176 0.0294118 0 0 0 0 0 

2240 2228 1602 98 0 0.718133 0 0 0 0 0 0 0 0 0 0 0 0 0 0 0 0 0.0144928 0 0.0144928 0.0289855 0.0724638 0.057971 0.231884 0.130435 0.202899 0.173913 0.057971 0.0144928 0 0 0 0 0 

2208 2197 1602 97 0 0.728266 0 0 0 0 0 0 0 0 0 0 0 0 0 0 0 0 0 0 0 0 0.0441176 0.147059 0.117647 0.176471 0.323529 0.117647 0.0588235 0.0147059 0 0 0 0 0 

2208 2179 1602 84 0 0.734282 0 0 0 0 0 0 0 0 0 0 0 0 0 0 0 0 0 0 0 0.0147059 0.0294118 0.0588235 0.205882 0.147059 0.235294 0.191176 0.102941 0.0147059 0 0 0 0 0 

2240 2217 1602 89 0 0.721696 0 0 0 0 0 0 0 0 0 0 0 0 0 0 0 0 0 0 0.0144928 0.0144928 0.057971 0.15942 0.15942 0.130435 0.202899 0.144928 0.0869565 0.0289855 0 0 0 0 0 

