2208 2191 1602 86 0 0.73026 0 0 0 0 0 0 0 0 0 0 0 0 0 0 0 0 0 0 0 0.0147059 0.0147059 0.0882353 0.191176 0.220588 0.235294 0.132353 0.102941 0 0 0 0 0 0 

2240 2219 1602 96 0 0.721045 0 0 0 0 0 0 0 0 0 0 0 0 0 0 0 0 0 0 0 0.0289855 0.0434783 0.130435 0.144928 0.246377 0.173913 0.188406 0.0289855 0 0.0144928 0 0 0 0 

2240 2222 1602 87 0 0.720072 0 0 0 0 0 0 0 0 0 0 0 0 0 0 0 0 0.0144928 0 0.0144928 0 0.0724638 0.115942 0.188406 0.115942 0.231884 0.144928 0.101449 0 0 0 0 0 0 

2240 2217 1602 98 0 0.721696 0 0 0 0 0 0 0 0 0 0 0 0 0 0 0 0 0 0 0 0.0144928 0.0434783 0.130435 0.202899 0.217391 0.15942 0.144928 0.057971 0.0289855 0 0 0 0 0 

2208 2198 1602 96 0 0.727934 0 0 0 0 0 0 0 0 0 0 0 0 0 0 0 0 0 0 0.0147059 0.0294118 0.0294118 0.0735294 0.191176 0.191176 0.220588 0.117647 0.132353 0 0 0 0 0 0 

2208 2197 1602 98 0 0.728266 0 0 0 0 0 0 0 0 0 0 0 0 0 0 0 0 0 0 0 0.0147059 0.0441176 0.117647 0.102941 0.264706 0.220588 0.147059 0.0882353 0 0 0 0 0 0 

2240 2215 1603 111 0 0.722348 0 0 0 0 0 0 0 0 0 0 0 0 0 0 0 0 0.0144928 0 0.0144928 0 0.0869565 0.057971 0.130435 0.202899 0.246377 0.173913 0.0724638 0 0 0 0 0 0 

2208 2182 1602 94 0 0.733272 0 0 0 0 0 0 0 0 0 0 0 0 0 0 0 0 0 0 0 0 0.0147059 0.0588235 0.161765 0.338235 0.176471 0.161765 0.0588235 0.0294118 0 0 0 0 0 

2208 2190 1602 93 0 0.730594 0 0 0 0 0 0 0 0 0 0 0 0 0 0 0 0 0 0 0.0147059 0 0.0441176 0.0735294 0.176471 0.191176 0.294118 0.102941 0.0294118 0.0735294 0 0 0 0 0 

2272 2250 1603 101 0 0.711111 0 0 0 0 0 0 0 0 0 0 0 0 0 0 0 0 0 0.0142857 0 0.0285714 0.114286 0.114286 0.157143 0.157143 0.185714 0.185714 0.0428571 0 0 0 0 0 0 

