2208 2201 1602 98 0 0.726942 0 0 0 0 0 0 0 0 0 0 0 0 0 0 0 0 0 0 0 0.0294118 0.0588235 0.117647 0.161765 0.161765 0.235294 0.132353 0.0441176 0.0441176 0.0147059 0 0 0 0 

2240 2221 1603 100 0 0.720396 0 0 0 0 0 0 0 0 0 0 0 0 0 0 0 0 0 0 0.0144928 0.0434783 0.0289855 0.115942 0.188406 0.101449 0.289855 0.15942 0.0434783 0.0144928 0 0 0 0 0 

2272 2251 1603 101 0 0.710795 0 0 0 0 0 0 0 0 0 0 0 0 0 0 0 0 0 0 0.0142857 0 0.114286 0.0714286 0.228571 0.214286 0.214286 0.114286 0.0285714 0 0 0 0 0 0 

2240 2221 1602 94 0 0.720396 0 0 0 0 0 0 0 0 0 0 0 0 0 0 0 0 0 0 0.0144928 0.0434783 0.0144928 0.115942 0.188406 0.231884 0.144928 0.15942 0.0724638 0.0144928 0 0 0 0 0 

2272 2244 1603 104 0 0.713012 0 0 0 0 0 0 0 0 0 0 0 0 0 0 0 0 0 0 0.0142857 0.0285714 0.0571429 0.142857 0.142857 0.271429 0.142857 0.128571 0.0571429 0.0142857 0 0 0 0 0 

2208 2182 1602 94 0 0.733272 0 0 0 0 0 0 0 0 0 0 0 0 0 0 0 0 0 0 0.0147059 0 0.0294118 0.0735294 0.132353 0.235294 0.220588 0.191176 0.102941 0 0 0 0 0 0 

2240 2215 1602 93 0 0.722348 0 0 0 0 0 0 0 0 0 0 0 0 0 0 0 0 0 0 0 0.0434783 0.0724638 0.0724638 0.202899 0.144928 0.202899 0.15942 0.0724638 0.0289855 0 0 0 0 0 

2240 2214 1602 94 0 0.722674 0 0 0 0 0 0 0 0 0 0 0 0 0 0 0 0 0 0 0 0.0144928 0.057971 0.101449 0.15942 0.202899 0.275362 0.144928 0.0144928 0.0289855 0 0 0 0 0 

2240 2214 1602 98 0 0.722674 0 0 0 0 0 0 0 0 0 0 0 0 0 0 0 0 0 0 0 0.0289855 0.0434783 0.115942 0.15942 0.246377 0.15942 0.173913 0.0289855 0.0434783 0 0 0 0 0 

2240 2212 1602 97 0 0.723327 0 0 0 0 0 0 0 0 0 0 0 0 0 0 0 0.0144928 0 0 0.0144928 0.0144928 0.0289855 0.0724638 0.173913 0.202899 0.231884 0.173913 0.057971 0.0144928 0 0 0 0 0 

