2208 2197 1602 92 0 0.728266 0 0 0 0 0 0 0 0 0 0 0 0 0 0 0 0 0 0 0 0 0.0441176 0.132353 0.147059 0.235294 0.205882 0.132353 0.0882353 0.0147059 0 0 0 0 0 

2208 2193 1602 93 0 0.729594 0 0 0 0 0 0 0 0 0 0 0 0 0 0 0 0 0 0 0 0.0147059 0.0294118 0.0735294 0.161765 0.264706 0.25 0.117647 0.0735294 0.0147059 0 0 0 0 0 

2240 2217 1603 100 0 0.721696 0 0 0 0 0 0 0 0 0 0 0 0 0 0 0 0 0 0 0 0 0.0434783 0.101449 0.231884 0.231884 0.217391 0.101449 0.0434783 0.0289855 0 0 0 0 0 

2176 2164 1603 100 0 0.739372 0 0 0 0 0 0 0 0 0 0 0 0 0 0 0 0 0 0 0.0149254 0 0.0447761 0.0447761 0.134328 0.253731 0.149254 0.223881 0.104478 0.0149254 0 0.0149254 0 0 0 

2240 2212 1602 89 0 0.723327 0 0 0 0 0 0 0 0 0 0 0 0 0 0 0 0 0 0 0 0.0144928 0.057971 0.0869565 0.115942 0.26087 0.289855 0.130435 0.0434783 0 0 0 0 0 0 

2208 2186 1602 90 0 0.73193 0 0 0 0 0 0 0 0 0 0 0 0 0 0 0 0 0 0 0 0.0147059 0.0147059 0.132353 0.147059 0.205882 0.191176 0.176471 0.102941 0 0.0147059 0 0 0 0 

2208 2197 1602 95 0 0.728266 0 0 0 0 0 0 0 0 0 0 0 0 0 0 0 0 0.0147059 0 0.0147059 0.0294118 0.0294118 0.0441176 0.176471 0.220588 0.235294 0.102941 0.0882353 0.0294118 0.0147059 0 0 0 0 

2208 2192 1602 90 0 0.729927 0 0 0 0 0 0 0 0 0 0 0 0 0 0 0 0 0 0 0.0147059 0.0147059 0.0147059 0.117647 0.117647 0.279412 0.132353 0.205882 0.102941 0 0 0 0 0 0 

2176 2164 1602 89 0 0.739372 0 0 0 0 0 0 0 0 0 0 0 0 0 0 0 0 0 0 0 0 0.0298507 0.119403 0.0895522 0.179104 0.223881 0.268657 0.0895522 0 0 0 0 0 0 

2208 2182 1602 96 0 0.733272 0 0 0 0 0 0 0 0 0 0 0 0 0 0 0 0 0 0 0.0147059 0.0147059 0.0294118 0.0882353 0.176471 0.147059 0.205882 0.191176 0.0882353 0.0294118 0.0147059 0 0 0 0 

