2240 2218 1603 102 0 0.721371 0 0 0 0 0 0 0 0 0 0 0 0 0 0 0 0 0 0 0.0144928 0.057971 0 0.101449 0.202899 0.130435 0.246377 0.188406 0.057971 0 0 0 0 0 0 

2208 2199 1602 89 0 0.727603 0 0 0 0 0 0 0 0 0 0 0 0 0 0 0 0 0 0 0 0.0147059 0.0147059 0.147059 0.102941 0.279412 0.235294 0.132353 0.0735294 0 0 0 0 0 0 

2240 2225 1602 92 0 0.719101 0 0 0 0 0 0 0 0 0 0 0 0 0 0 0 0 0 0 0.0144928 0 0.057971 0.130435 0.144928 0.304348 0.144928 0.130435 0.0724638 0 0 0 0 0 0 

2208 2203 1600 85 0 0.726282 0 0 0 0 0 0 0 0 0 0 0 0 0 0 0 0 0 0.0147059 0 0.0147059 0.0147059 0.0882353 0.176471 0.308824 0.102941 0.235294 0.0441176 0 0 0 0 0 0 

2208 2195 1602 91 0 0.728929 0 0 0 0 0 0 0 0 0 0 0 0 0 0 0 0 0 0 0 0 0.0588235 0.0735294 0.191176 0.235294 0.191176 0.161765 0.0735294 0.0147059 0 0 0 0 0 

2240 2212 1602 89 0 0.723327 0 0 0 0 0 0 0 0 0 0 0 0 0 0 0 0 0 0.0144928 0 0 0.0434783 0.15942 0.144928 0.217391 0.144928 0.15942 0.0869565 0.0289855 0 0 0 0 0 

2240 2224 1602 93 0 0.719424 0 0 0 0 0 0 0 0 0 0 0 0 0 0 0 0 0 0.0144928 0 0.0144928 0.0434783 0.0869565 0.15942 0.275362 0.26087 0.115942 0.0144928 0.0144928 0 0 0 0 0 

2176 2170 1600 93 0 0.737327 0 0 0 0 0 0 0 0 0 0 0 0 0 0 0 0 0 0 0 0.0149254 0.0149254 0.0597015 0.179104 0.223881 0.238806 0.134328 0.119403 0.0149254 0 0 0 0 0 

2208 2198 1602 97 0 0.727934 0 0 0 0 0 0 0 0 0 0 0 0 0 0 0 0 0 0 0.0147059 0.0147059 0.0147059 0.102941 0.147059 0.25 0.235294 0.147059 0.0588235 0.0147059 0 0 0 0 0 

2208 2188 1602 88 0 0.731261 0 0 0 0 0 0 0 0 0 0 0 0 0 0 0 0 0 0 0 0.0147059 0.0441176 0.0588235 0.191176 0.161765 0.25 0.205882 0.0735294 0 0 0 0 0 0 

