2176 2165 1602 93 0 0.73903 0 0 0 0 0 0 0 0 0 0 0 0 0 0 0 0 0 0 0 0 0.0298507 0.0597015 0.149254 0.238806 0.223881 0.179104 0.104478 0.0149254 0 0 0 0 0 

2208 2188 1602 92 0 0.731261 0 0 0 0 0 0 0 0 0 0 0 0 0 0 0 0 0 0 0.0147059 0.0294118 0 0.0735294 0.147059 0.220588 0.25 0.191176 0.0588235 0.0147059 0 0 0 0 0 

2240 2219 1602 98 0 0.721045 0 0 0 0 0 0 0 0 0 0 0 0 0 0 0 0 0 0.0144928 0 0.0289855 0.0144928 0.130435 0.15942 0.231884 0.246377 0.0869565 0.0434783 0.0434783 0 0 0 0 0 

2176 2163 1602 88 0 0.739713 0 0 0 0 0 0 0 0 0 0 0 0 0 0 0 0 0 0 0 0 0.0298507 0.0895522 0.149254 0.19403 0.253731 0.134328 0.0895522 0.0447761 0.0149254 0 0 0 0 

2176 2164 1602 86 0 0.739372 0 0 0 0 0 0 0 0 0 0 0 0 0 0 0 0 0 0 0 0 0.0447761 0.0447761 0.149254 0.208955 0.19403 0.283582 0.0746269 0 0 0 0 0 0 

2208 2193 1601 81 0 0.729594 0 0 0 0 0 0 0 0 0 0 0 0 0 0 0 0 0 0 0.0147059 0.0147059 0.0147059 0.0882353 0.235294 0.176471 0.205882 0.102941 0.117647 0.0294118 0 0 0 0 0 

2176 2154 1602 85 0 0.742804 0 0 0 0 0 0 0 0 0 0 0 0 0 0 0 0 0 0 0 0 0.0447761 0.0895522 0.134328 0.104478 0.268657 0.179104 0.134328 0.0447761 0 0 0 0 0 

2208 2185 1602 87 0 0.732265 0 0 0 0 0 0 0 0 0 0 0 0 0 0 0 0 0 0.0147059 0 0.0441176 0.0294118 0 0.147059 0.294118 0.176471 0.161765 0.102941 0.0294118 0 0 0 0 0 

2208 2189 1602 89 0 0.730927 0 0 0 0 0 0 0 0 0 0 0 0 0 0 0 0 0 0 0 0.0294118 0.0735294 0.0588235 0.132353 0.161765 0.25 0.176471 0.117647 0 0 0 0 0 0 

2208 2196 1602 96 0 0.728597 0 0 0 0 0 0 0 0 0 0 0 0 0 0 0 0 0 0.0147059 0 0.0147059 0.0441176 0.102941 0.117647 0.220588 0.205882 0.191176 0.0735294 0.0147059 0 0 0 0 0 

