2208 2195 1602 95 0 0.728929 0 0 0 0 0 0 0 0 0 0 0 0 0 0 0 0 0 0 0 0 0.0294118 0.117647 0.161765 0.235294 0.264706 0.0882353 0.0882353 0.0147059 0 0 0 0 0 

2208 2198 1602 92 0 0.727934 0 0 0 0 0 0 0 0 0 0 0 0 0 0 0 0 0 0 0 0.0294118 0 0.0588235 0.191176 0.308824 0.205882 0.161765 0.0441176 0 0 0 0 0 0 

2208 2200 1602 99 0 0.727273 0 0 0 0 0 0 0 0 0 0 0 0 0 0 0 0 0 0 0 0.0294118 0.0441176 0.102941 0.176471 0.147059 0.264706 0.147059 0.0588235 0.0294118 0 0 0 0 0 

2240 2227 1603 105 0 0.718455 0 0 0 0 0 0 0 0 0 0 0 0 0 0 0 0 0 0 0.0144928 0 0.0434783 0.115942 0.217391 0.275362 0.101449 0.188406 0.0434783 0 0 0 0 0 0 

2208 2180 1602 91 0 0.733945 0 0 0 0 0 0 0 0 0 0 0 0 0 0 0 0 0 0 0 0 0.0147059 0.102941 0.0882353 0.294118 0.25 0.205882 0.0147059 0.0147059 0.0147059 0 0 0 0 

2176 2167 1602 91 0 0.738348 0 0 0 0 0 0 0 0 0 0 0 0 0 0 0 0 0 0 0 0.0149254 0.0746269 0.0447761 0.0895522 0.238806 0.19403 0.238806 0.0597015 0.0447761 0 0 0 0 0 

2240 2222 1603 103 0 0.720072 0 0 0 0 0 0 0 0 0 0 0 0 0 0 0 0 0 0 0 0.0434783 0.0434783 0.115942 0.173913 0.144928 0.289855 0.115942 0.0724638 0 0 0 0 0 0 

2240 2215 1602 98 0 0.722348 0 0 0 0 0 0 0 0 0 0 0 0 0 0 0 0 0 0 0.0144928 0 0.0434783 0.057971 0.217391 0.202899 0.318841 0.115942 0.0144928 0.0144928 0 0 0 0 0 

2240 2227 1602 95 0 0.718455 0 0 0 0 0 0 0 0 0 0 0 0 0 0 0 0 0 0 0.0289855 0 0.057971 0.144928 0.130435 0.15942 0.304348 0.144928 0.0289855 0 0 0 0 0 0 

2208 2199 1602 84 0 0.727603 0 0 0 0 0 0 0 0 0 0 0 0 0 0 0 0 0 0 0.0147059 0.0294118 0.0588235 0.0882353 0.0735294 0.279412 0.235294 0.102941 0.0882353 0.0147059 0.0147059 0 0 0 0 

