2176 2167 1602 97 0 0.738348 0 0 0 0 0 0 0 0 0 0 0 0 0 0 0 0 0 0 0 0.0149254 0.0447761 0.0447761 0.149254 0.19403 0.179104 0.298507 0.0746269 0 0 0 0 0 0 

2240 2211 1602 88 0 0.723654 0 0 0 0 0 0 0 0 0 0 0 0 0 0 0 0 0.0144928 0 0 0.0144928 0.0144928 0.115942 0.188406 0.202899 0.217391 0.144928 0.057971 0.0289855 0 0 0 0 0 

2208 2198 1602 95 0 0.727934 0 0 0 0 0 0 0 0 0 0 0 0 0 0 0 0 0 0 0.0147059 0.0147059 0.0147059 0.132353 0.132353 0.220588 0.205882 0.191176 0.0735294 0 0 0 0 0 0 

2208 2192 1602 90 0 0.729927 0 0 0 0 0 0 0 0 0 0 0 0 0 0 0 0 0 0 0.0147059 0 0.0147059 0.0588235 0.191176 0.25 0.279412 0.102941 0.0882353 0 0 0 0 0 0 

2208 2184 1603 100 0 0.732601 0 0 0 0 0 0 0 0 0 0 0 0 0 0 0 0 0 0.0147059 0.0147059 0.0294118 0 0.0588235 0.132353 0.235294 0.220588 0.147059 0.117647 0.0294118 0 0 0 0 0 

2240 2216 1603 103 0 0.722022 0 0 0 0 0 0 0 0 0 0 0 0 0 0 0 0 0 0 0 0 0.0144928 0.101449 0.188406 0.318841 0.246377 0.0869565 0.0434783 0 0 0 0 0 0 

2208 2180 1602 94 0 0.733945 0 0 0 0 0 0 0 0 0 0 0 0 0 0 0 0 0 0 0.0147059 0.0147059 0.0147059 0.0588235 0.191176 0.235294 0.176471 0.147059 0.0882353 0.0441176 0.0147059 0 0 0 0 

2176 2167 1601 84 0 0.738348 0 0 0 0 0 0 0 0 0 0 0 0 0 0 0 0 0 0 0 0.0149254 0.0298507 0.104478 0.0597015 0.208955 0.313433 0.149254 0.104478 0.0149254 0 0 0 0 0 

2240 2215 1602 92 0 0.722348 0 0 0 0 0 0 0 0 0 0 0 0 0 0 0 0 0 0 0 0.0289855 0.0289855 0.057971 0.202899 0.26087 0.246377 0.130435 0.0434783 0 0 0 0 0 0 

2208 2187 1602 95 0 0.731596 0 0 0 0 0 0 0 0 0 0 0 0 0 0 0 0 0 0 0 0.0294118 0.0441176 0.0147059 0.191176 0.205882 0.220588 0.235294 0.0588235 0 0 0 0 0 0 

