2240 2226 1602 89 0 0.718778 0 0 0 0 0 0 0 0 0 0 0 0 0 0 0 0.0144928 0 0 0 0.0289855 0.0289855 0.15942 0.115942 0.231884 0.173913 0.202899 0.0434783 0 0 0 0 0 0 

2240 2222 1602 96 0 0.720072 0 0 0 0 0 0 0 0 0 0 0 0 0 0 0 0 0 0.0144928 0 0 0.057971 0.15942 0.173913 0.144928 0.246377 0.101449 0.0869565 0.0144928 0 0 0 0 0 

2176 2154 1602 87 0 0.742804 0 0 0 0 0 0 0 0 0 0 0 0 0 0 0 0 0 0 0 0.0149254 0 0.0447761 0.149254 0.223881 0.268657 0.149254 0.119403 0.0149254 0.0149254 0 0 0 0 

2240 2222 1602 97 0 0.720072 0 0 0 0 0 0 0 0 0 0 0 0 0 0 0 0 0 0 0.0144928 0 0.0289855 0.130435 0.15942 0.289855 0.217391 0.101449 0.057971 0 0 0 0 0 0 

2176 2169 1601 88 0 0.737667 0 0 0 0 0 0 0 0 0 0 0 0 0 0 0 0 0 0 0 0 0.0447761 0.0597015 0.179104 0.179104 0.238806 0.19403 0.0895522 0 0.0149254 0 0 0 0 

2208 2185 1603 104 0 0.732265 0 0 0 0 0 0 0 0 0 0 0 0 0 0 0 0 0 0 0 0 0.0294118 0.102941 0.117647 0.25 0.279412 0.132353 0.0588235 0.0147059 0.0147059 0 0 0 0 

2240 2218 1602 97 0 0.721371 0 0 0 0 0 0 0 0 0 0 0 0 0 0 0 0 0 0 0 0.0144928 0.0724638 0.057971 0.188406 0.275362 0.202899 0.144928 0.0289855 0 0.0144928 0 0 0 0 

2272 2247 1602 98 0 0.712061 0 0 0 0 0 0 0 0 0 0 0 0 0 0 0 0 0 0.0142857 0.0285714 0.0285714 0.0857143 0.114286 0.1 0.271429 0.114286 0.128571 0.114286 0 0 0 0 0 0 

2208 2200 1602 91 0 0.727273 0 0 0 0 0 0 0 0 0 0 0 0 0 0 0 0 0 0 0.0147059 0 0 0.0735294 0.176471 0.338235 0.264706 0.0735294 0.0441176 0.0147059 0 0 0 0 0 

2240 2214 1602 91 0 0.722674 0 0 0 0 0 0 0 0 0 0 0 0 0 0 0 0 0.0144928 0 0 0 0.0434783 0.0434783 0.246377 0.304348 0.115942 0.130435 0.0869565 0.0144928 0 0 0 0 0 

