2240 2221 1602 89 0 0.720396 0 0 0 0 0 0 0 0 0 0 0 0 0 0 0 0 0 0.0289855 0.0289855 0.0289855 0.057971 0.0869565 0.0724638 0.217391 0.202899 0.173913 0.0724638 0.0289855 0 0 0 0 0 

2208 2196 1602 95 0 0.728597 0 0 0 0 0 0 0 0 0 0 0 0 0 0 0 0 0 0 0 0.0147059 0.0294118 0.102941 0.205882 0.205882 0.235294 0.0735294 0.0882353 0.0441176 0 0 0 0 0 

2208 2201 1600 101 0 0.726942 0 0 0 0 0 0 0 0 0 0 0 0 0 0 0 0 0 0 0 0.0294118 0.0294118 0.191176 0.117647 0.132353 0.191176 0.220588 0.0735294 0.0147059 0 0 0 0 0 

2240 2212 1603 99 0 0.723327 0 0 0 0 0 0 0 0 0 0 0 0 0 0 0 0 0 0 0 0.0434783 0.0434783 0.057971 0.202899 0.15942 0.246377 0.202899 0.0289855 0.0144928 0 0 0 0 0 

2240 2220 1602 91 0 0.720721 0 0 0 0 0 0 0 0 0 0 0 0 0 0 0 0 0 0 0.0144928 0.0144928 0.0434783 0.0724638 0.202899 0.275362 0.173913 0.130435 0.0724638 0 0 0 0 0 0 

2208 2196 1602 93 0 0.728597 0 0 0 0 0 0 0 0 0 0 0 0 0 0 0 0 0 0 0 0.0147059 0.0588235 0.0882353 0.132353 0.161765 0.308824 0.220588 0 0.0147059 0 0 0 0 0 

2240 2233 1602 94 0 0.716525 0 0 0 0 0 0 0 0 0 0 0 0 0 0 0 0 0 0.0144928 0 0.0434783 0.0144928 0.0434783 0.289855 0.231884 0.217391 0.115942 0.0289855 0 0 0 0 0 0 

2208 2180 1603 99 0 0.733945 0 0 0 0 0 0 0 0 0 0 0 0 0 0 0 0 0 0 0 0 0.0588235 0.102941 0.0735294 0.191176 0.279412 0.235294 0.0294118 0.0147059 0.0147059 0 0 0 0 

2240 2211 1602 91 0 0.723654 0 0 0 0 0 0 0 0 0 0 0 0 0 0 0 0 0 0 0.0144928 0 0.057971 0.0434783 0.231884 0.217391 0.231884 0.130435 0.057971 0 0.0144928 0 0 0 0 

2208 2198 1602 82 0 0.727934 0 0 0 0 0 0 0 0 0 0 0 0 0 0 0 0 0 0 0 0 0.0735294 0.0735294 0.132353 0.279412 0.176471 0.235294 0.0294118 0 0 0 0 0 0 

