2240 2218 1602 96 0 0.721371 0 0 0 0 0 0 0 0 0 0 0 0 0 0 0 0 0 0 0.0289855 0 0.0289855 0.0724638 0.130435 0.347826 0.246377 0.101449 0.0434783 0 0 0 0 0 0 

2208 2187 1602 98 0 0.731596 0 0 0 0 0 0 0 0 0 0 0 0 0 0 0 0 0 0 0 0 0.0441176 0.0882353 0.147059 0.176471 0.294118 0.191176 0.0588235 0 0 0 0 0 0 

2240 2215 1602 94 0 0.722348 0 0 0 0 0 0 0 0 0 0 0 0 0 0 0 0 0 0 0 0.0434783 0.0144928 0.0434783 0.231884 0.246377 0.217391 0.173913 0.0289855 0 0 0 0 0 0 

2208 2197 1601 91 0 0.728266 0 0 0 0 0 0 0 0 0 0 0 0 0 0 0 0 0 0 0 0 0.0147059 0.117647 0.220588 0.161765 0.294118 0.132353 0.0441176 0.0147059 0 0 0 0 0 

2240 2212 1602 89 0 0.723327 0 0 0 0 0 0 0 0 0 0 0 0 0 0 0 0 0 0 0 0.0434783 0.0144928 0.0869565 0.15942 0.246377 0.26087 0.130435 0.0434783 0.0144928 0 0 0 0 0 

2208 2196 1601 92 0 0.728597 0 0 0 0 0 0 0 0 0 0 0 0 0 0 0 0 0 0 0.0147059 0 0.0147059 0.132353 0.132353 0.205882 0.279412 0.161765 0.0588235 0 0 0 0 0 0 

2240 2218 1602 93 0 0.721371 0 0 0 0 0 0 0 0 0 0 0 0 0 0 0 0 0.0144928 0 0.0144928 0.0289855 0.057971 0.0724638 0.0869565 0.231884 0.275362 0.15942 0.057971 0 0 0 0 0 0 

2240 2225 1602 91 0 0.719101 0 0 0 0 0 0 0 0 0 0 0 0 0 0 0 0 0 0 0 0.0144928 0.057971 0.115942 0.246377 0.202899 0.15942 0.115942 0.057971 0.0289855 0 0 0 0 0 

2240 2223 1603 99 0 0.719748 0 0 0 0 0 0 0 0 0 0 0 0 0 0 0 0 0 0 0 0.0144928 0.057971 0.101449 0.231884 0.246377 0.115942 0.15942 0.0434783 0.0289855 0 0 0 0 0 

2208 2193 1602 96 0 0.729594 0 0 0 0 0 0 0 0 0 0 0 0 0 0 0 0 0 0 0.0294118 0.0147059 0.0735294 0.0735294 0.161765 0.117647 0.147059 0.279412 0.0735294 0.0294118 0 0 0 0 0 

