2208 2180 1602 91 0 0.733945 0 0 0 0 0 0 0 0 0 0 0 0 0 0 0 0 0 0 0.0294118 0 0.0147059 0.0882353 0.102941 0.205882 0.279412 0.191176 0.0588235 0.0147059 0.0147059 0 0 0 0 

2240 2212 1602 93 0 0.723327 0 0 0 0 0 0 0 0 0 0 0 0 0 0 0 0 0 0 0.0144928 0.0144928 0.0434783 0.0869565 0.130435 0.318841 0.217391 0.0434783 0.101449 0.0289855 0 0 0 0 0 

2208 2187 1602 91 0 0.731596 0 0 0 0 0 0 0 0 0 0 0 0 0 0 0 0 0 0 0.0294118 0 0.0147059 0.102941 0.132353 0.25 0.176471 0.161765 0.102941 0.0294118 0 0 0 0 0 

2240 2216 1602 91 0 0.722022 0 0 0 0 0 0 0 0 0 0 0 0 0 0 0 0 0 0.0144928 0.0144928 0.0289855 0.0144928 0.101449 0.101449 0.304348 0.173913 0.202899 0.0289855 0.0144928 0 0 0 0 0 

2208 2187 1603 99 0 0.731596 0 0 0 0 0 0 0 0 0 0 0 0 0 0 0 0 0 0 0 0 0.0588235 0.0588235 0.191176 0.205882 0.191176 0.191176 0.0882353 0.0147059 0 0 0 0 0 

2208 2186 1602 87 0 0.73193 0 0 0 0 0 0 0 0 0 0 0 0 0 0 0 0 0 0 0 0.0147059 0.0294118 0.0882353 0.176471 0.264706 0.147059 0.132353 0.0882353 0.0588235 0 0 0 0 0 

2240 2217 1602 97 0 0.721696 0 0 0 0 0 0 0 0 0 0 0 0 0 0 0 0 0 0 0.0144928 0.0289855 0.0724638 0.0869565 0.115942 0.231884 0.202899 0.188406 0.0289855 0.0289855 0 0 0 0 0 

2208 2199 1600 89 0 0.727603 0 0 0 0 0 0 0 0 0 0 0 0 0 0 0 0 0 0 0 0 0.0441176 0.0147059 0.338235 0.220588 0.161765 0.132353 0.0588235 0.0294118 0 0 0 0 0 

2208 2199 1602 90 0 0.727603 0 0 0 0 0 0 0 0 0 0 0 0 0 0 0 0 0 0 0 0.0147059 0.0294118 0.132353 0.176471 0.220588 0.176471 0.117647 0.132353 0 0 0 0 0 0 

2240 2218 1603 99 0 0.721371 0 0 0 0 0 0 0 0 0 0 0 0 0 0 0 0 0 0 0.0144928 0.0434783 0.0289855 0.057971 0.217391 0.173913 0.246377 0.144928 0.0724638 0 0 0 0 0 0 

