2208 2191 1602 98 0 0.73026 0 0 0 0 0 0 0 0 0 0 0 0 0 0 0 0 0 0 0 0.0294118 0 0.0588235 0.176471 0.294118 0.205882 0.161765 0.0735294 0 0 0 0 0 0 

2208 2196 1602 93 0 0.728597 0 0 0 0 0 0 0 0 0 0 0 0 0 0 0 0 0 0 0 0.0147059 0.0441176 0.0735294 0.235294 0.205882 0.147059 0.147059 0.132353 0 0 0 0 0 0 

2240 2222 1602 87 0 0.720072 0 0 0 0 0 0 0 0 0 0 0 0 0 0 0 0 0 0.0144928 0.0144928 0.0434783 0.0144928 0.0724638 0.217391 0.15942 0.246377 0.15942 0.0434783 0.0144928 0 0 0 0 0 

2240 2215 1602 98 0 0.722348 0 0 0 0 0 0 0 0 0 0 0 0 0 0 0 0 0 0 0 0.0144928 0.0434783 0.0724638 0.217391 0.231884 0.26087 0.0869565 0.057971 0.0144928 0 0 0 0 0 

2208 2198 1602 95 0 0.727934 0 0 0 0 0 0 0 0 0 0 0 0 0 0 0 0 0 0 0 0 0.0588235 0.117647 0.117647 0.264706 0.205882 0.161765 0.0588235 0.0147059 0 0 0 0 0 

2240 2230 1602 97 0 0.717489 0 0 0 0 0 0 0 0 0 0 0 0 0 0 0 0 0 0 0.0289855 0.0144928 0.0144928 0.115942 0.173913 0.289855 0.217391 0.101449 0.0434783 0 0 0 0 0 0 

2208 2199 1601 96 0 0.727603 0 0 0 0 0 0 0 0 0 0 0 0 0 0 0 0 0 0 0 0.0441176 0.0441176 0.0441176 0.161765 0.264706 0.220588 0.117647 0.0882353 0.0147059 0 0 0 0 0 

2176 2165 1602 89 0 0.73903 0 0 0 0 0 0 0 0 0 0 0 0 0 0 0 0 0 0 0 0.0447761 0.0298507 0.0447761 0.164179 0.134328 0.238806 0.179104 0.134328 0.0298507 0 0 0 0 0 

2208 2186 1603 104 0 0.73193 0 0 0 0 0 0 0 0 0 0 0 0 0 0 0 0 0 0 0.0147059 0.0147059 0.0588235 0.0735294 0.102941 0.205882 0.220588 0.176471 0.117647 0.0147059 0 0 0 0 0 

2208 2195 1603 101 0 0.728929 0 0 0 0 0 0 0 0 0 0 0 0 0 0 0 0 0 0 0 0.0294118 0.0441176 0.102941 0.161765 0.132353 0.235294 0.220588 0.0588235 0.0147059 0 0 0 0 0 

