2272 2251 1602 93 0 0.710795 0 0 0 0 0 0 0 0 0 0 0 0 0 0 0 0 0 0.0142857 0 0.0428571 0.1 0.114286 0.128571 0.214286 0.2 0.128571 0.0428571 0.0142857 0 0 0 0 0 

2208 2183 1602 88 0 0.732936 0 0 0 0 0 0 0 0 0 0 0 0 0 0 0 0 0 0 0 0 0.0735294 0.0588235 0.161765 0.191176 0.25 0.132353 0.0882353 0.0441176 0 0 0 0 0 

2208 2199 1603 101 0 0.727603 0 0 0 0 0 0 0 0 0 0 0 0 0 0 0 0 0 0 0 0.0147059 0.0735294 0.0735294 0.191176 0.176471 0.235294 0.147059 0.0441176 0.0294118 0.0147059 0 0 0 0 

2176 2161 1602 86 0 0.740398 0 0 0 0 0 0 0 0 0 0 0 0 0 0 0 0 0 0 0 0.0149254 0 0.0597015 0.104478 0.238806 0.328358 0.149254 0.104478 0 0 0 0 0 0 

2240 2227 1602 89 0 0.718455 0 0 0 0 0 0 0 0 0 0 0 0 0 0 0 0 0 0 0 0.0289855 0.0434783 0.130435 0.173913 0.318841 0.0869565 0.144928 0.057971 0 0.0144928 0 0 0 0 

2208 2197 1602 83 0 0.728266 0 0 0 0 0 0 0 0 0 0 0 0 0 0 0 0 0 0.0147059 0 0.0294118 0.0147059 0.0735294 0.117647 0.294118 0.205882 0.191176 0.0588235 0 0 0 0 0 0 

2176 2161 1602 93 0 0.740398 0 0 0 0 0 0 0 0 0 0 0 0 0 0 0 0 0 0.0149254 0 0.0149254 0.0447761 0.0447761 0.104478 0.104478 0.402985 0.104478 0.134328 0.0298507 0 0 0 0 0 

2240 2212 1602 93 0 0.723327 0 0 0 0 0 0 0 0 0 0 0 0 0 0 0 0 0 0 0 0.0289855 0.0869565 0.101449 0.144928 0.188406 0.130435 0.202899 0.115942 0 0 0 0 0 0 

2176 2159 1602 87 0 0.741084 0 0 0 0 0 0 0 0 0 0 0 0 0 0 0 0 0 0 0 0.0149254 0.0149254 0.119403 0.0447761 0.179104 0.298507 0.223881 0.0895522 0.0149254 0 0 0 0 0 

2208 2196 1602 89 0 0.728597 0 0 0 0 0 0 0 0 0 0 0 0 0 0 0 0 0 0 0 0.0147059 0 0.0882353 0.220588 0.205882 0.25 0.191176 0.0294118 0 0 0 0 0 0 

