2208 2189 1603 103 0 0.730927 0 0 0 0 0 0 0 0 0 0 0 0 0 0 0 0 0 0 0.0147059 0.0147059 0.0147059 0.0735294 0.205882 0.176471 0.205882 0.220588 0.0588235 0 0 0.0147059 0 0 0 

2240 2213 1602 97 0 0.723 0 0 0 0 0 0 0 0 0 0 0 0 0 0 0 0 0 0 0 0.0144928 0.0144928 0.0869565 0.231884 0.202899 0.275362 0.144928 0.0289855 0 0 0 0 0 0 

2240 2218 1602 93 0 0.721371 0 0 0 0 0 0 0 0 0 0 0 0 0 0 0 0 0 0 0 0.0289855 0.0144928 0.173913 0.15942 0.144928 0.275362 0.144928 0.057971 0 0 0 0 0 0 

2208 2185 1602 95 0 0.732265 0 0 0 0 0 0 0 0 0 0 0 0 0 0 0 0 0 0 0.0294118 0 0.0588235 0.0588235 0.132353 0.176471 0.279412 0.132353 0.0735294 0.0588235 0 0 0 0 0 

2208 2192 1602 95 0 0.729927 0 0 0 0 0 0 0 0 0 0 0 0 0 0 0 0 0 0 0 0.0147059 0.0441176 0.0882353 0.132353 0.25 0.220588 0.147059 0.102941 0 0 0 0 0 0 

2208 2195 1602 87 0 0.728929 0 0 0 0 0 0 0 0 0 0 0 0 0 0 0 0 0 0 0 0.0147059 0.0294118 0.132353 0.102941 0.294118 0.176471 0.132353 0.117647 0 0 0 0 0 0 

2176 2159 1602 91 0 0.741084 0 0 0 0 0 0 0 0 0 0 0 0 0 0 0 0 0 0 0 0 0.0746269 0.0298507 0.179104 0.119403 0.268657 0.134328 0.164179 0.0298507 0 0 0 0 0 

2208 2195 1602 95 0 0.728929 0 0 0 0 0 0 0 0 0 0 0 0 0 0 0 0 0 0 0 0.0147059 0.0294118 0.0294118 0.220588 0.308824 0.235294 0.0588235 0.0588235 0.0441176 0 0 0 0 0 

2208 2191 1602 93 0 0.73026 0 0 0 0 0 0 0 0 0 0 0 0 0 0 0 0 0 0 0 0.0441176 0.0294118 0.0441176 0.161765 0.220588 0.25 0.161765 0.0735294 0.0147059 0 0 0 0 0 

2208 2199 1602 89 0 0.727603 0 0 0 0 0 0 0 0 0 0 0 0 0 0 0 0 0 0 0 0 0.0588235 0.132353 0.132353 0.191176 0.220588 0.220588 0.0441176 0 0 0 0 0 0 

