2272 2250 1603 103 0 0.711111 0 0 0 0 0 0 0 0 0 0 0 0 0 0 0 0 0 0 0.0142857 0.0285714 0.0714286 0.1 0.171429 0.271429 0.214286 0.0857143 0.0285714 0.0142857 0 0 0 0 0 

2240 2228 1603 99 0 0.718133 0 0 0 0 0 0 0 0 0 0 0 0 0 0 0 0 0 0 0.0144928 0.0289855 0.0724638 0.0869565 0.188406 0.217391 0.15942 0.15942 0.057971 0.0144928 0 0 0 0 0 

2240 2232 1603 100 0 0.716846 0 0 0 0 0 0 0 0 0 0 0 0 0 0 0 0 0 0 0 0.0144928 0.0724638 0.130435 0.202899 0.231884 0.115942 0.188406 0.0434783 0 0 0 0 0 0 

2208 2200 1603 103 0 0.727273 0 0 0 0 0 0 0 0 0 0 0 0 0 0 0 0 0 0 0 0.0441176 0.0294118 0.0735294 0.161765 0.235294 0.191176 0.191176 0.0735294 0 0 0 0 0 0 

2208 2186 1602 87 0 0.73193 0 0 0 0 0 0 0 0 0 0 0 0 0 0 0 0 0 0 0.0147059 0.0147059 0.0294118 0.0441176 0.147059 0.161765 0.382353 0.132353 0.0735294 0 0 0 0 0 0 

2208 2184 1602 93 0 0.732601 0 0 0 0 0 0 0 0 0 0 0 0 0 0 0 0 0 0 0.0147059 0 0.0147059 0.0588235 0.132353 0.25 0.323529 0.132353 0.0735294 0 0 0 0 0 0 

2240 2211 1602 98 0 0.723654 0 0 0 0 0 0 0 0 0 0 0 0 0 0 0 0 0.0144928 0 0 0.0144928 0.0289855 0.115942 0.173913 0.275362 0.101449 0.130435 0.115942 0.0289855 0 0 0 0 0 

2208 2179 1602 91 0 0.734282 0 0 0 0 0 0 0 0 0 0 0 0 0 0 0 0 0 0 0 0.0147059 0.0441176 0.0882353 0.132353 0.161765 0.279412 0.161765 0.0588235 0.0588235 0 0 0 0 0 

2208 2189 1602 92 0 0.730927 0 0 0 0 0 0 0 0 0 0 0 0 0 0 0 0 0 0 0 0 0.0294118 0.0735294 0.161765 0.294118 0.176471 0.220588 0.0294118 0.0147059 0 0 0 0 0 

2240 2216 1602 87 0 0.722022 0 0 0 0 0 0 0 0 0 0 0 0 0 0 0 0 0 0 0.0144928 0.0144928 0.0434783 0.115942 0.101449 0.275362 0.231884 0.15942 0.0289855 0.0144928 0 0 0 0 0 

