2208 2193 1602 92 0 0.729594 0 0 0 0 0 0 0 0 0 0 0 0 0 0 0 0 0.0147059 0 0 0.0294118 0.0441176 0.102941 0.117647 0.132353 0.235294 0.25 0.0441176 0.0294118 0 0 0 0 0 

2176 2168 1601 92 0 0.738007 0 0 0 0 0 0 0 0 0 0 0 0 0 0 0 0 0 0 0.0149254 0.0149254 0.0149254 0.104478 0.119403 0.149254 0.208955 0.298507 0.0447761 0.0298507 0 0 0 0 0 

2208 2202 1602 103 0 0.726612 0 0 0 0 0 0 0 0 0 0 0 0 0 0 0 0 0 0 0 0.0294118 0.0588235 0.161765 0.117647 0.117647 0.205882 0.235294 0.0441176 0.0294118 0 0 0 0 0 

2176 2171 1600 96 0 0.736988 0 0 0 0 0 0 0 0 0 0 0 0 0 0 0 0 0 0 0.0149254 0.0149254 0.0149254 0.0746269 0.0746269 0.238806 0.283582 0.253731 0.0149254 0 0.0149254 0 0 0 0 

2208 2183 1602 96 0 0.732936 0 0 0 0 0 0 0 0 0 0 0 0 0 0 0 0 0 0 0 0 0.0147059 0.0882353 0.205882 0.176471 0.264706 0.132353 0.117647 0 0 0 0 0 0 

2240 2216 1602 97 0 0.722022 0 0 0 0 0 0 0 0 0 0 0 0 0 0 0 0 0 0 0.0144928 0 0.057971 0.0434783 0.246377 0.231884 0.188406 0.15942 0.057971 0 0 0 0 0 0 

2208 2195 1602 91 0 0.728929 0 0 0 0 0 0 0 0 0 0 0 0 0 0 0 0 0 0.0294118 0 0.0294118 0.0294118 0.0588235 0.0882353 0.279412 0.191176 0.205882 0.0882353 0 0 0 0 0 0 

2240 2227 1603 99 0 0.718455 0 0 0 0 0 0 0 0 0 0 0 0 0 0 0 0 0 0 0 0.0434783 0.0289855 0.0869565 0.144928 0.362319 0.173913 0.115942 0.0434783 0 0 0 0 0 0 

2240 2216 1602 93 0 0.722022 0 0 0 0 0 0 0 0 0 0 0 0 0 0 0 0 0 0 0.0144928 0.0144928 0.0434783 0.115942 0.144928 0.188406 0.275362 0.15942 0.0289855 0.0144928 0 0 0 0 0 

2208 2179 1602 94 0 0.734282 0 0 0 0 0 0 0 0 0 0 0 0 0 0 0 0 0 0 0.0147059 0 0.0588235 0.0441176 0.161765 0.235294 0.161765 0.161765 0.117647 0.0441176 0 0 0 0 0 

