2240 2217 1603 102 0 0.721696 0 0 0 0 0 0 0 0 0 0 0 0 0 0 0 0 0 0 0 0.0289855 0.0724638 0.130435 0.15942 0.101449 0.246377 0.173913 0.0869565 0 0 0 0 0 0 

2208 2180 1602 94 0 0.733945 0 0 0 0 0 0 0 0 0 0 0 0 0 0 0 0 0 0 0 0 0.0294118 0.0882353 0.132353 0.191176 0.279412 0.220588 0.0588235 0 0 0 0 0 0 

2240 2219 1602 96 0 0.721045 0 0 0 0 0 0 0 0 0 0 0 0 0 0 0 0 0 0 0.0144928 0 0.057971 0.115942 0.188406 0.15942 0.26087 0.144928 0.057971 0 0 0 0 0 0 

2208 2185 1602 88 0 0.732265 0 0 0 0 0 0 0 0 0 0 0 0 0 0 0 0 0 0 0 0.0147059 0.0441176 0.0882353 0.117647 0.25 0.191176 0.176471 0.102941 0.0147059 0 0 0 0 0 

2240 2216 1602 91 0 0.722022 0 0 0 0 0 0 0 0 0 0 0 0 0 0 0 0 0 0 0 0 0.057971 0.15942 0.188406 0.15942 0.202899 0.130435 0.0869565 0.0144928 0 0 0 0 0 

2208 2202 1601 96 0 0.726612 0 0 0 0 0 0 0 0 0 0 0 0 0 0 0 0 0 0 0 0.0294118 0.0294118 0.117647 0.132353 0.220588 0.279412 0.102941 0.0882353 0 0 0 0 0 0 

2240 2223 1603 100 0 0.719748 0 0 0 0 0 0 0 0 0 0 0 0 0 0 0 0 0 0 0.0144928 0.0144928 0.0434783 0.15942 0.0724638 0.246377 0.304348 0.101449 0.0289855 0 0.0144928 0 0 0 0 

2240 2218 1603 107 0 0.721371 0 0 0 0 0 0 0 0 0 0 0 0 0 0 0 0 0 0 0.0289855 0 0.0144928 0.115942 0.26087 0.173913 0.15942 0.15942 0.057971 0.0289855 0 0 0 0 0 

2208 2193 1602 88 0 0.729594 0 0 0 0 0 0 0 0 0 0 0 0 0 0 0 0 0 0 0.0147059 0 0.0441176 0.0882353 0.161765 0.205882 0.205882 0.191176 0.0882353 0 0 0 0 0 0 

2272 2245 1602 92 0 0.712695 0 0 0 0 0 0 0 0 0 0 0 0 0 0 0 0 0 0.0142857 0 0.0285714 0.0857143 0.0714286 0.185714 0.214286 0.228571 0.142857 0.0285714 0 0 0 0 0 0 

