2208 2194 1602 87 0 0.729262 0 0 0 0 0 0 0 0 0 0 0 0 0 0 0 0 0 0 0 0 0.0441176 0.0882353 0.132353 0.352941 0.147059 0.132353 0.0882353 0.0147059 0 0 0 0 0 

2240 2226 1602 88 0 0.718778 0 0 0 0 0 0 0 0 0 0 0 0 0 0 0 0 0 0 0 0.0434783 0.0434783 0.057971 0.231884 0.217391 0.26087 0.0869565 0.057971 0 0 0 0 0 0 

2240 2233 1601 100 0 0.716525 0 0 0 0 0 0 0 0 0 0 0 0 0 0 0 0 0 0 0.0289855 0.0289855 0.0434783 0.0869565 0.144928 0.289855 0.231884 0.0869565 0.057971 0 0 0 0 0 0 

2240 2233 1600 101 0 0.716525 0 0 0 0 0 0 0 0 0 0 0 0 0 0 0 0 0 0.0144928 0.0144928 0.0289855 0.057971 0.0724638 0.202899 0.173913 0.275362 0.115942 0.0144928 0.0289855 0 0 0 0 0 

2176 2161 1602 89 0 0.740398 0 0 0 0 0 0 0 0 0 0 0 0 0 0 0 0 0 0 0.0149254 0.0149254 0.0149254 0.0746269 0.104478 0.19403 0.283582 0.134328 0.119403 0.0447761 0 0 0 0 0 

2208 2187 1602 98 0 0.731596 0 0 0 0 0 0 0 0 0 0 0 0 0 0 0 0 0 0 0.0147059 0.0147059 0.0147059 0.0735294 0.191176 0.264706 0.117647 0.161765 0.117647 0.0294118 0 0 0 0 0 

2176 2161 1602 89 0 0.740398 0 0 0 0 0 0 0 0 0 0 0 0 0 0 0 0 0 0 0.0149254 0.0149254 0.0298507 0.0746269 0.104478 0.238806 0.179104 0.149254 0.149254 0.0149254 0.0298507 0 0 0 0 

2240 2228 1603 108 0 0.718133 0 0 0 0 0 0 0 0 0 0 0 0 0 0 0 0 0 0 0 0 0.0869565 0.101449 0.217391 0.217391 0.202899 0.115942 0.0434783 0.0144928 0 0 0 0 0 

2208 2196 1602 90 0 0.728597 0 0 0 0 0 0 0 0 0 0 0 0 0 0 0 0 0 0 0.0147059 0 0.0441176 0.0588235 0.191176 0.25 0.176471 0.191176 0.0735294 0 0 0 0 0 0 

2208 2191 1602 94 0 0.73026 0 0 0 0 0 0 0 0 0 0 0 0 0 0 0 0 0 0 0.0147059 0.0294118 0.0294118 0.117647 0.102941 0.205882 0.176471 0.220588 0.0735294 0.0294118 0 0 0 0 0 

