2208 2200 1602 88 0 0.727273 0 0 0 0 0 0 0 0 0 0 0 0 0 0 0 0 0 0 0.0147059 0.0147059 0.0147059 0.147059 0.102941 0.264706 0.220588 0.132353 0.0588235 0.0294118 0 0 0 0 0 

2208 2185 1602 84 0 0.732265 0 0 0 0 0 0 0 0 0 0 0 0 0 0 0 0 0 0 0 0 0.0147059 0.0882353 0.176471 0.25 0.205882 0.176471 0.0882353 0 0 0 0 0 0 

2208 2202 1602 93 0 0.726612 0 0 0 0 0 0 0 0 0 0 0 0 0 0 0 0 0 0.0147059 0 0 0 0.161765 0.205882 0.205882 0.176471 0.132353 0.0735294 0.0147059 0.0147059 0 0 0 0 

2208 2190 1602 92 0 0.730594 0 0 0 0 0 0 0 0 0 0 0 0 0 0 0 0 0 0 0 0.0294118 0.0441176 0.0735294 0.147059 0.161765 0.294118 0.176471 0.0441176 0.0294118 0 0 0 0 0 

2208 2180 1602 98 0 0.733945 0 0 0 0 0 0 0 0 0 0 0 0 0 0 0 0 0 0 0 0 0.0588235 0.0441176 0.235294 0.132353 0.205882 0.191176 0.117647 0.0147059 0 0 0 0 0 

2208 2190 1602 95 0 0.730594 0 0 0 0 0 0 0 0 0 0 0 0 0 0 0 0 0 0 0 0 0.0588235 0.0735294 0.147059 0.220588 0.25 0.191176 0.0441176 0.0147059 0 0 0 0 0 

2240 2212 1602 93 0 0.723327 0 0 0 0 0 0 0 0 0 0 0 0 0 0 0 0 0 0 0 0.0289855 0.0289855 0.057971 0.144928 0.333333 0.26087 0.0869565 0.0434783 0.0144928 0 0 0 0 0 

2240 2213 1602 94 0 0.723 0 0 0 0 0 0 0 0 0 0 0 0 0 0 0 0 0 0 0.0144928 0.0144928 0.0144928 0.0869565 0.173913 0.289855 0.188406 0.173913 0.0434783 0 0 0 0 0 0 

2240 2232 1602 96 0 0.716846 0 0 0 0 0 0 0 0 0 0 0 0 0 0 0 0 0 0.0144928 0 0.0434783 0.0434783 0.144928 0.202899 0.173913 0.101449 0.173913 0.101449 0 0 0 0 0 0 

2176 2154 1602 96 0 0.742804 0 0 0 0 0 0 0 0 0 0 0 0 0 0 0 0 0 0 0 0 0.0298507 0.0447761 0.164179 0.179104 0.223881 0.253731 0.0447761 0.0597015 0 0 0 0 0 

