2208 2198 1602 98 0 0.727934 0 0 0 0 0 0 0 0 0 0 0 0 0 0 0 0 0 0.0147059 0 0.0441176 0 0.0147059 0.220588 0.25 0.264706 0.117647 0.0441176 0.0294118 0 0 0 0 0 

2208 2203 1601 94 0 0.726282 0 0 0 0 0 0 0 0 0 0 0 0 0 0 0 0 0.0147059 0 0 0.0147059 0.0588235 0.0882353 0.161765 0.205882 0.220588 0.0882353 0.147059 0 0 0 0 0 0 

2208 2191 1602 93 0 0.73026 0 0 0 0 0 0 0 0 0 0 0 0 0 0 0 0 0 0 0 0 0.0735294 0.0588235 0.147059 0.191176 0.352941 0.0735294 0.0882353 0.0147059 0 0 0 0 0 

2240 2211 1602 95 0 0.723654 0 0 0 0 0 0 0 0 0 0 0 0 0 0 0 0 0 0 0 0.0144928 0.0434783 0.130435 0.15942 0.188406 0.246377 0.130435 0.0724638 0.0144928 0 0 0 0 0 

2176 2163 1602 94 0 0.739713 0 0 0 0 0 0 0 0 0 0 0 0 0 0 0 0 0 0 0 0.0149254 0.0298507 0.0298507 0.149254 0.223881 0.223881 0.238806 0.0746269 0.0149254 0 0 0 0 0 

2240 2212 1602 91 0 0.723327 0 0 0 0 0 0 0 0 0 0 0 0 0 0 0 0 0 0 0 0.0144928 0.0434783 0.0434783 0.289855 0.188406 0.188406 0.173913 0.0434783 0.0144928 0 0 0 0 0 

2240 2220 1603 102 0 0.720721 0 0 0 0 0 0 0 0 0 0 0 0 0 0 0 0 0 0 0 0.0289855 0.0289855 0.115942 0.202899 0.173913 0.289855 0.101449 0.0289855 0.0289855 0 0 0 0 0 

2240 2218 1602 98 0 0.721371 0 0 0 0 0 0 0 0 0 0 0 0 0 0 0 0 0 0 0 0 0.0724638 0.130435 0.130435 0.217391 0.26087 0.15942 0.0144928 0.0144928 0 0 0 0 0 

2208 2196 1602 89 0 0.728597 0 0 0 0 0 0 0 0 0 0 0 0 0 0 0 0 0 0 0 0.0294118 0.0147059 0.0735294 0.191176 0.25 0.205882 0.147059 0.0882353 0 0 0 0 0 0 

2240 2219 1602 98 0 0.721045 0 0 0 0 0 0 0 0 0 0 0 0 0 0 0 0 0 0 0 0.0144928 0.0869565 0.0724638 0.173913 0.246377 0.231884 0.0724638 0.0869565 0.0144928 0 0 0 0 0 

