2208 2202 1601 99 0 0.726612 0 0 0 0 0 0 0 0 0 0 0 0 0 0 0 0 0.0147059 0 0.0147059 0.0147059 0.0735294 0.0441176 0.191176 0.161765 0.205882 0.147059 0.102941 0.0294118 0 0 0 0 0 

2240 2224 1603 102 0 0.719424 0 0 0 0 0 0 0 0 0 0 0 0 0 0 0 0 0 0 0.0144928 0.0144928 0.0144928 0.101449 0.202899 0.26087 0.231884 0.130435 0.0289855 0 0 0 0 0 0 

2208 2191 1602 89 0 0.73026 0 0 0 0 0 0 0 0 0 0 0 0 0 0 0 0 0 0 0 0 0.0588235 0.0735294 0.191176 0.191176 0.235294 0.147059 0.0882353 0.0147059 0 0 0 0 0 

2208 2192 1603 101 0 0.729927 0 0 0 0 0 0 0 0 0 0 0 0 0 0 0 0 0 0 0.0294118 0.0147059 0.0441176 0.0294118 0.0882353 0.323529 0.264706 0.0882353 0.0882353 0.0294118 0 0 0 0 0 

2240 2227 1602 84 0 0.718455 0 0 0 0 0 0 0 0 0 0 0 0 0 0 0 0 0 0 0.0434783 0.0144928 0.0434783 0.0724638 0.246377 0.15942 0.188406 0.15942 0.057971 0.0144928 0 0 0 0 0 

2240 2230 1603 103 0 0.717489 0 0 0 0 0 0 0 0 0 0 0 0 0 0 0 0 0 0 0.0144928 0.057971 0.057971 0.0724638 0.173913 0.202899 0.217391 0.130435 0.057971 0.0144928 0 0 0 0 0 

2208 2198 1602 93 0 0.727934 0 0 0 0 0 0 0 0 0 0 0 0 0 0 0 0 0 0 0 0.0294118 0.0294118 0.102941 0.191176 0.220588 0.147059 0.176471 0.0735294 0.0294118 0 0 0 0 0 

2208 2200 1600 89 0 0.727273 0 0 0 0 0 0 0 0 0 0 0 0 0 0 0 0 0 0 0 0.0147059 0.0294118 0.161765 0.117647 0.220588 0.220588 0.147059 0.0735294 0.0147059 0 0 0 0 0 

2208 2192 1602 95 0 0.729927 0 0 0 0 0 0 0 0 0 0 0 0 0 0 0 0 0 0 0 0.0147059 0 0.0735294 0.220588 0.161765 0.382353 0.102941 0.0147059 0.0294118 0 0 0 0 0 

2208 2202 1602 89 0 0.726612 0 0 0 0 0 0 0 0 0 0 0 0 0 0 0 0 0 0 0 0 0.0441176 0.117647 0.147059 0.264706 0.235294 0.132353 0.0441176 0.0147059 0 0 0 0 0 

