2240 2215 1602 95 0 0.722348 0 0 0 0 0 0 0 0 0 0 0 0 0 0 0 0 0 0 0.0144928 0 0.0434783 0.115942 0.15942 0.26087 0.202899 0.130435 0.0434783 0.0289855 0 0 0 0 0 

2272 2245 1603 99 0 0.712695 0 0 0 0 0 0 0 0 0 0 0 0 0 0 0 0 0 0 0.0285714 0.0285714 0.0428571 0.128571 0.214286 0.185714 0.157143 0.128571 0.0714286 0.0142857 0 0 0 0 0 

2240 2217 1602 98 0 0.721696 0 0 0 0 0 0 0 0 0 0 0 0 0 0 0 0 0 0 0 0.0144928 0.0434783 0.057971 0.26087 0.246377 0.15942 0.173913 0.0289855 0.0144928 0 0 0 0 0 

2240 2220 1602 90 0 0.720721 0 0 0 0 0 0 0 0 0 0 0 0 0 0 0 0 0 0 0.0144928 0 0.0434783 0.101449 0.15942 0.289855 0.217391 0.130435 0.0434783 0 0 0 0 0 0 

2208 2198 1600 87 0 0.727934 0 0 0 0 0 0 0 0 0 0 0 0 0 0 0 0 0.0147059 0 0.0147059 0 0.0441176 0.0294118 0.205882 0.220588 0.220588 0.176471 0.0588235 0.0147059 0 0 0 0 0 

2176 2162 1602 95 0 0.740056 0 0 0 0 0 0 0 0 0 0 0 0 0 0 0 0 0 0 0 0 0.0597015 0.0597015 0.104478 0.208955 0.253731 0.164179 0.134328 0.0149254 0 0 0 0 0 

2240 2218 1602 93 0 0.721371 0 0 0 0 0 0 0 0 0 0 0 0 0 0 0 0 0 0 0 0.0144928 0.057971 0.057971 0.275362 0.173913 0.217391 0.144928 0.0434783 0.0144928 0 0 0 0 0 

2176 2173 1600 100 0 0.736309 0 0 0 0 0 0 0 0 0 0 0 0 0 0 0 0 0 0 0 0.0149254 0.0447761 0.0746269 0.134328 0.179104 0.253731 0.179104 0.119403 0 0 0 0 0 0 

2272 2250 1602 97 0 0.711111 0 0 0 0 0 0 0 0 0 0 0 0 0 0 0 0 0 0 0.0285714 0.0285714 0.0285714 0.114286 0.214286 0.214286 0.242857 0.1 0.0285714 0 0 0 0 0 0 

2240 2217 1602 92 0 0.721696 0 0 0 0 0 0 0 0 0 0 0 0 0 0 0 0 0 0 0 0.0434783 0.0724638 0.0724638 0.130435 0.231884 0.231884 0.144928 0.057971 0.0144928 0 0 0 0 0 

