2208 2180 1602 94 0 0.733945 0 0 0 0 0 0 0 0 0 0 0 0 0 0 0 0 0 0 0 0.0294118 0 0.0882353 0.176471 0.176471 0.191176 0.235294 0.102941 0 0 0 0 0 0 

2208 2200 1602 98 0 0.727273 0 0 0 0 0 0 0 0 0 0 0 0 0 0 0 0 0 0 0 0.0147059 0 0.132353 0.220588 0.205882 0.220588 0.117647 0.0588235 0.0294118 0 0 0 0 0 

2240 2221 1602 98 0 0.720396 0 0 0 0 0 0 0 0 0 0 0 0 0 0 0 0 0 0 0 0 0.057971 0.130435 0.15942 0.217391 0.289855 0.115942 0.0144928 0.0144928 0 0 0 0 0 

2208 2183 1602 94 0 0.732936 0 0 0 0 0 0 0 0 0 0 0 0 0 0 0 0 0 0 0 0.0294118 0.0294118 0.0882353 0.102941 0.235294 0.264706 0.102941 0.117647 0.0294118 0 0 0 0 0 

2208 2199 1602 99 0 0.727603 0 0 0 0 0 0 0 0 0 0 0 0 0 0 0 0 0 0 0 0 0.0147059 0.132353 0.191176 0.25 0.191176 0.117647 0.102941 0 0 0 0 0 0 

2240 2222 1603 99 0 0.720072 0 0 0 0 0 0 0 0 0 0 0 0 0 0 0 0 0 0 0 0.0289855 0.0869565 0.101449 0.144928 0.202899 0.246377 0.115942 0.0289855 0.0289855 0.0144928 0 0 0 0 

2240 2229 1603 102 0 0.717811 0 0 0 0 0 0 0 0 0 0 0 0 0 0 0 0 0 0 0 0 0.057971 0.144928 0.188406 0.275362 0.188406 0.057971 0.0724638 0.0144928 0 0 0 0 0 

2240 2226 1603 108 0 0.718778 0 0 0 0 0 0 0 0 0 0 0 0 0 0 0 0 0.0144928 0 0 0.0289855 0.0724638 0.0724638 0.130435 0.202899 0.275362 0.202899 0 0 0 0 0 0 0 

2208 2181 1602 89 0 0.733608 0 0 0 0 0 0 0 0 0 0 0 0 0 0 0 0 0 0 0 0 0.0588235 0.0882353 0.147059 0.176471 0.205882 0.191176 0.132353 0 0 0 0 0 0 

2240 2213 1602 95 0 0.723 0 0 0 0 0 0 0 0 0 0 0 0 0 0 0 0 0 0 0 0.0144928 0.057971 0.0869565 0.202899 0.173913 0.246377 0.144928 0.0724638 0 0 0 0 0 0 

