2240 2221 1602 98 0 0.720396 0 0 0 0 0 0 0 0 0 0 0 0 0 0 0 0 0 0 0.0289855 0.0144928 0.0289855 0.0724638 0.202899 0.217391 0.26087 0.130435 0.0289855 0.0144928 0 0 0 0 0 

2240 2214 1602 89 0 0.722674 0 0 0 0 0 0 0 0 0 0 0 0 0 0 0 0 0 0.0144928 0 0.0144928 0 0.115942 0.202899 0.217391 0.217391 0.173913 0.0289855 0.0144928 0 0 0 0 0 

2272 2249 1603 101 0 0.711427 0 0 0 0 0 0 0 0 0 0 0 0 0 0 0 0 0 0.0285714 0 0.0285714 0.0571429 0.0857143 0.171429 0.285714 0.185714 0.0857143 0.0714286 0 0 0 0 0 0 

2176 2163 1601 80 0 0.739713 0 0 0 0 0 0 0 0 0 0 0 0 0 0 0 0 0 0 0 0.0149254 0.0298507 0.0746269 0.134328 0.179104 0.19403 0.298507 0.0447761 0.0298507 0 0 0 0 0 

2240 2216 1603 99 0 0.722022 0 0 0 0 0 0 0 0 0 0 0 0 0 0 0 0 0 0 0 0 0.0869565 0.0724638 0.173913 0.26087 0.217391 0.115942 0.0434783 0.0289855 0 0 0 0 0 

2240 2214 1602 91 0 0.722674 0 0 0 0 0 0 0 0 0 0 0 0 0 0 0 0 0 0 0.0144928 0.0144928 0.0724638 0.057971 0.173913 0.202899 0.231884 0.15942 0.0724638 0 0 0 0 0 0 

2208 2180 1602 93 0 0.733945 0 0 0 0 0 0 0 0 0 0 0 0 0 0 0 0 0 0 0 0 0.0294118 0.132353 0.161765 0.176471 0.147059 0.235294 0.0882353 0.0147059 0.0147059 0 0 0 0 

2208 2189 1602 92 0 0.730927 0 0 0 0 0 0 0 0 0 0 0 0 0 0 0 0 0 0 0 0.0147059 0.0294118 0.0882353 0.0882353 0.367647 0.132353 0.205882 0.0588235 0.0147059 0 0 0 0 0 

2208 2192 1602 98 0 0.729927 0 0 0 0 0 0 0 0 0 0 0 0 0 0 0 0 0 0 0 0 0.0441176 0.0588235 0.176471 0.264706 0.220588 0.176471 0.0588235 0 0 0 0 0 0 

2208 2199 1602 101 0 0.727603 0 0 0 0 0 0 0 0 0 0 0 0 0 0 0 0 0 0 0.0294118 0.0294118 0.0147059 0.102941 0.161765 0.235294 0.132353 0.161765 0.0882353 0.0294118 0.0147059 0 0 0 0 

