2208 2188 1602 89 0 0.731261 0 0 0 0 0 0 0 0 0 0 0 0 0 0 0 0 0 0 0 0.0147059 0.0147059 0.0735294 0.132353 0.279412 0.279412 0.132353 0.0735294 0 0 0 0 0 0 

2240 2220 1602 92 0 0.720721 0 0 0 0 0 0 0 0 0 0 0 0 0 0 0 0 0 0 0 0.0144928 0.0724638 0.115942 0.188406 0.173913 0.188406 0.188406 0.057971 0 0 0 0 0 0 

2208 2198 1602 90 0 0.727934 0 0 0 0 0 0 0 0 0 0 0 0 0 0 0 0 0 0 0 0.0147059 0.0588235 0.0588235 0.235294 0.191176 0.191176 0.117647 0.132353 0 0 0 0 0 0 

2208 2196 1602 94 0 0.728597 0 0 0 0 0 0 0 0 0 0 0 0 0 0 0 0 0 0 0 0.0147059 0.0882353 0.0735294 0.161765 0.205882 0.176471 0.161765 0.0735294 0.0441176 0 0 0 0 0 

2208 2199 1602 85 0 0.727603 0 0 0 0 0 0 0 0 0 0 0 0 0 0 0 0 0 0 0 0.0147059 0.0294118 0.102941 0.191176 0.220588 0.191176 0.191176 0.0441176 0.0147059 0 0 0 0 0 

2176 2166 1602 91 0 0.738689 0 0 0 0 0 0 0 0 0 0 0 0 0 0 0 0 0 0 0 0.0298507 0.0298507 0.104478 0.0746269 0.19403 0.19403 0.268657 0.0746269 0.0298507 0 0 0 0 0 

2208 2196 1602 97 0 0.728597 0 0 0 0 0 0 0 0 0 0 0 0 0 0 0 0 0 0 0.0147059 0 0.0588235 0.0735294 0.161765 0.235294 0.235294 0.117647 0.0588235 0.0441176 0 0 0 0 0 

2240 2220 1603 99 0 0.720721 0 0 0 0 0 0 0 0 0 0 0 0 0 0 0 0 0 0 0 0.057971 0.0289855 0.101449 0.101449 0.289855 0.231884 0.130435 0.0434783 0.0144928 0 0 0 0 0 

2176 2163 1602 91 0 0.739713 0 0 0 0 0 0 0 0 0 0 0 0 0 0 0 0 0 0 0 0 0.0149254 0.0447761 0.179104 0.19403 0.298507 0.164179 0.104478 0 0 0 0 0 0 

2208 2202 1600 99 0 0.726612 0 0 0 0 0 0 0 0 0 0 0 0 0 0 0 0 0 0 0 0.0294118 0.0441176 0.102941 0.191176 0.176471 0.176471 0.205882 0.0441176 0.0294118 0 0 0 0 0 

