2272 2252 1602 95 0 0.71048 0 0 0 0 0 0 0 0 0 0 0 0 0 0 0 0 0 0 0 0.0142857 0.0571429 0.157143 0.228571 0.228571 0.171429 0.114286 0.0285714 0 0 0 0 0 0 

2240 2218 1602 92 0 0.721371 0 0 0 0 0 0 0 0 0 0 0 0 0 0 0 0 0 0 0.0144928 0.0144928 0.0869565 0.0434783 0.217391 0.217391 0.173913 0.144928 0.057971 0.0144928 0.0144928 0 0 0 0 

2208 2194 1603 100 0 0.729262 0 0 0 0 0 0 0 0 0 0 0 0 0 0 0 0 0 0 0 0.0147059 0.0882353 0.0441176 0.161765 0.25 0.220588 0.0882353 0.0882353 0.0147059 0.0147059 0.0147059 0 0 0 

2176 2170 1600 86 0 0.737327 0 0 0 0 0 0 0 0 0 0 0 0 0 0 0 0 0 0 0 0.0298507 0.0447761 0.0746269 0.119403 0.208955 0.19403 0.179104 0.104478 0.0447761 0 0 0 0 0 

2208 2192 1602 92 0 0.729927 0 0 0 0 0 0 0 0 0 0 0 0 0 0 0 0 0 0 0.0147059 0.0147059 0.0294118 0.0735294 0.102941 0.308824 0.235294 0.147059 0.0441176 0.0147059 0.0147059 0 0 0 0 

2208 2191 1602 95 0 0.73026 0 0 0 0 0 0 0 0 0 0 0 0 0 0 0 0 0 0 0 0.0294118 0.0441176 0.0882353 0.132353 0.191176 0.25 0.176471 0.0588235 0.0294118 0 0 0 0 0 

2176 2172 1601 102 0 0.736648 0 0 0 0 0 0 0 0 0 0 0 0 0 0 0 0 0 0 0 0 0.0597015 0.0895522 0.119403 0.119403 0.343284 0.164179 0.104478 0 0 0 0 0 0 

2240 2223 1603 103 0 0.719748 0 0 0 0 0 0 0 0 0 0 0 0 0 0 0 0 0 0 0.0144928 0 0.0289855 0.173913 0.217391 0.144928 0.217391 0.115942 0.057971 0.0289855 0 0 0 0 0 

2240 2221 1602 92 0 0.720396 0 0 0 0 0 0 0 0 0 0 0 0 0 0 0 0 0 0 0.0434783 0.0144928 0.0289855 0.115942 0.188406 0.173913 0.217391 0.0869565 0.101449 0.0289855 0 0 0 0 0 

2208 2184 1603 102 0 0.732601 0 0 0 0 0 0 0 0 0 0 0 0 0 0 0 0 0 0 0 0 0.0588235 0.0294118 0.205882 0.191176 0.264706 0.132353 0.102941 0.0147059 0 0 0 0 0 

