2240 2211 1602 95 0 0.723654 0 0 0 0 0 0 0 0 0 0 0 0 0 0 0 0 0 0.0144928 0.0144928 0.0144928 0.0144928 0.0869565 0.115942 0.289855 0.231884 0.15942 0.057971 0 0 0 0 0 0 

2240 2218 1603 102 0 0.721371 0 0 0 0 0 0 0 0 0 0 0 0 0 0 0 0 0 0 0 0.0144928 0.0289855 0.0724638 0.26087 0.188406 0.26087 0.144928 0.0289855 0 0 0 0 0 0 

2208 2185 1602 90 0 0.732265 0 0 0 0 0 0 0 0 0 0 0 0 0 0 0 0 0 0 0.0147059 0.0147059 0.0147059 0.0735294 0.132353 0.220588 0.294118 0.147059 0.0588235 0.0294118 0 0 0 0 0 

2208 2194 1602 95 0 0.729262 0 0 0 0 0 0 0 0 0 0 0 0 0 0 0 0 0 0 0.0147059 0.0147059 0.0441176 0.0441176 0.161765 0.191176 0.323529 0.147059 0.0441176 0.0147059 0 0 0 0 0 

2240 2213 1603 103 0 0.723 0 0 0 0 0 0 0 0 0 0 0 0 0 0 0 0 0 0 0 0.0434783 0.057971 0.0289855 0.173913 0.217391 0.318841 0.0869565 0.0434783 0.0289855 0 0 0 0 0 

2240 2224 1602 93 0 0.719424 0 0 0 0 0 0 0 0 0 0 0 0 0 0 0 0 0 0.0144928 0.0144928 0.0289855 0.0434783 0.0869565 0.144928 0.246377 0.202899 0.15942 0.0434783 0.0144928 0 0 0 0 0 

2240 2213 1602 97 0 0.723 0 0 0 0 0 0 0 0 0 0 0 0 0 0 0 0 0 0 0 0.0289855 0.0869565 0.0434783 0.144928 0.26087 0.217391 0.130435 0.0724638 0.0144928 0 0 0 0 0 

2240 2216 1602 85 0 0.722022 0 0 0 0 0 0 0 0 0 0 0 0 0 0 0 0 0 0 0.0144928 0.057971 0.0289855 0.057971 0.231884 0.115942 0.231884 0.188406 0.057971 0.0144928 0 0 0 0 0 

2208 2189 1602 96 0 0.730927 0 0 0 0 0 0 0 0 0 0 0 0 0 0 0 0 0.0147059 0 0 0.0294118 0.0588235 0.0441176 0.0882353 0.235294 0.235294 0.191176 0.0882353 0.0147059 0 0 0 0 0 

2208 2195 1602 93 0 0.728929 0 0 0 0 0 0 0 0 0 0 0 0 0 0 0 0 0 0 0.0147059 0.0147059 0.0441176 0.0735294 0.102941 0.338235 0.191176 0.102941 0.0735294 0.0441176 0 0 0 0 0 

