2176 2163 1602 92 0 0.739713 0 0 0 0 0 0 0 0 0 0 0 0 0 0 0 0 0 0 0 0 0.0149254 0.0447761 0.149254 0.268657 0.238806 0.223881 0.0298507 0.0149254 0.0149254 0 0 0 0 

2208 2198 1602 94 0 0.727934 0 0 0 0 0 0 0 0 0 0 0 0 0 0 0 0 0 0 0 0.0147059 0.0735294 0.0882353 0.147059 0.191176 0.25 0.132353 0.0882353 0.0147059 0 0 0 0 0 

2272 2261 1603 104 0 0.707651 0 0 0 0 0 0 0 0 0 0 0 0 0 0 0 0 0.0142857 0 0.0285714 0 0.114286 0.114286 0.171429 0.228571 0.157143 0.114286 0.0285714 0.0285714 0 0 0 0 0 

2208 2203 1600 91 0 0.726282 0 0 0 0 0 0 0 0 0 0 0 0 0 0 0 0 0 0 0 0.0294118 0.0294118 0.0441176 0.235294 0.220588 0.264706 0.102941 0.0735294 0 0 0 0 0 0 

2240 2213 1602 96 0 0.723 0 0 0 0 0 0 0 0 0 0 0 0 0 0 0 0 0 0.0144928 0.0289855 0.0144928 0.057971 0.057971 0.130435 0.173913 0.318841 0.0869565 0.101449 0.0144928 0 0 0 0 0 

2208 2200 1600 92 0 0.727273 0 0 0 0 0 0 0 0 0 0 0 0 0 0 0 0 0 0 0 0 0.0441176 0.0882353 0.176471 0.25 0.264706 0.117647 0.0441176 0.0147059 0 0 0 0 0 

2208 2203 1601 98 0 0.726282 0 0 0 0 0 0 0 0 0 0 0 0 0 0 0 0 0 0 0 0.0147059 0.0441176 0.0735294 0.235294 0.205882 0.235294 0.0882353 0.0882353 0.0147059 0 0 0 0 0 

2240 2232 1602 89 0 0.716846 0 0 0 0 0 0 0 0 0 0 0 0 0 0 0 0 0 0 0 0.0434783 0.0144928 0.115942 0.26087 0.202899 0.188406 0.130435 0.0434783 0 0 0 0 0 0 

2208 2179 1602 86 0 0.734282 0 0 0 0 0 0 0 0 0 0 0 0 0 0 0 0 0 0 0.0147059 0 0.0294118 0.0735294 0.147059 0.220588 0.220588 0.161765 0.102941 0.0294118 0 0 0 0 0 

2208 2193 1603 103 0 0.729594 0 0 0 0 0 0 0 0 0 0 0 0 0 0 0 0 0 0 0 0.0147059 0.0294118 0.117647 0.117647 0.220588 0.264706 0.176471 0.0294118 0.0294118 0 0 0 0 0 

