2208 2199 1600 91 0 0.727603 0 0 0 0 0 0 0 0 0 0 0 0 0 0 0 0 0 0 0 0 0.0294118 0.102941 0.220588 0.235294 0.191176 0.117647 0.102941 0 0 0 0 0 0 

2208 2203 1600 86 0 0.726282 0 0 0 0 0 0 0 0 0 0 0 0 0 0 0 0 0 0 0 0.0147059 0.0441176 0.102941 0.25 0.176471 0.117647 0.191176 0.102941 0 0 0 0 0 0 

2208 2198 1602 84 0 0.727934 0 0 0 0 0 0 0 0 0 0 0 0 0 0 0 0 0 0 0 0.0147059 0.0441176 0.0882353 0.205882 0.191176 0.205882 0.161765 0.0735294 0.0147059 0 0 0 0 0 

2176 2154 1602 87 0 0.742804 0 0 0 0 0 0 0 0 0 0 0 0 0 0 0 0 0 0 0 0 0.0149254 0.0746269 0.164179 0.208955 0.164179 0.223881 0.0895522 0.0597015 0 0 0 0 0 

2240 2215 1602 93 0 0.722348 0 0 0 0 0 0 0 0 0 0 0 0 0 0 0 0 0 0 0 0.0144928 0.0434783 0.101449 0.15942 0.246377 0.231884 0.173913 0.0289855 0 0 0 0 0 0 

2240 2218 1602 95 0 0.721371 0 0 0 0 0 0 0 0 0 0 0 0 0 0 0 0 0 0 0 0.0289855 0.0434783 0.130435 0.15942 0.202899 0.188406 0.188406 0.057971 0 0 0 0 0 0 

2240 2216 1602 95 0 0.722022 0 0 0 0 0 0 0 0 0 0 0 0 0 0 0 0 0 0 0 0 0.0434783 0.130435 0.188406 0.275362 0.130435 0.144928 0.0869565 0 0 0 0 0 0 

2208 2188 1602 91 0 0.731261 0 0 0 0 0 0 0 0 0 0 0 0 0 0 0 0 0 0.0147059 0 0.0294118 0.0147059 0.117647 0.102941 0.25 0.176471 0.147059 0.0882353 0.0588235 0 0 0 0 0 

2208 2183 1602 91 0 0.732936 0 0 0 0 0 0 0 0 0 0 0 0 0 0 0 0 0 0 0 0 0.0735294 0.0735294 0.117647 0.176471 0.264706 0.220588 0.0588235 0.0147059 0 0 0 0 0 

2240 2211 1602 89 0 0.723654 0 0 0 0 0 0 0 0 0 0 0 0 0 0 0 0 0 0 0 0.0144928 0.0869565 0.115942 0.115942 0.15942 0.246377 0.202899 0.0434783 0.0144928 0 0 0 0 0 

