2240 2230 1602 87 0 0.717489 0 0 0 0 0 0 0 0 0 0 0 0 0 0 0 0 0 0.0144928 0.0144928 0.0434783 0.057971 0.0869565 0.130435 0.275362 0.115942 0.188406 0.0724638 0 0 0 0 0 0 

2240 2217 1603 106 0 0.721696 0 0 0 0 0 0 0 0 0 0 0 0 0 0 0 0 0 0 0.0144928 0 0.0289855 0.0724638 0.188406 0.304348 0.217391 0.144928 0.0289855 0 0 0 0 0 0 

2176 2168 1601 90 0 0.738007 0 0 0 0 0 0 0 0 0 0 0 0 0 0 0 0 0 0 0.0149254 0 0.0298507 0.0149254 0.179104 0.223881 0.253731 0.19403 0.0746269 0.0149254 0 0 0 0 0 

2208 2196 1602 85 0 0.728597 0 0 0 0 0 0 0 0 0 0 0 0 0 0 0 0 0 0 0 0.0147059 0.0441176 0.102941 0.191176 0.220588 0.161765 0.132353 0.102941 0.0294118 0 0 0 0 0 

2208 2185 1603 103 0 0.732265 0 0 0 0 0 0 0 0 0 0 0 0 0 0 0 0 0 0 0 0.0147059 0.0588235 0.0588235 0.176471 0.102941 0.338235 0.161765 0.0588235 0.0147059 0.0147059 0 0 0 0 

2208 2193 1603 99 0 0.729594 0 0 0 0 0 0 0 0 0 0 0 0 0 0 0 0 0 0 0.0147059 0 0.0588235 0.0882353 0.161765 0.161765 0.25 0.161765 0.0735294 0.0294118 0 0 0 0 0 

2176 2168 1601 98 0 0.738007 0 0 0 0 0 0 0 0 0 0 0 0 0 0 0 0 0 0 0.0149254 0.0149254 0.0149254 0.0149254 0.149254 0.238806 0.328358 0.104478 0.104478 0.0149254 0 0 0 0 0 

2240 2228 1602 93 0 0.718133 0 0 0 0 0 0 0 0 0 0 0 0 0 0 0 0 0 0.0144928 0 0.0289855 0.0869565 0.0724638 0.130435 0.26087 0.231884 0.0869565 0.0869565 0 0 0 0 0 0 

2208 2200 1602 89 0 0.727273 0 0 0 0 0 0 0 0 0 0 0 0 0 0 0 0 0 0 0 0.0147059 0.0294118 0.0735294 0.191176 0.279412 0.220588 0.102941 0.0882353 0 0 0 0 0 0 

2208 2181 1602 98 0 0.733608 0 0 0 0 0 0 0 0 0 0 0 0 0 0 0 0 0 0 0 0 0.0147059 0.0735294 0.176471 0.264706 0.220588 0.132353 0.102941 0.0147059 0 0 0 0 0 

