2176 2157 1602 84 0 0.741771 0 0 0 0 0 0 0 0 0 0 0 0 0 0 0 0 0 0 0 0.0447761 0.0298507 0.0447761 0.0746269 0.223881 0.208955 0.19403 0.164179 0.0149254 0 0 0 0 0 

2208 2190 1602 98 0 0.730594 0 0 0 0 0 0 0 0 0 0 0 0 0 0 0 0 0 0 0 0.0147059 0.0294118 0.0882353 0.220588 0.161765 0.205882 0.161765 0.102941 0.0147059 0 0 0 0 0 

2208 2193 1602 90 0 0.729594 0 0 0 0 0 0 0 0 0 0 0 0 0 0 0 0 0 0 0.0147059 0.0147059 0.0441176 0.0882353 0.0735294 0.308824 0.205882 0.132353 0.117647 0 0 0 0 0 0 

2240 2212 1602 90 0 0.723327 0 0 0 0 0 0 0 0 0 0 0 0 0 0 0 0 0 0 0 0 0.0289855 0.0869565 0.217391 0.246377 0.246377 0.144928 0.0144928 0.0144928 0 0 0 0 0 

2240 2221 1602 89 0 0.720396 0 0 0 0 0 0 0 0 0 0 0 0 0 0 0 0 0 0.0144928 0.0144928 0.0144928 0.0434783 0.0724638 0.202899 0.202899 0.188406 0.217391 0.0144928 0.0144928 0 0 0 0 0 

2208 2202 1601 90 0 0.726612 0 0 0 0 0 0 0 0 0 0 0 0 0 0 0 0 0 0 0 0.0147059 0.0441176 0.102941 0.176471 0.220588 0.220588 0.147059 0.0588235 0.0147059 0 0 0 0 0 

2240 2218 1602 93 0 0.721371 0 0 0 0 0 0 0 0 0 0 0 0 0 0 0 0 0 0 0.0144928 0.0289855 0.0289855 0.130435 0.130435 0.188406 0.26087 0.173913 0.0434783 0 0 0 0 0 0 

2240 2212 1602 95 0 0.723327 0 0 0 0 0 0 0 0 0 0 0 0 0 0 0 0 0 0 0.0144928 0.0289855 0.057971 0.0869565 0.115942 0.202899 0.275362 0.130435 0.0724638 0.0144928 0 0 0 0 0 

2272 2244 1602 89 0 0.713012 0 0 0 0 0 0 0 0 0 0 0 0 0 0 0 0 0 0.0142857 0.0142857 0.0142857 0.0714286 0.1 0.185714 0.2 0.228571 0.128571 0.0142857 0.0285714 0 0 0 0 0 

2272 2246 1603 101 0 0.712378 0 0 0 0 0 0 0 0 0 0 0 0 0 0 0 0 0 0 0 0.0571429 0.0714286 0.128571 0.0857143 0.271429 0.214286 0.128571 0.0428571 0 0 0 0 0 0 

