2240 2230 1602 100 0 0.717489 0 0 0 0 0 0 0 0 0 0 0 0 0 0 0 0 0.0144928 0 0.0144928 0 0.0289855 0.0289855 0.246377 0.376812 0.130435 0.130435 0.0289855 0 0 0 0 0 0 

2208 2191 1602 95 0 0.73026 0 0 0 0 0 0 0 0 0 0 0 0 0 0 0 0 0 0 0.0147059 0 0.0147059 0.0735294 0.235294 0.147059 0.323529 0.0882353 0.0735294 0.0294118 0 0 0 0 0 

2240 2213 1602 98 0 0.723 0 0 0 0 0 0 0 0 0 0 0 0 0 0 0.0144928 0 0 0 0 0.0289855 0.0144928 0.130435 0.101449 0.275362 0.173913 0.188406 0.0434783 0.0289855 0 0 0 0 0 

2208 2183 1602 95 0 0.732936 0 0 0 0 0 0 0 0 0 0 0 0 0 0 0 0 0 0 0 0.0147059 0.0441176 0.0441176 0.147059 0.220588 0.235294 0.25 0.0294118 0.0147059 0 0 0 0 0 

2208 2182 1602 95 0 0.733272 0 0 0 0 0 0 0 0 0 0 0 0 0 0 0 0 0 0 0 0 0.0294118 0.102941 0.161765 0.161765 0.279412 0.176471 0.0588235 0.0294118 0 0 0 0 0 

2240 2211 1602 92 0 0.723654 0 0 0 0 0 0 0 0 0 0 0 0 0 0 0 0 0 0 0.0144928 0.0144928 0.0434783 0.115942 0.115942 0.275362 0.173913 0.144928 0.0869565 0.0144928 0 0 0 0 0 

2208 2191 1602 89 0 0.73026 0 0 0 0 0 0 0 0 0 0 0 0 0 0 0 0 0 0 0 0.0147059 0.0882353 0.0441176 0.102941 0.279412 0.191176 0.191176 0.0735294 0.0147059 0 0 0 0 0 

2208 2200 1603 101 0 0.727273 0 0 0 0 0 0 0 0 0 0 0 0 0 0 0 0 0 0 0 0 0.0588235 0.102941 0.205882 0.117647 0.308824 0.132353 0.0588235 0.0147059 0 0 0 0 0 

2208 2196 1602 95 0 0.728597 0 0 0 0 0 0 0 0 0 0 0 0 0 0 0 0 0 0 0 0 0.0441176 0.0735294 0.147059 0.308824 0.279412 0.0735294 0.0441176 0.0147059 0.0147059 0 0 0 0 

2208 2189 1602 88 0 0.730927 0 0 0 0 0 0 0 0 0 0 0 0 0 0 0 0 0 0 0 0 0.0735294 0.0882353 0.117647 0.205882 0.279412 0.132353 0.0735294 0.0294118 0 0 0 0 0 

