2208 2197 1603 105 0 0.728266 0 0 0 0 0 0 0 0 0 0 0 0 0 0 0 0 0 0 0 0.0441176 0.0294118 0.0882353 0.191176 0.176471 0.191176 0.161765 0.0882353 0.0294118 0 0 0 0 0 

2240 2227 1603 101 0 0.718455 0 0 0 0 0 0 0 0 0 0 0 0 0 0 0 0 0 0 0.0144928 0.0289855 0.0289855 0.101449 0.231884 0.217391 0.188406 0.0869565 0.101449 0 0 0 0 0 0 

2208 2194 1602 84 0 0.729262 0 0 0 0 0 0 0 0 0 0 0 0 0 0 0 0 0 0.0147059 0.0147059 0.0147059 0.0441176 0.0294118 0.25 0.117647 0.235294 0.176471 0.0441176 0.0588235 0 0 0 0 0 

2208 2197 1602 84 0 0.728266 0 0 0 0 0 0 0 0 0 0 0 0 0 0 0 0 0 0 0 0 0.0294118 0.0882353 0.176471 0.25 0.25 0.176471 0.0294118 0 0 0 0 0 0 

2208 2195 1602 91 0 0.728929 0 0 0 0 0 0 0 0 0 0 0 0 0 0 0 0 0 0.0147059 0.0147059 0.0147059 0.0588235 0.0882353 0.0882353 0.176471 0.25 0.191176 0.102941 0 0 0 0 0 0 

2240 2216 1602 98 0 0.722022 0 0 0 0 0 0 0 0 0 0 0 0 0 0 0 0 0 0 0 0 0.0434783 0.130435 0.217391 0.173913 0.217391 0.188406 0.0144928 0 0.0144928 0 0 0 0 

2208 2197 1600 100 0 0.728266 0 0 0 0 0 0 0 0 0 0 0 0 0 0 0 0 0 0.0147059 0 0.0147059 0.0294118 0.102941 0.161765 0.191176 0.25 0.102941 0.117647 0.0147059 0 0 0 0 0 

2240 2211 1602 89 0 0.723654 0 0 0 0 0 0 0 0 0 0 0 0 0 0 0 0 0 0 0 0.0144928 0.057971 0.057971 0.173913 0.246377 0.231884 0.188406 0.0289855 0 0 0 0 0 0 

2240 2218 1602 94 0 0.721371 0 0 0 0 0 0 0 0 0 0 0 0 0 0 0 0 0 0 0 0.0144928 0.057971 0.101449 0.173913 0.217391 0.246377 0.144928 0.0289855 0.0144928 0 0 0 0 0 

2208 2196 1602 96 0 0.728597 0 0 0 0 0 0 0 0 0 0 0 0 0 0 0 0 0 0 0 0.0441176 0.0147059 0.117647 0.161765 0.132353 0.294118 0.132353 0.0882353 0.0147059 0 0 0 0 0 

