2240 2217 1603 99 0 0.721696 0 0 0 0 0 0 0 0 0 0 0 0 0 0 0 0 0 0 0 0.0289855 0.057971 0.101449 0.144928 0.26087 0.188406 0.115942 0.0869565 0.0144928 0 0 0 0 0 

2208 2192 1602 97 0 0.729927 0 0 0 0 0 0 0 0 0 0 0 0 0 0 0 0 0 0 0 0.0294118 0.0588235 0.117647 0.102941 0.235294 0.132353 0.191176 0.0882353 0.0441176 0 0 0 0 0 

2240 2216 1603 103 0 0.722022 0 0 0 0 0 0 0 0 0 0 0 0 0 0 0 0 0 0 0 0 0.0434783 0.144928 0.144928 0.246377 0.231884 0.130435 0.0434783 0.0144928 0 0 0 0 0 

2208 2202 1600 93 0 0.726612 0 0 0 0 0 0 0 0 0 0 0 0 0 0 0 0 0 0 0.0294118 0 0.0588235 0.0441176 0.205882 0.205882 0.235294 0.117647 0.0882353 0.0147059 0 0 0 0 0 

2208 2191 1602 86 0 0.73026 0 0 0 0 0 0 0 0 0 0 0 0 0 0 0 0 0 0 0.0147059 0 0.0441176 0.0735294 0.147059 0.205882 0.25 0.220588 0.0294118 0.0147059 0 0 0 0 0 

2208 2202 1600 94 0 0.726612 0 0 0 0 0 0 0 0 0 0 0 0 0 0 0 0 0 0 0 0.0588235 0.0441176 0.0882353 0.132353 0.205882 0.132353 0.294118 0.0441176 0 0 0 0 0 0 

2272 2256 1603 100 0 0.70922 0 0 0 0 0 0 0 0 0 0 0 0 0 0 0 0 0 0 0.0285714 0.0142857 0.0428571 0.142857 0.214286 0.228571 0.185714 0.114286 0.0285714 0 0 0 0 0 0 

2208 2191 1603 101 0 0.73026 0 0 0 0 0 0 0 0 0 0 0 0 0 0 0 0 0 0 0 0.0147059 0.0147059 0.0735294 0.161765 0.264706 0.220588 0.205882 0.0441176 0 0 0 0 0 0 

2208 2181 1602 82 0 0.733608 0 0 0 0 0 0 0 0 0 0 0 0 0 0 0 0 0 0 0 0.0147059 0.0147059 0.0882353 0.132353 0.235294 0.220588 0.205882 0.0882353 0 0 0 0 0 0 

2240 2216 1602 97 0 0.722022 0 0 0 0 0 0 0 0 0 0 0 0 0 0 0 0 0 0 0.0144928 0.0434783 0.0289855 0.0869565 0.130435 0.202899 0.289855 0.15942 0.0434783 0 0 0 0 0 0 

