2240 2216 1601 80 0 0.722022 0 0 0 0 0 0 0 0 0 0 0 0 0 0 0 0 0 0.0144928 0.0144928 0.0144928 0.057971 0.0869565 0.202899 0.188406 0.144928 0.15942 0.0724638 0.0434783 0 0 0 0 0 

2240 2214 1602 93 0 0.722674 0 0 0 0 0 0 0 0 0 0 0 0 0 0 0 0 0 0 0 0.0289855 0.0289855 0.0724638 0.246377 0.15942 0.289855 0.115942 0.0289855 0.0289855 0 0 0 0 0 

2208 2187 1602 95 0 0.731596 0 0 0 0 0 0 0 0 0 0 0 0 0 0 0 0 0 0 0 0.0441176 0.0441176 0 0.235294 0.132353 0.279412 0.161765 0.0735294 0.0294118 0 0 0 0 0 

2240 2225 1602 95 0 0.719101 0 0 0 0 0 0 0 0 0 0 0 0 0 0 0 0 0 0 0 0.0144928 0.0724638 0.115942 0.115942 0.231884 0.333333 0.0869565 0.0289855 0 0 0 0 0 0 

2208 2186 1602 88 0 0.73193 0 0 0 0 0 0 0 0 0 0 0 0 0 0 0 0 0 0 0 0.0147059 0.0441176 0.132353 0.117647 0.235294 0.102941 0.220588 0.102941 0.0147059 0.0147059 0 0 0 0 

2208 2201 1601 93 0 0.726942 0 0 0 0 0 0 0 0 0 0 0 0 0 0 0 0 0 0 0 0 0.117647 0.102941 0.102941 0.176471 0.264706 0.132353 0.0882353 0.0147059 0 0 0 0 0 

2208 2190 1602 96 0 0.730594 0 0 0 0 0 0 0 0 0 0 0 0 0 0 0 0 0 0 0 0.0147059 0.0294118 0.102941 0.132353 0.264706 0.132353 0.264706 0.0588235 0 0 0 0 0 0 

2208 2191 1602 93 0 0.73026 0 0 0 0 0 0 0 0 0 0 0 0 0 0 0 0 0 0 0 0.0147059 0 0.117647 0.191176 0.176471 0.25 0.176471 0.0735294 0 0 0 0 0 0 

2208 2183 1602 93 0 0.732936 0 0 0 0 0 0 0 0 0 0 0 0 0 0 0 0 0 0 0.0147059 0.0294118 0.0441176 0.0588235 0.147059 0.147059 0.220588 0.205882 0.117647 0.0147059 0 0 0 0 0 

2208 2182 1602 92 0 0.733272 0 0 0 0 0 0 0 0 0 0 0 0 0 0 0 0 0 0.0147059 0 0 0 0.117647 0.0882353 0.264706 0.264706 0.147059 0.0882353 0.0147059 0 0 0 0 0 

