2208 2194 1602 94 0 0.729262 0 0 0 0 0 0 0 0 0 0 0 0 0 0 0 0 0 0 0 0 0.0588235 0.147059 0.147059 0.132353 0.264706 0.117647 0.117647 0.0147059 0 0 0 0 0 

2176 2166 1602 91 0 0.738689 0 0 0 0 0 0 0 0 0 0 0 0 0 0 0 0 0 0 0 0.0149254 0.0149254 0.0447761 0.19403 0.164179 0.253731 0.238806 0.0597015 0.0149254 0 0 0 0 0 

2208 2202 1602 99 0 0.726612 0 0 0 0 0 0 0 0 0 0 0 0 0 0 0 0 0 0 0.0147059 0.0147059 0.0294118 0.0441176 0.25 0.235294 0.161765 0.161765 0.0882353 0 0 0 0 0 0 

2208 2190 1602 96 0 0.730594 0 0 0 0 0 0 0 0 0 0 0 0 0 0 0 0 0 0 0.0147059 0.0147059 0.0147059 0.102941 0.117647 0.161765 0.382353 0.102941 0.0882353 0 0 0 0 0 0 

2240 2227 1603 108 0 0.718455 0 0 0 0 0 0 0 0 0 0 0 0 0 0 0 0 0.0144928 0 0 0 0.0289855 0.15942 0.15942 0.217391 0.246377 0.144928 0.0289855 0 0 0 0 0 0 

2208 2201 1603 100 0 0.726942 0 0 0 0 0 0 0 0 0 0 0 0 0 0 0 0 0 0 0 0.0147059 0.0735294 0.117647 0.0882353 0.220588 0.220588 0.205882 0.0588235 0 0 0 0 0 0 

2208 2193 1602 92 0 0.729594 0 0 0 0 0 0 0 0 0 0 0 0 0 0 0 0 0 0 0 0.0147059 0.0294118 0.0441176 0.25 0.220588 0.205882 0.132353 0.0882353 0.0147059 0 0 0 0 0 

2208 2190 1603 102 0 0.730594 0 0 0 0 0 0 0 0 0 0 0 0 0 0.0147059 0 0 0 0 0 0.0294118 0 0.0588235 0.147059 0.308824 0.147059 0.176471 0.0735294 0.0441176 0 0 0 0 0 

2208 2182 1602 94 0 0.733272 0 0 0 0 0 0 0 0 0 0 0 0 0 0 0 0 0 0 0 0 0.0441176 0.0588235 0.147059 0.25 0.235294 0.176471 0.0735294 0.0147059 0 0 0 0 0 

2208 2192 1602 86 0 0.729927 0 0 0 0 0 0 0 0 0 0 0 0 0 0 0 0 0 0 0 0.0294118 0.0294118 0.102941 0.147059 0.161765 0.294118 0.147059 0.0588235 0.0294118 0 0 0 0 0 

