2240 2220 1602 86 0 0.720721 0 0 0 0 0 0 0 0 0 0 0 0 0 0 0 0 0 0 0 0 0.057971 0.115942 0.173913 0.246377 0.217391 0.15942 0.0289855 0 0 0 0 0 0 

2240 2220 1602 98 0 0.720721 0 0 0 0 0 0 0 0 0 0 0 0 0 0 0 0 0 0 0 0 0.101449 0.115942 0.15942 0.246377 0.101449 0.188406 0.0869565 0 0 0 0 0 0 

2208 2197 1602 89 0 0.728266 0 0 0 0 0 0 0 0 0 0 0 0 0 0 0 0 0 0 0 0.0441176 0.0147059 0.0588235 0.220588 0.161765 0.25 0.191176 0.0588235 0 0 0 0 0 0 

2240 2213 1602 94 0 0.723 0 0 0 0 0 0 0 0 0 0 0 0 0 0 0 0 0 0 0 0.0289855 0.0144928 0.0869565 0.188406 0.318841 0.15942 0.130435 0.0434783 0.0289855 0 0 0 0 0 

2240 2218 1602 96 0 0.721371 0 0 0 0 0 0 0 0 0 0 0 0 0 0 0 0 0 0 0 0.0144928 0.0144928 0.188406 0.144928 0.26087 0.144928 0.15942 0.057971 0.0144928 0 0 0 0 0 

2208 2185 1602 98 0 0.732265 0 0 0 0 0 0 0 0 0 0 0 0 0 0 0 0 0 0.0147059 0 0.0147059 0.0294118 0.0882353 0.102941 0.191176 0.235294 0.264706 0.0588235 0 0 0 0 0 0 

2240 2216 1602 95 0 0.722022 0 0 0 0 0 0 0 0 0 0 0 0 0 0 0 0 0 0.0144928 0 0.0434783 0.057971 0.0289855 0.15942 0.217391 0.275362 0.144928 0.0434783 0.0144928 0 0 0 0 0 

2176 2162 1602 91 0 0.740056 0 0 0 0 0 0 0 0 0 0 0 0 0 0 0 0 0 0 0 0.0149254 0.0597015 0.0447761 0.134328 0.164179 0.268657 0.149254 0.134328 0.0149254 0.0149254 0 0 0 0 

2240 2217 1602 96 0 0.721696 0 0 0 0 0 0 0 0 0 0 0 0 0 0 0 0 0 0 0 0.0289855 0.0434783 0.057971 0.246377 0.231884 0.202899 0.115942 0.0289855 0.0434783 0 0 0 0 0 

2208 2185 1602 90 0 0.732265 0 0 0 0 0 0 0 0 0 0 0 0 0 0 0 0 0 0 0 0 0.0588235 0.132353 0.102941 0.220588 0.191176 0.117647 0.161765 0.0147059 0 0 0 0 0 

