2208 2202 1601 92 0 0.726612 0 0 0 0 0 0 0 0 0 0 0 0 0 0 0 0 0 0.0147059 0 0.0147059 0.0441176 0.0441176 0.176471 0.264706 0.220588 0.176471 0.0294118 0.0147059 0 0 0 0 0 

2208 2201 1602 91 0 0.726942 0 0 0 0 0 0 0 0 0 0 0 0 0 0 0.0147059 0 0 0 0 0.0441176 0.0147059 0.0588235 0.132353 0.279412 0.235294 0.117647 0.0882353 0.0147059 0 0 0 0 0 

2208 2201 1601 91 0 0.726942 0 0 0 0 0 0 0 0 0 0 0 0 0 0 0 0 0 0 0 0.0147059 0.0735294 0.102941 0.102941 0.25 0.235294 0.147059 0.0441176 0.0294118 0 0 0 0 0 

2208 2197 1601 95 0 0.728266 0 0 0 0 0 0 0 0 0 0 0 0 0 0 0 0 0 0 0 0.0441176 0.0147059 0.0882353 0.191176 0.191176 0.25 0.117647 0.0588235 0.0441176 0 0 0 0 0 

2240 2213 1602 96 0 0.723 0 0 0 0 0 0 0 0 0 0 0 0 0 0 0 0 0 0 0.0144928 0.0144928 0.0144928 0.144928 0.15942 0.246377 0.188406 0.115942 0.057971 0.0434783 0 0 0 0 0 

2208 2187 1602 94 0 0.731596 0 0 0 0 0 0 0 0 0 0 0 0 0 0 0 0 0 0 0 0.0147059 0.0441176 0.0735294 0.102941 0.25 0.264706 0.176471 0.0735294 0 0 0 0 0 0 

2208 2195 1602 92 0 0.728929 0 0 0 0 0 0 0 0 0 0 0 0 0 0 0 0 0 0 0.0147059 0 0.0147059 0.117647 0.132353 0.294118 0.205882 0.117647 0.0882353 0.0147059 0 0 0 0 0 

2240 2229 1603 101 0 0.717811 0 0 0 0 0 0 0 0 0 0 0 0 0 0 0 0 0 0 0.0144928 0.0144928 0.0434783 0.101449 0.202899 0.26087 0.217391 0.057971 0.0869565 0 0 0 0 0 0 

2208 2190 1602 96 0 0.730594 0 0 0 0 0 0 0 0 0 0 0 0 0 0 0 0 0 0.0147059 0 0.0441176 0.0147059 0.0588235 0.191176 0.161765 0.220588 0.161765 0.102941 0.0294118 0 0 0 0 0 

2240 2220 1602 92 0 0.720721 0 0 0 0 0 0 0 0 0 0 0 0 0 0 0 0 0 0 0.0144928 0.0434783 0.0434783 0.0724638 0.15942 0.217391 0.246377 0.130435 0.0724638 0 0 0 0 0 0 

