2240 2212 1602 94 0 0.723327 0 0 0 0 0 0 0 0 0 0 0 0 0 0 0 0 0 0 0.0289855 0.0144928 0.057971 0.101449 0.15942 0.217391 0.115942 0.188406 0.0724638 0.0289855 0.0144928 0 0 0 0 

2208 2187 1603 99 0 0.731596 0 0 0 0 0 0 0 0 0 0 0 0 0 0 0 0.0147059 0 0 0 0.0147059 0.0441176 0.0441176 0.161765 0.161765 0.25 0.25 0.0147059 0.0441176 0 0 0 0 0 

2240 2219 1602 93 0 0.721045 0 0 0 0 0 0 0 0 0 0 0 0 0 0 0 0 0 0 0 0 0.0724638 0.173913 0.15942 0.144928 0.202899 0.173913 0.057971 0.0144928 0 0 0 0 0 

2208 2179 1602 96 0 0.734282 0 0 0 0 0 0 0 0 0 0 0 0 0 0 0 0 0 0 0 0.0147059 0.0735294 0.0294118 0.191176 0.117647 0.264706 0.176471 0.102941 0.0294118 0 0 0 0 0 

2240 2213 1602 87 0 0.723 0 0 0 0 0 0 0 0 0 0 0 0 0 0 0 0 0 0 0.0144928 0.0144928 0.0144928 0.130435 0.130435 0.246377 0.26087 0.115942 0.0724638 0 0 0 0 0 0 

2208 2198 1602 90 0 0.727934 0 0 0 0 0 0 0 0 0 0 0 0 0 0 0 0 0 0.0147059 0 0.0147059 0.0441176 0.0441176 0.147059 0.264706 0.264706 0.132353 0.0735294 0 0 0 0 0 0 

2208 2186 1602 92 0 0.73193 0 0 0 0 0 0 0 0 0 0 0 0 0 0 0 0 0 0 0 0.0147059 0.0441176 0.0588235 0.191176 0.205882 0.205882 0.161765 0.0882353 0.0294118 0 0 0 0 0 

2176 2170 1600 83 0 0.737327 0 0 0 0 0 0 0 0 0 0 0 0 0 0 0 0 0 0 0 0.0298507 0.0298507 0.119403 0.0895522 0.208955 0.134328 0.253731 0.119403 0.0149254 0 0 0 0 0 

2240 2219 1603 102 0 0.721045 0 0 0 0 0 0 0 0 0 0 0 0 0 0 0 0 0 0.0144928 0.0144928 0.0434783 0.0289855 0.0724638 0.217391 0.202899 0.130435 0.15942 0.0724638 0.0289855 0.0144928 0 0 0 0 

2240 2215 1602 96 0 0.722348 0 0 0 0 0 0 0 0 0 0 0 0 0 0 0 0 0 0 0 0.0144928 0.0144928 0.101449 0.231884 0.304348 0.15942 0.0724638 0.057971 0.0434783 0 0 0 0 0 

