2208 2202 1600 93 0 0.726612 0 0 0 0 0 0 0 0 0 0 0 0 0 0 0 0 0 0 0 0.0294118 0.117647 0.0588235 0.161765 0.147059 0.205882 0.132353 0.132353 0.0147059 0 0 0 0 0 

2208 2186 1602 94 0 0.73193 0 0 0 0 0 0 0 0 0 0 0 0 0 0 0 0 0 0 0.0147059 0.0147059 0.0588235 0.0294118 0.117647 0.220588 0.308824 0.132353 0.0882353 0.0147059 0 0 0 0 0 

2208 2193 1602 84 0 0.729594 0 0 0 0 0 0 0 0 0 0 0 0 0 0 0 0 0.0147059 0 0 0.0147059 0 0.102941 0.205882 0.191176 0.176471 0.191176 0.0882353 0.0147059 0 0 0 0 0 

2208 2199 1600 88 0 0.727603 0 0 0 0 0 0 0 0 0 0 0 0 0 0 0 0 0 0 0.0294118 0 0.0147059 0.117647 0.161765 0.176471 0.235294 0.220588 0.0441176 0 0 0 0 0 0 

2272 2252 1602 95 0 0.71048 0 0 0 0 0 0 0 0 0 0 0 0 0 0 0 0 0 0 0 0.0571429 0.0857143 0.128571 0.142857 0.228571 0.185714 0.114286 0.0428571 0.0142857 0 0 0 0 0 

2208 2188 1602 96 0 0.731261 0 0 0 0 0 0 0 0 0 0 0 0 0 0 0 0 0 0 0 0.0147059 0 0.102941 0.176471 0.205882 0.279412 0.132353 0.0735294 0.0147059 0 0 0 0 0 

2208 2180 1602 96 0 0.733945 0 0 0 0 0 0 0 0 0 0 0 0 0 0 0 0 0 0 0.0147059 0.0294118 0 0.0588235 0.132353 0.308824 0.161765 0.132353 0.132353 0.0294118 0 0 0 0 0 

2240 2220 1602 96 0 0.720721 0 0 0 0 0 0 0 0 0 0 0 0 0 0 0 0 0 0 0 0.0144928 0.0289855 0.15942 0.173913 0.246377 0.130435 0.202899 0.0289855 0.0144928 0 0 0 0 0 

2240 2215 1603 102 0 0.722348 0 0 0 0 0 0 0 0 0 0 0 0 0 0 0 0 0 0 0.0144928 0 0.0289855 0.15942 0.15942 0.217391 0.15942 0.188406 0.057971 0.0144928 0 0 0 0 0 

2176 2162 1602 85 0 0.740056 0 0 0 0 0 0 0 0 0 0 0 0 0 0 0 0 0 0 0 0 0.0298507 0.0447761 0.164179 0.19403 0.298507 0.149254 0.104478 0 0.0149254 0 0 0 0 

