2208 2196 1602 98 0 0.728597 0 0 0 0 0 0 0 0 0 0 0 0 0 0 0 0 0 0 0.0147059 0.0147059 0.0147059 0.147059 0.117647 0.220588 0.220588 0.132353 0.102941 0.0147059 0 0 0 0 0 

2240 2223 1603 100 0 0.719748 0 0 0 0 0 0 0 0 0 0 0 0 0 0 0 0 0 0 0 0.0144928 0.0289855 0.101449 0.202899 0.275362 0.231884 0.115942 0.0144928 0.0144928 0 0 0 0 0 

2208 2196 1603 106 0 0.728597 0 0 0 0 0 0 0 0 0 0 0 0 0 0 0 0 0 0 0 0.0294118 0.0441176 0.117647 0.191176 0.147059 0.147059 0.235294 0.0441176 0.0147059 0.0294118 0 0 0 0 

2208 2189 1602 92 0 0.730927 0 0 0 0 0 0 0 0 0 0 0 0 0 0 0 0 0 0 0.0147059 0.0294118 0.0588235 0.0588235 0.147059 0.191176 0.220588 0.132353 0.0882353 0.0441176 0.0147059 0 0 0 0 

2208 2193 1602 96 0 0.729594 0 0 0 0 0 0 0 0 0 0 0 0 0 0 0 0 0 0 0 0 0.0882353 0.0882353 0.102941 0.220588 0.205882 0.235294 0.0588235 0 0 0 0 0 0 

2240 2213 1602 96 0 0.723 0 0 0 0 0 0 0 0 0 0 0 0 0 0 0 0 0 0 0 0 0.057971 0.101449 0.173913 0.173913 0.362319 0.057971 0.0724638 0 0 0 0 0 0 

2240 2231 1600 104 0 0.717167 0 0 0 0 0 0 0 0 0 0 0 0 0 0 0 0 0 0 0.0289855 0.0144928 0.0724638 0.15942 0.101449 0.231884 0.144928 0.173913 0.0434783 0.0289855 0 0 0 0 0 

2176 2158 1602 83 0 0.741427 0 0 0 0 0 0 0 0 0 0 0 0 0 0 0 0 0 0 0 0 0.0447761 0.0447761 0.104478 0.223881 0.238806 0.253731 0.0746269 0.0149254 0 0 0 0 0 

2208 2184 1602 94 0 0.732601 0 0 0 0 0 0 0 0 0 0 0 0 0 0 0 0 0 0 0.0147059 0.0147059 0.0441176 0.0588235 0.132353 0.220588 0.205882 0.191176 0.102941 0.0147059 0 0 0 0 0 

2208 2191 1602 89 0 0.73026 0 0 0 0 0 0 0 0 0 0 0 0 0 0 0 0 0 0 0 0 0.0735294 0.0882353 0.147059 0.161765 0.294118 0.132353 0.0882353 0.0147059 0 0 0 0 0 

