2208 2200 1602 89 0 0.727273 0 0 0 0 0 0 0 0 0 0 0 0 0 0 0 0 0 0.0147059 0 0.0147059 0.0294118 0.0735294 0.147059 0.323529 0.161765 0.147059 0.0735294 0.0147059 0 0 0 0 0 

2176 2165 1602 97 0 0.73903 0 0 0 0 0 0 0 0 0 0 0 0 0 0 0 0 0 0.0149254 0 0 0.0149254 0.0746269 0.119403 0.208955 0.283582 0.164179 0.0895522 0.0298507 0 0 0 0 0 

2208 2185 1603 100 0 0.732265 0 0 0 0 0 0 0 0 0 0 0 0 0 0 0 0 0 0 0 0 0.0294118 0.0441176 0.205882 0.338235 0.102941 0.161765 0.0735294 0.0441176 0 0 0 0 0 

2240 2231 1602 88 0 0.717167 0 0 0 0 0 0 0 0 0 0 0 0 0 0 0 0 0 0 0 0.0289855 0.0724638 0.115942 0.188406 0.217391 0.188406 0.144928 0.0144928 0.0289855 0 0 0 0 0 

2240 2221 1602 91 0 0.720396 0 0 0 0 0 0 0 0 0 0 0 0 0 0 0 0 0 0 0 0.0144928 0.0434783 0.0434783 0.26087 0.304348 0.173913 0.115942 0.0144928 0.0289855 0 0 0 0 0 

2208 2179 1602 84 0 0.734282 0 0 0 0 0 0 0 0 0 0 0 0 0 0 0 0 0 0 0 0 0.0441176 0.0882353 0.117647 0.191176 0.279412 0.176471 0.102941 0 0 0 0 0 0 

2240 2212 1603 99 0 0.723327 0 0 0 0 0 0 0 0 0 0 0 0 0 0 0 0 0 0 0 0 0.0869565 0.057971 0.188406 0.202899 0.231884 0.188406 0.0434783 0 0 0 0 0 0 

2176 2164 1602 89 0 0.739372 0 0 0 0 0 0 0 0 0 0 0 0 0 0 0 0 0 0 0 0 0.0447761 0.0597015 0.0895522 0.223881 0.298507 0.223881 0.0298507 0.0298507 0 0 0 0 0 

2208 2179 1602 96 0 0.734282 0 0 0 0 0 0 0 0 0 0 0 0 0 0 0 0 0 0 0 0.0147059 0.0147059 0.0882353 0.191176 0.161765 0.205882 0.191176 0.132353 0 0 0 0 0 0 

2208 2199 1603 99 0 0.727603 0 0 0 0 0 0 0 0 0 0 0 0 0 0 0 0 0 0 0.0147059 0 0.0441176 0.102941 0.147059 0.235294 0.235294 0.132353 0.0588235 0.0294118 0 0 0 0 0 

