2240 2212 1602 93 0 0.723327 0 0 0 0 0 0 0 0 0 0 0 0 0 0 0 0 0 0.0144928 0 0 0.0434783 0.130435 0.130435 0.26087 0.15942 0.188406 0.057971 0.0144928 0 0 0 0 0 

2240 2222 1602 91 0 0.720072 0 0 0 0 0 0 0 0 0 0 0 0 0 0 0 0 0 0 0 0 0.0724638 0.057971 0.289855 0.15942 0.246377 0.130435 0.0434783 0 0 0 0 0 0 

2272 2245 1602 93 0 0.712695 0 0 0 0 0 0 0 0 0 0 0 0 0 0 0 0 0 0 0.0142857 0.0142857 0.0571429 0.114286 0.2 0.271429 0.157143 0.128571 0.0428571 0 0 0 0 0 0 

2240 2225 1602 97 0 0.719101 0 0 0 0 0 0 0 0 0 0 0 0 0 0 0 0 0 0 0.0144928 0.0144928 0.0434783 0.115942 0.26087 0.173913 0.173913 0.101449 0.057971 0.0434783 0 0 0 0 0 

2176 2164 1602 93 0 0.739372 0 0 0 0 0 0 0 0 0 0 0 0 0 0 0 0 0 0 0 0.0149254 0.0149254 0.0746269 0.119403 0.208955 0.343284 0.0597015 0.134328 0.0298507 0 0 0 0 0 

2240 2219 1603 102 0 0.721045 0 0 0 0 0 0 0 0 0 0 0 0 0 0 0 0 0 0 0 0.0144928 0.0289855 0.130435 0.15942 0.275362 0.173913 0.188406 0.0289855 0 0 0 0 0 0 

2208 2198 1602 88 0 0.727934 0 0 0 0 0 0 0 0 0 0 0 0 0 0 0 0 0 0 0 0.0147059 0.0588235 0.102941 0.117647 0.220588 0.264706 0.132353 0.0882353 0 0 0 0 0 0 

2240 2219 1602 96 0 0.721045 0 0 0 0 0 0 0 0 0 0 0 0 0 0 0 0 0 0.0144928 0 0.0434783 0.0144928 0.057971 0.231884 0.202899 0.217391 0.15942 0.057971 0 0 0 0 0 0 

2208 2185 1602 89 0 0.732265 0 0 0 0 0 0 0 0 0 0 0 0 0 0 0 0 0 0 0 0 0.0588235 0.0294118 0.176471 0.264706 0.191176 0.191176 0.0882353 0 0 0 0 0 0 

2208 2193 1602 96 0 0.729594 0 0 0 0 0 0 0 0 0 0 0 0 0 0 0 0 0 0 0 0 0.0441176 0.0735294 0.102941 0.352941 0.25 0.132353 0.0147059 0.0147059 0.0147059 0 0 0 0 

