2240 2213 1602 96 0 0.723 0 0 0 0 0 0 0 0 0 0 0 0 0 0 0 0 0 0 0 0.0289855 0.057971 0.0724638 0.188406 0.202899 0.231884 0.130435 0.0724638 0.0144928 0 0 0 0 0 

2240 2211 1602 86 0 0.723654 0 0 0 0 0 0 0 0 0 0 0 0 0 0 0 0 0 0.0289855 0 0 0.0434783 0.130435 0.130435 0.188406 0.202899 0.188406 0.0724638 0 0.0144928 0 0 0 0 

2208 2181 1602 96 0 0.733608 0 0 0 0 0 0 0 0 0 0 0 0 0 0 0 0 0 0 0 0.0147059 0.0294118 0.0882353 0.102941 0.191176 0.352941 0.147059 0.0441176 0.0147059 0.0147059 0 0 0 0 

2208 2197 1602 85 0 0.728266 0 0 0 0 0 0 0 0 0 0 0 0 0 0 0 0 0 0 0 0 0.0147059 0.0735294 0.25 0.220588 0.264706 0.117647 0.0441176 0.0147059 0 0 0 0 0 

2208 2191 1602 91 0 0.73026 0 0 0 0 0 0 0 0 0 0 0 0 0 0 0 0 0 0 0 0.0147059 0.0441176 0.0735294 0.132353 0.235294 0.235294 0.220588 0.0441176 0 0 0 0 0 0 

2240 2225 1602 85 0 0.719101 0 0 0 0 0 0 0 0 0 0 0 0 0 0 0 0 0 0 0 0.0289855 0.0289855 0.101449 0.202899 0.289855 0.188406 0.0869565 0.0724638 0 0 0 0 0 0 

2208 2203 1600 89 0 0.726282 0 0 0 0 0 0 0 0 0 0 0 0 0 0 0 0 0 0 0.0147059 0.0147059 0.0147059 0.0882353 0.132353 0.279412 0.294118 0.132353 0.0294118 0 0 0 0 0 0 

2208 2180 1602 89 0 0.733945 0 0 0 0 0 0 0 0 0 0 0 0 0 0 0 0 0 0 0 0.0147059 0.0441176 0.0294118 0.191176 0.191176 0.264706 0.147059 0.0882353 0.0294118 0 0 0 0 0 

2208 2185 1602 89 0 0.732265 0 0 0 0 0 0 0 0 0 0 0 0 0 0 0 0 0 0 0 0 0.0588235 0.0147059 0.132353 0.294118 0.264706 0.205882 0.0294118 0 0 0 0 0 0 

2208 2192 1602 88 0 0.729927 0 0 0 0 0 0 0 0 0 0 0 0 0 0 0 0 0 0 0 0.0294118 0.0147059 0.102941 0.132353 0.220588 0.25 0.205882 0.0147059 0.0294118 0 0 0 0 0 

