2208 2203 1601 94 0 0.726282 0 0 0 0 0 0 0 0 0 0 0 0 0 0 0 0 0 0 0.0147059 0.0147059 0.0735294 0.0882353 0.0735294 0.25 0.279412 0.132353 0.0735294 0 0 0 0 0 0 

2240 2218 1602 93 0 0.721371 0 0 0 0 0 0 0 0 0 0 0 0 0 0 0 0 0 0 0.0289855 0.0434783 0.0434783 0.0434783 0.188406 0.15942 0.26087 0.173913 0.0434783 0.0144928 0 0 0 0 0 

2176 2169 1601 87 0 0.737667 0 0 0 0 0 0 0 0 0 0 0 0 0 0 0 0 0 0 0 0 0 0.119403 0.149254 0.223881 0.268657 0.119403 0.0597015 0.0597015 0 0 0 0 0 

2240 2222 1603 100 0 0.720072 0 0 0 0 0 0 0 0 0 0 0 0 0 0 0 0 0 0 0 0.0289855 0.0289855 0.115942 0.173913 0.289855 0.15942 0.15942 0.0289855 0 0.0144928 0 0 0 0 

2208 2196 1602 90 0 0.728597 0 0 0 0 0 0 0 0 0 0 0 0 0 0 0 0 0 0 0.0147059 0 0.0588235 0.102941 0.147059 0.205882 0.161765 0.235294 0.0588235 0.0147059 0 0 0 0 0 

2208 2195 1602 91 0 0.728929 0 0 0 0 0 0 0 0 0 0 0 0 0 0 0 0 0.0147059 0 0 0.0147059 0.0735294 0.0882353 0.147059 0.176471 0.191176 0.147059 0.117647 0 0.0294118 0 0 0 0 

2272 2245 1602 95 0 0.712695 0 0 0 0 0 0 0 0 0 0 0 0 0 0 0 0 0 0 0.0142857 0.0142857 0.0714286 0.157143 0.128571 0.257143 0.171429 0.128571 0.0571429 0 0 0 0 0 0 

2240 2228 1602 96 0 0.718133 0 0 0 0 0 0 0 0 0 0 0 0 0 0 0 0 0 0.0144928 0.0144928 0.0434783 0 0.144928 0.202899 0.144928 0.231884 0.101449 0.0869565 0.0144928 0 0 0 0 0 

2240 2226 1602 93 0 0.718778 0 0 0 0 0 0 0 0 0 0 0 0 0 0 0 0 0 0 0.0144928 0.0144928 0.057971 0.115942 0.202899 0.202899 0.202899 0.101449 0.057971 0.0289855 0 0 0 0 0 

2240 2214 1602 90 0 0.722674 0 0 0 0 0 0 0 0 0 0 0 0 0 0 0 0 0 0.0144928 0 0.0289855 0.0434783 0.101449 0.15942 0.173913 0.188406 0.231884 0.057971 0 0 0 0 0 0 

