2240 2227 1603 99 0 0.718455 0 0 0 0 0 0 0 0 0 0 0 0 0 0 0 0 0 0 0.0144928 0.057971 0 0.0869565 0.173913 0.275362 0.217391 0.130435 0.0434783 0 0 0 0 0 0 

2176 2162 1602 92 0 0.740056 0 0 0 0 0 0 0 0 0 0 0 0 0 0 0 0 0 0 0 0.0298507 0.0149254 0.0447761 0.119403 0.223881 0.283582 0.134328 0.134328 0.0149254 0 0 0 0 0 

2176 2167 1602 94 0 0.738348 0 0 0 0 0 0 0 0 0 0 0 0 0 0 0 0 0 0 0 0.0149254 0.0149254 0.0746269 0.119403 0.238806 0.253731 0.179104 0.0895522 0.0149254 0 0 0 0 0 

2208 2190 1602 94 0 0.730594 0 0 0 0 0 0 0 0 0 0 0 0 0 0 0 0 0 0.0147059 0 0.0294118 0.0294118 0.0735294 0.117647 0.220588 0.25 0.147059 0.102941 0.0147059 0 0 0 0 0 

2208 2198 1602 87 0 0.727934 0 0 0 0 0 0 0 0 0 0 0 0 0 0 0 0 0 0 0.0294118 0.0147059 0.0147059 0.0588235 0.161765 0.205882 0.294118 0.191176 0.0294118 0 0 0 0 0 0 

2176 2168 1601 83 0 0.738007 0 0 0 0 0 0 0 0 0 0 0 0 0 0 0 0 0 0 0.0149254 0.0149254 0.0149254 0.0597015 0.134328 0.179104 0.268657 0.238806 0.0597015 0.0149254 0 0 0 0 0 

2240 2229 1603 99 0 0.717811 0 0 0 0 0 0 0 0 0 0 0 0 0 0 0 0 0 0.0434783 0 0.0144928 0.057971 0.057971 0.144928 0.289855 0.173913 0.15942 0.0434783 0.0144928 0 0 0 0 0 

2208 2199 1602 96 0 0.727603 0 0 0 0 0 0 0 0 0 0 0 0 0 0 0 0 0 0 0.0147059 0 0.0441176 0.161765 0.117647 0.176471 0.220588 0.176471 0.0588235 0.0294118 0 0 0 0 0 

2208 2196 1602 92 0 0.728597 0 0 0 0 0 0 0 0 0 0 0 0 0 0 0 0 0 0 0.0147059 0 0.0294118 0.0735294 0.147059 0.235294 0.294118 0.191176 0.0147059 0 0 0 0 0 0 

2208 2188 1602 89 0 0.731261 0 0 0 0 0 0 0 0 0 0 0 0 0 0 0 0 0 0 0 0.0147059 0.0441176 0.0735294 0.147059 0.279412 0.147059 0.205882 0.0588235 0.0147059 0.0147059 0 0 0 0 

