2208 2194 1602 89 0 0.729262 0 0 0 0 0 0 0 0 0 0 0 0 0 0 0 0 0 0 0.0294118 0.0147059 0.0441176 0.0441176 0.117647 0.352941 0.176471 0.0735294 0.0882353 0.0441176 0.0147059 0 0 0 0 

2240 2219 1603 99 0 0.721045 0 0 0 0 0 0 0 0 0 0 0 0 0 0 0 0 0 0 0.0289855 0.0144928 0.057971 0.0869565 0.173913 0.173913 0.202899 0.188406 0.0724638 0 0 0 0 0 0 

2208 2190 1602 88 0 0.730594 0 0 0 0 0 0 0 0 0 0 0 0 0 0 0 0 0 0 0 0.0147059 0.0294118 0.0882353 0.102941 0.264706 0.294118 0.132353 0.0735294 0 0 0 0 0 0 

2208 2188 1602 96 0 0.731261 0 0 0 0 0 0 0 0 0 0 0 0 0 0 0 0 0 0 0 0.0294118 0.0147059 0.117647 0.117647 0.235294 0.205882 0.161765 0.102941 0.0147059 0 0 0 0 0 

2208 2196 1602 92 0 0.728597 0 0 0 0 0 0 0 0 0 0 0 0 0 0 0 0 0 0 0 0 0.0294118 0.147059 0.102941 0.25 0.294118 0.102941 0.0441176 0.0294118 0 0 0 0 0 

2208 2192 1602 94 0 0.729927 0 0 0 0 0 0 0 0 0 0 0 0 0 0 0 0 0 0 0 0.0294118 0 0.0882353 0.220588 0.176471 0.264706 0.132353 0.0588235 0.0147059 0.0147059 0 0 0 0 

2176 2163 1602 94 0 0.739713 0 0 0 0 0 0 0 0 0 0 0 0 0 0 0 0 0 0 0 0.0149254 0.0149254 0.0597015 0.164179 0.238806 0.179104 0.179104 0.119403 0.0298507 0 0 0 0 0 

2240 2211 1602 95 0 0.723654 0 0 0 0 0 0 0 0 0 0 0 0 0 0 0 0 0 0 0 0.0434783 0.0434783 0.0724638 0.188406 0.217391 0.173913 0.15942 0.0869565 0.0144928 0 0 0 0 0 

2176 2165 1601 81 0 0.73903 0 0 0 0 0 0 0 0 0 0 0 0 0 0 0 0 0 0 0 0 0.0298507 0.0746269 0.0895522 0.298507 0.238806 0.149254 0.104478 0.0149254 0 0 0 0 0 

2208 2195 1602 94 0 0.728929 0 0 0 0 0 0 0 0 0 0 0 0 0 0 0 0 0 0.0147059 0 0.0147059 0.0441176 0.0441176 0.132353 0.308824 0.205882 0.147059 0.0735294 0.0147059 0 0 0 0 0 

