2240 2217 1603 107 0 0.721696 0 0 0 0 0 0 0 0 0 0 0 0 0 0 0 0 0 0.0144928 0 0.0144928 0.0724638 0.101449 0.144928 0.188406 0.246377 0.115942 0.0869565 0 0.0144928 0 0 0 0 

2208 2180 1602 96 0 0.733945 0 0 0 0 0 0 0 0 0 0 0 0 0 0 0 0 0 0 0 0 0.0294118 0.0882353 0.161765 0.176471 0.294118 0.132353 0.102941 0.0147059 0 0 0 0 0 

2272 2254 1603 100 0 0.709849 0 0 0 0 0 0 0 0 0 0 0 0 0 0 0 0 0 0 0.0285714 0.0428571 0.0428571 0.114286 0.157143 0.228571 0.271429 0.0857143 0.0285714 0 0 0 0 0 0 

2240 2221 1602 93 0 0.720396 0 0 0 0 0 0 0 0 0 0 0 0 0 0 0 0 0 0 0 0.057971 0.0289855 0.0869565 0.15942 0.275362 0.202899 0.0869565 0.101449 0 0 0 0 0 0 

2208 2180 1602 92 0 0.733945 0 0 0 0 0 0 0 0 0 0 0 0 0 0 0 0 0 0 0.0147059 0.0147059 0.0147059 0.0441176 0.161765 0.235294 0.205882 0.205882 0.102941 0 0 0 0 0 0 

2208 2204 1600 95 0 0.725953 0 0 0 0 0 0 0 0 0 0 0 0 0 0 0 0 0 0 0 0.0441176 0.0147059 0.132353 0.132353 0.235294 0.191176 0.176471 0.0735294 0 0 0 0 0 0 

2240 2213 1602 96 0 0.723 0 0 0 0 0 0 0 0 0 0 0 0 0 0 0 0 0 0.0144928 0 0 0.0289855 0.101449 0.202899 0.26087 0.173913 0.115942 0.0869565 0.0144928 0 0 0 0 0 

2240 2212 1603 104 0 0.723327 0 0 0 0 0 0 0 0 0 0 0 0 0 0 0 0 0 0 0 0.0144928 0.0289855 0.0724638 0.173913 0.304348 0.217391 0.15942 0.0144928 0.0144928 0 0 0 0 0 

2240 2226 1603 109 0 0.718778 0 0 0 0 0 0 0 0 0 0 0 0 0 0 0 0 0 0.0144928 0 0.0144928 0.057971 0.130435 0.115942 0.246377 0.188406 0.217391 0.0144928 0 0 0 0 0 0 

2240 2219 1603 100 0 0.721045 0 0 0 0 0 0 0 0 0 0 0 0 0 0 0 0 0 0.0144928 0 0.0289855 0.0724638 0.0724638 0.144928 0.217391 0.202899 0.15942 0.0869565 0 0 0 0 0 0 

