2240 2224 1602 93 0 0.719424 0 0 0 0 0 0 0 0 0 0 0 0 0 0 0 0 0 0 0.0289855 0 0.0724638 0.0869565 0.15942 0.26087 0.202899 0.0869565 0.101449 0 0 0 0 0 0 

2208 2190 1602 93 0 0.730594 0 0 0 0 0 0 0 0 0 0 0 0 0 0 0 0 0 0.0147059 0.0147059 0 0.0441176 0.0441176 0.191176 0.191176 0.220588 0.176471 0.0588235 0.0441176 0 0 0 0 0 

2176 2167 1600 93 0 0.738348 0 0 0 0 0 0 0 0 0 0 0 0 0 0 0 0 0 0.0149254 0 0 0.0298507 0.0597015 0.0895522 0.298507 0.19403 0.223881 0.0597015 0.0149254 0.0149254 0 0 0 0 

2208 2192 1602 92 0 0.729927 0 0 0 0 0 0 0 0 0 0 0 0 0 0 0 0 0 0 0 0.0147059 0.0294118 0.0882353 0.176471 0.161765 0.279412 0.205882 0.0441176 0 0 0 0 0 0 

2240 2231 1603 101 0 0.717167 0 0 0 0 0 0 0 0 0 0 0 0 0 0 0 0 0 0.0144928 0 0 0.057971 0.15942 0.173913 0.202899 0.217391 0.101449 0.057971 0.0144928 0 0 0 0 0 

2240 2222 1602 93 0 0.720072 0 0 0 0 0 0 0 0 0 0 0 0 0 0 0 0 0 0 0 0.0144928 0.0289855 0.130435 0.188406 0.246377 0.217391 0.130435 0.0434783 0 0 0 0 0 0 

2208 2191 1601 78 0 0.73026 0 0 0 0 0 0 0 0 0 0 0 0 0 0 0 0 0 0 0.0147059 0.0294118 0.0588235 0.0735294 0.102941 0.220588 0.176471 0.25 0.0441176 0.0147059 0.0147059 0 0 0 0 

2240 2213 1602 89 0 0.723 0 0 0 0 0 0 0 0 0 0 0 0 0 0 0 0 0 0 0 0 0.0434783 0.0869565 0.246377 0.173913 0.246377 0.173913 0.0144928 0.0144928 0 0 0 0 0 

2208 2199 1602 92 0 0.727603 0 0 0 0 0 0 0 0 0 0 0 0 0 0 0 0 0 0 0 0.0294118 0.0588235 0.102941 0.176471 0.132353 0.205882 0.205882 0.0735294 0.0147059 0 0 0 0 0 

2208 2179 1602 91 0 0.734282 0 0 0 0 0 0 0 0 0 0 0 0 0 0 0 0 0 0 0.0147059 0 0 0.0588235 0.161765 0.220588 0.279412 0.220588 0.0294118 0.0147059 0 0 0 0 0 

