2240 2221 1603 101 0 0.720396 0 0 0 0 0 0 0 0 0 0 0 0 0 0 0 0 0 0 0.0144928 0.0144928 0.0869565 0.057971 0.217391 0.130435 0.275362 0.130435 0.057971 0.0144928 0 0 0 0 0 

2208 2192 1603 100 0 0.729927 0 0 0 0 0 0 0 0 0 0 0 0 0 0 0 0 0 0 0 0 0.0588235 0.102941 0.147059 0.161765 0.279412 0.176471 0.0588235 0.0147059 0 0 0 0 0 

2240 2211 1602 94 0 0.723654 0 0 0 0 0 0 0 0 0 0 0 0 0 0 0 0 0 0 0 0.0144928 0.057971 0.115942 0.115942 0.231884 0.246377 0.144928 0.0724638 0 0 0 0 0 0 

2208 2180 1602 87 0 0.733945 0 0 0 0 0 0 0 0 0 0 0 0 0 0 0 0 0 0 0 0.0147059 0.0441176 0.0735294 0.0735294 0.25 0.338235 0.0882353 0.0735294 0.0441176 0 0 0 0 0 

2208 2201 1601 95 0 0.726942 0 0 0 0 0 0 0 0 0 0 0 0 0 0 0 0 0 0 0 0.0294118 0.0441176 0.117647 0.147059 0.220588 0.176471 0.176471 0.0735294 0 0.0147059 0 0 0 0 

2208 2197 1602 93 0 0.728266 0 0 0 0 0 0 0 0 0 0 0 0 0 0 0 0 0 0 0.0294118 0 0.0441176 0.0882353 0.117647 0.279412 0.147059 0.220588 0.0588235 0.0147059 0 0 0 0 0 

2240 2232 1602 103 0 0.716846 0 0 0 0 0 0 0 0 0 0 0 0 0 0 0 0 0 0 0 0.0144928 0.0724638 0.130435 0.202899 0.217391 0.188406 0.115942 0.0289855 0.0289855 0 0 0 0 0 

2240 2226 1602 90 0 0.718778 0 0 0 0 0 0 0 0 0 0 0 0 0 0 0 0 0 0 0 0 0.0724638 0.0869565 0.202899 0.275362 0.217391 0.101449 0.0434783 0 0 0 0 0 0 

2240 2220 1603 100 0 0.720721 0 0 0 0 0 0 0 0 0 0 0 0 0 0 0 0 0 0 0 0.0434783 0.0289855 0.115942 0.202899 0.202899 0.15942 0.15942 0.0724638 0.0144928 0 0 0 0 0 

2240 2225 1603 100 0 0.719101 0 0 0 0 0 0 0 0 0 0 0 0 0 0 0 0 0 0 0.0144928 0.0144928 0.0434783 0.144928 0.144928 0.246377 0.144928 0.202899 0.0434783 0 0 0 0 0 0 

