2208 2191 1602 89 0 0.73026 0 0 0 0 0 0 0 0 0 0 0 0 0 0 0 0 0 0 0 0.0147059 0.0441176 0.0735294 0.161765 0.25 0.191176 0.161765 0.0882353 0.0147059 0 0 0 0 0 

2240 2216 1603 100 0 0.722022 0 0 0 0 0 0 0 0 0 0 0 0 0 0 0 0 0 0 0 0.0289855 0.0869565 0.0869565 0.115942 0.217391 0.231884 0.144928 0.0869565 0 0 0 0 0 0 

2208 2197 1602 92 0 0.728266 0 0 0 0 0 0 0 0 0 0 0 0 0 0 0 0 0 0 0.0147059 0 0.0588235 0.0735294 0.147059 0.161765 0.338235 0.161765 0.0441176 0 0 0 0 0 0 

2176 2171 1601 92 0 0.736988 0 0 0 0 0 0 0 0 0 0 0 0 0 0 0 0 0 0 0 0 0.0447761 0.0746269 0.134328 0.298507 0.164179 0.134328 0.104478 0.0447761 0 0 0 0 0 

2176 2167 1601 77 0 0.738348 0 0 0 0 0 0 0 0 0 0 0 0 0 0 0 0 0 0 0 0 0.0298507 0.0895522 0.149254 0.179104 0.268657 0.164179 0.104478 0.0149254 0 0 0 0 0 

2240 2221 1602 95 0 0.720396 0 0 0 0 0 0 0 0 0 0 0 0 0 0 0 0 0 0 0 0 0.0434783 0.130435 0.15942 0.26087 0.289855 0.0724638 0.0289855 0.0144928 0 0 0 0 0 

2208 2195 1602 95 0 0.728929 0 0 0 0 0 0 0 0 0 0 0 0 0 0 0 0 0 0.0147059 0 0 0.0147059 0.0735294 0.176471 0.220588 0.338235 0.117647 0.0147059 0.0294118 0 0 0 0 0 

2208 2200 1600 86 0 0.727273 0 0 0 0 0 0 0 0 0 0 0 0 0 0 0 0 0 0 0 0 0.0588235 0.117647 0.161765 0.220588 0.205882 0.161765 0.0441176 0.0294118 0 0 0 0 0 

2208 2188 1603 101 0 0.731261 0 0 0 0 0 0 0 0 0 0 0 0 0 0 0 0 0 0 0.0147059 0.0147059 0.0147059 0.0735294 0.161765 0.264706 0.161765 0.191176 0.0735294 0.0294118 0 0 0 0 0 

2176 2163 1602 90 0 0.739713 0 0 0 0 0 0 0 0 0 0 0 0 0 0 0 0 0 0 0 0 0.0298507 0.0447761 0.164179 0.298507 0.149254 0.134328 0.164179 0.0149254 0 0 0 0 0 

