2240 2217 1602 95 0 0.721696 0 0 0 0 0 0 0 0 0 0 0 0 0 0 0 0 0 0 0 0.0144928 0.0869565 0.0869565 0.173913 0.173913 0.246377 0.144928 0.0724638 0 0 0 0 0 0 

2240 2230 1602 96 0 0.717489 0 0 0 0 0 0 0 0 0 0 0 0 0 0 0 0 0 0 0 0.0144928 0.0289855 0.217391 0.15942 0.173913 0.26087 0.0724638 0.057971 0.0144928 0 0 0 0 0 

2240 2215 1602 97 0 0.722348 0 0 0 0 0 0 0 0 0 0 0 0 0 0 0 0 0 0 0.0144928 0.0289855 0.0724638 0.0869565 0.144928 0.217391 0.144928 0.173913 0.115942 0 0 0 0 0 0 

2208 2182 1602 93 0 0.733272 0 0 0 0 0 0 0 0 0 0 0 0 0 0 0 0 0 0 0 0 0.0147059 0.0882353 0.176471 0.220588 0.264706 0.132353 0.0735294 0.0294118 0 0 0 0 0 

2208 2200 1601 99 0 0.727273 0 0 0 0 0 0 0 0 0 0 0 0 0 0 0 0 0 0 0.0147059 0.0294118 0.0294118 0.0588235 0.161765 0.25 0.205882 0.191176 0.0441176 0.0147059 0 0 0 0 0 

2240 2216 1602 96 0 0.722022 0 0 0 0 0 0 0 0 0 0 0 0 0 0 0 0 0 0 0 0.0289855 0.115942 0.0434783 0.101449 0.246377 0.275362 0.101449 0.0724638 0.0144928 0 0 0 0 0 

2208 2197 1602 95 0 0.728266 0 0 0 0 0 0 0 0 0 0 0 0 0 0 0 0 0 0 0 0.0147059 0.0294118 0.0735294 0.102941 0.411765 0.176471 0.132353 0.0294118 0.0294118 0 0 0 0 0 

2208 2184 1602 97 0 0.732601 0 0 0 0 0 0 0 0 0 0 0 0 0 0 0 0 0 0 0 0 0.0294118 0.0882353 0.176471 0.176471 0.235294 0.25 0.0294118 0.0147059 0 0 0 0 0 

2208 2202 1600 87 0 0.726612 0 0 0 0 0 0 0 0 0 0 0 0 0 0 0 0 0 0 0.0294118 0.0441176 0.0147059 0.0882353 0.102941 0.25 0.264706 0.0735294 0.117647 0.0147059 0 0 0 0 0 

2240 2224 1602 93 0 0.719424 0 0 0 0 0 0 0 0 0 0 0 0 0 0 0 0 0 0 0.0289855 0.0144928 0.0434783 0.115942 0.188406 0.202899 0.15942 0.15942 0.0869565 0 0 0 0 0 0 

