2240 2223 1602 96 0 0.719748 0 0 0 0 0 0 0 0 0 0 0 0 0 0 0 0 0 0 0.0144928 0.0289855 0.0144928 0.130435 0.217391 0.188406 0.202899 0.101449 0.101449 0 0 0 0 0 0 

2240 2227 1602 88 0 0.718455 0 0 0 0 0 0 0 0 0 0 0 0 0 0 0 0 0.0144928 0.0144928 0.0144928 0.0289855 0.057971 0.101449 0.144928 0.173913 0.188406 0.15942 0.0724638 0.0289855 0 0 0 0 0 

2240 2218 1603 100 0 0.721371 0 0 0 0 0 0 0 0 0 0 0 0 0 0 0 0 0 0.0144928 0 0.0289855 0.0724638 0.0289855 0.173913 0.318841 0.130435 0.130435 0.0724638 0.0144928 0.0144928 0 0 0 0 

2208 2199 1602 85 0 0.727603 0 0 0 0 0 0 0 0 0 0 0 0 0 0 0 0 0 0 0 0.0147059 0.0294118 0.102941 0.161765 0.279412 0.191176 0.132353 0.0735294 0.0147059 0 0 0 0 0 

2208 2188 1602 93 0 0.731261 0 0 0 0 0 0 0 0 0 0 0 0 0 0 0 0 0 0 0.0147059 0 0.0147059 0.0441176 0.176471 0.235294 0.279412 0.220588 0.0147059 0 0 0 0 0 0 

2240 2213 1602 90 0 0.723 0 0 0 0 0 0 0 0 0 0 0 0 0 0 0 0 0 0 0.0289855 0 0.0434783 0.0869565 0.173913 0.202899 0.246377 0.15942 0.0289855 0.0289855 0 0 0 0 0 

2240 2221 1602 94 0 0.720396 0 0 0 0 0 0 0 0 0 0 0 0 0 0 0 0 0 0 0 0.0434783 0.0144928 0.0724638 0.217391 0.26087 0.217391 0.130435 0.0434783 0 0 0 0 0 0 

2240 2231 1602 91 0 0.717167 0 0 0 0 0 0 0 0 0 0 0 0 0 0 0 0 0 0 0 0.0144928 0.057971 0.0869565 0.217391 0.304348 0.15942 0.130435 0.0289855 0 0 0 0 0 0 

2240 2211 1602 96 0 0.723654 0 0 0 0 0 0 0 0 0 0 0 0 0 0 0 0 0 0.0144928 0.0289855 0 0.0289855 0.144928 0.101449 0.188406 0.217391 0.173913 0.0869565 0.0144928 0 0 0 0 0 

2208 2182 1602 92 0 0.733272 0 0 0 0 0 0 0 0 0 0 0 0 0 0 0 0 0 0 0 0.0588235 0.0294118 0.0294118 0.117647 0.205882 0.25 0.205882 0.102941 0 0 0 0 0 0 

