2272 2258 1602 95 0 0.708592 0 0 0 0 0 0 0 0 0 0 0 0 0 0 0 0 0 0 0.0142857 0.0285714 0.0714286 0.128571 0.157143 0.271429 0.228571 0.0857143 0.0142857 0 0 0 0 0 0 

2208 2199 1602 93 0 0.727603 0 0 0 0 0 0 0 0 0 0 0 0 0 0 0 0 0 0 0 0.0441176 0.0588235 0.0441176 0.176471 0.220588 0.205882 0.161765 0.0588235 0.0147059 0.0147059 0 0 0 0 

2208 2181 1602 89 0 0.733608 0 0 0 0 0 0 0 0 0 0 0 0 0 0 0 0 0 0 0.0147059 0.0147059 0.0441176 0.0441176 0.132353 0.235294 0.191176 0.220588 0.0735294 0.0294118 0 0 0 0 0 

2240 2221 1603 101 0 0.720396 0 0 0 0 0 0 0 0 0 0 0 0 0 0 0 0 0 0 0 0.0144928 0.0724638 0.0869565 0.144928 0.26087 0.217391 0.188406 0.0144928 0 0 0 0 0 0 

2240 2212 1602 96 0 0.723327 0 0 0 0 0 0 0 0 0 0 0 0 0 0 0 0 0 0 0.0144928 0.0289855 0.0434783 0.101449 0.115942 0.202899 0.246377 0.188406 0.057971 0 0 0 0 0 0 

2208 2196 1602 95 0 0.728597 0 0 0 0 0 0 0 0 0 0 0 0 0 0 0 0 0 0 0 0.0294118 0.0147059 0.102941 0.191176 0.264706 0.102941 0.176471 0.102941 0.0147059 0 0 0 0 0 

2208 2188 1602 92 0 0.731261 0 0 0 0 0 0 0 0 0 0 0 0 0 0 0 0 0 0 0.0147059 0 0.0735294 0.0441176 0.161765 0.161765 0.25 0.235294 0.0294118 0.0294118 0 0 0 0 0 

2208 2195 1602 93 0 0.728929 0 0 0 0 0 0 0 0 0 0 0 0 0 0 0 0 0 0 0 0 0.0882353 0.0735294 0.176471 0.235294 0.132353 0.176471 0.0882353 0.0294118 0 0 0 0 0 

2240 2229 1602 93 0 0.717811 0 0 0 0 0 0 0 0 0 0 0 0 0 0 0 0 0 0.0144928 0.0289855 0 0.0144928 0.144928 0.202899 0.188406 0.173913 0.188406 0.0434783 0 0 0 0 0 0 

2240 2219 1603 99 0 0.721045 0 0 0 0 0 0 0 0 0 0 0 0 0 0 0 0 0 0 0 0.0144928 0.0434783 0.0869565 0.202899 0.289855 0.173913 0.115942 0.057971 0.0144928 0 0 0 0 0 

