2240 2215 1603 99 0 0.722348 0 0 0 0 0 0 0 0 0 0 0 0 0 0 0 0 0 0.0144928 0 0.0144928 0.0289855 0.057971 0.188406 0.289855 0.217391 0.115942 0.0724638 0 0 0 0 0 0 

2208 2186 1602 91 0 0.73193 0 0 0 0 0 0 0 0 0 0 0 0 0 0 0 0 0 0 0 0.0147059 0.0294118 0.0882353 0.176471 0.176471 0.220588 0.191176 0.102941 0 0 0 0 0 0 

2176 2161 1602 90 0 0.740398 0 0 0 0 0 0 0 0 0 0 0 0 0 0 0 0 0 0 0 0 0.0447761 0.0298507 0.119403 0.238806 0.283582 0.19403 0.0597015 0.0298507 0 0 0 0 0 

2208 2181 1602 97 0 0.733608 0 0 0 0 0 0 0 0 0 0 0 0 0 0 0 0 0 0 0 0.0441176 0.0441176 0.0147059 0.132353 0.264706 0.191176 0.176471 0.117647 0.0147059 0 0 0 0 0 

2208 2196 1602 94 0 0.728597 0 0 0 0 0 0 0 0 0 0 0 0 0 0 0 0 0 0 0.0147059 0 0.0588235 0.0882353 0.147059 0.220588 0.235294 0.117647 0.102941 0.0147059 0 0 0 0 0 

2240 2229 1602 97 0 0.717811 0 0 0 0 0 0 0 0 0 0 0 0 0 0 0 0 0 0.0144928 0 0.0434783 0.0724638 0.0434783 0.246377 0.144928 0.217391 0.15942 0.0434783 0.0144928 0 0 0 0 0 

2240 2218 1603 103 0 0.721371 0 0 0 0 0 0 0 0 0 0 0 0 0 0 0 0 0 0 0 0.0144928 0.057971 0.130435 0.0869565 0.289855 0.26087 0.115942 0.0289855 0 0 0.0144928 0 0 0 

2208 2196 1602 92 0 0.728597 0 0 0 0 0 0 0 0 0 0 0 0 0 0 0 0 0 0 0 0.0441176 0.0441176 0.0441176 0.147059 0.25 0.235294 0.147059 0.0735294 0.0147059 0 0 0 0 0 

2208 2199 1602 100 0 0.727603 0 0 0 0 0 0 0 0 0 0 0 0 0 0 0 0 0 0 0.0147059 0 0.0147059 0.117647 0.191176 0.235294 0.205882 0.132353 0.0441176 0.0441176 0 0 0 0 0 

2240 2230 1602 97 0 0.717489 0 0 0 0 0 0 0 0 0 0 0 0 0 0 0 0 0 0 0 0.0434783 0.0289855 0.144928 0.15942 0.202899 0.289855 0.101449 0 0.0289855 0 0 0 0 0 

