2208 2200 1600 99 0 0.727273 0 0 0 0 0 0 0 0 0 0 0 0 0 0 0 0 0 0 0 0.0441176 0.0441176 0.0735294 0.176471 0.205882 0.220588 0.117647 0.0882353 0.0147059 0.0147059 0 0 0 0 

2176 2169 1600 97 0 0.737667 0 0 0 0 0 0 0 0 0 0 0 0 0 0 0 0 0 0 0 0.0149254 0.0149254 0.0746269 0.19403 0.179104 0.208955 0.19403 0.0895522 0.0298507 0 0 0 0 0 

2208 2192 1602 89 0 0.729927 0 0 0 0 0 0 0 0 0 0 0 0 0 0 0 0 0 0 0 0.0294118 0.0588235 0.0588235 0.161765 0.147059 0.264706 0.205882 0.0735294 0 0 0 0 0 0 

2208 2189 1602 87 0 0.730927 0 0 0 0 0 0 0 0 0 0 0 0 0 0 0 0 0 0 0.0147059 0 0.0147059 0.102941 0.117647 0.279412 0.25 0.132353 0.0588235 0.0294118 0 0 0 0 0 

2208 2194 1602 92 0 0.729262 0 0 0 0 0 0 0 0 0 0 0 0 0 0 0 0 0 0 0.0147059 0 0.0441176 0.0441176 0.161765 0.25 0.294118 0.117647 0.0735294 0 0 0 0 0 0 

2208 2194 1603 103 0 0.729262 0 0 0 0 0 0 0 0 0 0 0 0 0 0 0 0 0 0.0147059 0 0.0147059 0.0441176 0.0588235 0.191176 0.147059 0.279412 0.161765 0.0588235 0.0294118 0 0 0 0 0 

2240 2223 1602 89 0 0.719748 0 0 0 0 0 0 0 0 0 0 0 0 0 0 0 0 0 0.0144928 0 0.0289855 0.0144928 0.101449 0.188406 0.275362 0.144928 0.202899 0.0289855 0 0 0 0 0 0 

2176 2168 1602 92 0 0.738007 0 0 0 0 0 0 0 0 0 0 0 0 0 0 0 0 0 0 0 0.0298507 0 0.0746269 0.149254 0.179104 0.253731 0.238806 0.0597015 0.0149254 0 0 0 0 0 

2240 2217 1602 89 0 0.721696 0 0 0 0 0 0 0 0 0 0 0 0 0 0 0 0 0 0 0 0.057971 0.0144928 0.0869565 0.202899 0.231884 0.202899 0.115942 0.0434783 0.0434783 0 0 0 0 0 

2208 2193 1602 86 0 0.729594 0 0 0 0 0 0 0 0 0 0 0 0 0 0 0 0 0 0 0 0.0294118 0.0294118 0.147059 0.0735294 0.205882 0.25 0.176471 0.0735294 0.0147059 0 0 0 0 0 

