2240 2226 1602 93 0 0.718778 0 0 0 0 0 0 0 0 0 0 0 0 0 0 0 0 0 0 0.0144928 0 0.0434783 0.0869565 0.26087 0.275362 0.0869565 0.188406 0.0434783 0 0 0 0 0 0 

2208 2187 1602 93 0 0.731596 0 0 0 0 0 0 0 0 0 0 0 0 0 0 0 0 0 0 0 0.0147059 0.0294118 0.0588235 0.117647 0.279412 0.264706 0.191176 0.0441176 0 0 0 0 0 0 

2208 2188 1602 88 0 0.731261 0 0 0 0 0 0 0 0 0 0 0 0 0 0 0 0 0 0 0 0 0.0441176 0.117647 0.102941 0.191176 0.279412 0.220588 0.0441176 0 0 0 0 0 0 

2208 2195 1602 91 0 0.728929 0 0 0 0 0 0 0 0 0 0 0 0 0 0 0 0 0 0 0 0.0147059 0.0294118 0.102941 0.147059 0.264706 0.235294 0.102941 0.0735294 0.0294118 0 0 0 0 0 

2240 2227 1602 94 0 0.718455 0 0 0 0 0 0 0 0 0 0 0 0 0 0 0 0 0 0 0 0.0144928 0.057971 0.0724638 0.26087 0.217391 0.246377 0.057971 0.0724638 0 0 0 0 0 0 

2240 2219 1602 94 0 0.721045 0 0 0 0 0 0 0 0 0 0 0 0 0 0 0 0 0 0 0.0144928 0.0289855 0.0144928 0.15942 0.15942 0.202899 0.202899 0.115942 0.0724638 0.0289855 0 0 0 0 0 

2240 2215 1603 102 0 0.722348 0 0 0 0 0 0 0 0 0 0 0 0 0 0 0 0 0 0.0144928 0 0.0144928 0.0724638 0.101449 0.144928 0.173913 0.231884 0.144928 0.0869565 0.0144928 0 0 0 0 0 

2240 2213 1603 99 0 0.723 0 0 0 0 0 0 0 0 0 0 0 0 0 0 0 0 0 0 0 0.0289855 0.0434783 0.101449 0.130435 0.202899 0.304348 0.144928 0.0289855 0.0144928 0 0 0 0 0 

2208 2187 1602 93 0 0.731596 0 0 0 0 0 0 0 0 0 0 0 0 0 0 0 0 0 0 0 0.0147059 0.0294118 0.102941 0.0735294 0.338235 0.205882 0.102941 0.117647 0.0147059 0 0 0 0 0 

2240 2221 1603 99 0 0.720396 0 0 0 0 0 0 0 0 0 0 0 0 0 0 0 0 0 0 0.0144928 0.0434783 0.0434783 0.0869565 0.144928 0.217391 0.217391 0.173913 0.057971 0 0 0 0 0 0 

