2240 2224 1602 98 0 0.719424 0 0 0 0 0 0 0 0 0 0 0 0 0 0 0 0 0 0 0.0144928 0.0144928 0.101449 0.101449 0.115942 0.217391 0.231884 0.115942 0.0724638 0.0144928 0 0 0 0 0 

2240 2228 1603 100 0 0.718133 0 0 0 0 0 0 0 0 0 0 0 0 0 0 0 0 0 0.0144928 0 0.057971 0.057971 0.0869565 0.15942 0.173913 0.26087 0.0724638 0.101449 0.0144928 0 0 0 0 0 

2240 2219 1602 97 0 0.721045 0 0 0 0 0 0 0 0 0 0 0 0 0 0 0 0 0 0 0 0.0144928 0.0434783 0.144928 0.144928 0.26087 0.173913 0.15942 0.0434783 0.0144928 0 0 0 0 0 

2176 2170 1602 94 0 0.737327 0 0 0 0 0 0 0 0 0 0 0 0 0 0 0 0 0 0 0 0 0.0447761 0.0447761 0.149254 0.268657 0.179104 0.238806 0.0597015 0.0149254 0 0 0 0 0 

2240 2231 1602 91 0 0.717167 0 0 0 0 0 0 0 0 0 0 0 0 0 0 0 0 0 0 0 0.0144928 0.057971 0.144928 0.173913 0.231884 0.202899 0.144928 0.0289855 0 0 0 0 0 0 

2208 2194 1602 92 0 0.729262 0 0 0 0 0 0 0 0 0 0 0 0 0 0 0 0 0 0 0.0147059 0.0147059 0.0441176 0.102941 0.132353 0.220588 0.147059 0.235294 0.0735294 0.0147059 0 0 0 0 0 

2208 2181 1602 87 0 0.733608 0 0 0 0 0 0 0 0 0 0 0 0 0 0 0 0 0 0 0 0.0294118 0.0147059 0.0735294 0.161765 0.205882 0.205882 0.191176 0.102941 0.0147059 0 0 0 0 0 

2208 2193 1602 90 0 0.729594 0 0 0 0 0 0 0 0 0 0 0 0 0 0 0 0 0 0 0.0147059 0.0147059 0.0147059 0.0441176 0.176471 0.25 0.308824 0.102941 0.0588235 0.0147059 0 0 0 0 0 

2208 2190 1602 92 0 0.730594 0 0 0 0 0 0 0 0 0 0 0 0 0 0 0 0 0 0.0147059 0.0147059 0.0147059 0.0294118 0.0735294 0.132353 0.205882 0.205882 0.191176 0.117647 0 0 0 0 0 0 

2272 2251 1602 97 0 0.710795 0 0 0 0 0 0 0 0 0 0 0 0 0 0 0 0 0 0 0.0285714 0.0142857 0.0285714 0.128571 0.171429 0.371429 0.128571 0.0714286 0.0571429 0 0 0 0 0 0 

