2240 2217 1602 98 0 0.721696 0 0 0 0 0 0 0 0 0 0 0 0 0 0 0 0 0.0144928 0 0 0.0289855 0.0289855 0.188406 0.115942 0.130435 0.217391 0.188406 0.057971 0.0289855 0 0 0 0 0 

2208 2181 1602 94 0 0.733608 0 0 0 0 0 0 0 0 0 0 0 0 0 0 0 0 0 0 0.0147059 0 0.0441176 0.102941 0.132353 0.147059 0.25 0.176471 0.102941 0.0294118 0 0 0 0 0 

2240 2217 1603 102 0 0.721696 0 0 0 0 0 0 0 0 0 0 0 0 0 0 0 0 0 0.0144928 0.0144928 0 0.0289855 0.0869565 0.202899 0.26087 0.188406 0.130435 0.0289855 0.0289855 0.0144928 0 0 0 0 

2240 2234 1600 90 0 0.716204 0 0 0 0 0 0 0 0 0 0 0 0 0 0 0 0 0 0 0 0 0.101449 0.115942 0.246377 0.173913 0.202899 0.115942 0 0.0289855 0.0144928 0 0 0 0 

2208 2185 1602 94 0 0.732265 0 0 0 0 0 0 0 0 0 0 0 0 0 0 0 0 0 0 0 0.0294118 0.0294118 0.0735294 0.147059 0.191176 0.25 0.161765 0.117647 0 0 0 0 0 0 

2240 2214 1602 98 0 0.722674 0 0 0 0 0 0 0 0 0 0 0 0 0 0 0 0 0 0 0.0289855 0.0144928 0.0434783 0.101449 0.115942 0.217391 0.26087 0.144928 0.057971 0.0144928 0 0 0 0 0 

2240 2231 1603 101 0 0.717167 0 0 0 0 0 0 0 0 0 0 0 0 0 0 0 0 0 0.0144928 0 0.0144928 0.057971 0.130435 0.173913 0.188406 0.246377 0.115942 0.057971 0 0 0 0 0 0 

2208 2194 1603 103 0 0.729262 0 0 0 0 0 0 0 0 0 0 0 0 0 0 0 0 0 0 0.0147059 0.0147059 0.0147059 0.117647 0.132353 0.25 0.205882 0.132353 0.102941 0 0.0147059 0 0 0 0 

2240 2227 1603 102 0 0.718455 0 0 0 0 0 0 0 0 0 0 0 0 0 0 0 0 0 0 0.0144928 0 0.0434783 0.115942 0.275362 0.15942 0.173913 0.15942 0.057971 0 0 0 0 0 0 

2208 2197 1602 92 0 0.728266 0 0 0 0 0 0 0 0 0 0 0 0 0 0 0 0 0 0 0.0294118 0.0147059 0.0294118 0.0882353 0.147059 0.205882 0.191176 0.220588 0.0588235 0.0147059 0 0 0 0 0 

