2176 2171 1602 99 0 0.736988 0 0 0 0 0 0 0 0 0 0 0 0 0 0 0 0 0 0 0 0.0298507 0 0.0447761 0.19403 0.149254 0.313433 0.19403 0.0746269 0 0 0 0 0 0 

2240 2221 1603 106 0 0.720396 0 0 0 0 0 0 0 0 0 0 0 0 0 0 0 0 0 0 0 0.0144928 0.0289855 0.130435 0.202899 0.231884 0.173913 0.173913 0.0434783 0 0 0 0 0 0 

2208 2186 1602 96 0 0.73193 0 0 0 0 0 0 0 0 0 0 0 0 0 0 0 0 0 0 0 0 0.0294118 0.102941 0.176471 0.161765 0.308824 0.102941 0.102941 0.0147059 0 0 0 0 0 

2208 2186 1602 89 0 0.73193 0 0 0 0 0 0 0 0 0 0 0 0 0 0 0 0 0 0 0 0 0.0882353 0.0588235 0.147059 0.147059 0.308824 0.161765 0.0441176 0.0441176 0 0 0 0 0 

2208 2189 1602 89 0 0.730927 0 0 0 0 0 0 0 0 0 0 0 0 0 0 0 0 0 0 0.0147059 0 0.0441176 0.0588235 0.191176 0.176471 0.220588 0.235294 0.0441176 0.0147059 0 0 0 0 0 

2240 2215 1602 95 0 0.722348 0 0 0 0 0 0 0 0 0 0 0 0 0 0 0 0 0 0 0.0144928 0.0144928 0.0144928 0.057971 0.231884 0.231884 0.246377 0.173913 0.0144928 0 0 0 0 0 0 

2208 2196 1602 90 0 0.728597 0 0 0 0 0 0 0 0 0 0 0 0 0 0 0 0 0 0 0 0 0.0735294 0.117647 0.147059 0.161765 0.264706 0.117647 0.102941 0.0147059 0 0 0 0 0 

2208 2196 1602 96 0 0.728597 0 0 0 0 0 0 0 0 0 0 0 0 0 0 0 0 0 0 0 0.0147059 0.0882353 0.0588235 0.191176 0.191176 0.205882 0.117647 0.0882353 0.0294118 0.0147059 0 0 0 0 

2240 2212 1602 95 0 0.723327 0 0 0 0 0 0 0 0 0 0 0 0 0 0 0 0 0 0 0.0144928 0.0289855 0.0434783 0.057971 0.202899 0.217391 0.217391 0.101449 0.0869565 0.0289855 0 0 0 0 0 

2240 2225 1602 96 0 0.719101 0 0 0 0 0 0 0 0 0 0 0 0 0 0 0 0 0 0 0 0.0144928 0.0869565 0.101449 0.144928 0.26087 0.188406 0.15942 0.0434783 0 0 0 0 0 0 

