2240 2229 1603 101 0 0.717811 0 0 0 0 0 0 0 0 0 0 0 0 0 0 0 0 0.0144928 0 0.0144928 0 0.0869565 0.0869565 0.115942 0.217391 0.333333 0.0724638 0.057971 0 0 0 0 0 0 

2208 2193 1602 90 0 0.729594 0 0 0 0 0 0 0 0 0 0 0 0 0 0 0 0 0 0 0 0.0588235 0.0588235 0.0294118 0.117647 0.161765 0.338235 0.161765 0.0588235 0.0147059 0 0 0 0 0 

2208 2198 1602 93 0 0.727934 0 0 0 0 0 0 0 0 0 0 0 0 0 0 0 0 0 0 0 0.0147059 0.0441176 0.102941 0.117647 0.279412 0.205882 0.191176 0.0147059 0.0294118 0 0 0 0 0 

2240 2222 1602 96 0 0.720072 0 0 0 0 0 0 0 0 0 0 0 0 0 0 0 0 0 0 0 0 0.0724638 0.144928 0.15942 0.217391 0.217391 0.101449 0.0869565 0 0 0 0 0 0 

2208 2195 1603 100 0 0.728929 0 0 0 0 0 0 0 0 0 0 0 0 0 0 0 0 0 0.0147059 0.0147059 0.0147059 0.0147059 0.0882353 0.161765 0.161765 0.279412 0.161765 0.0588235 0.0294118 0 0 0 0 0 

2240 2218 1602 93 0 0.721371 0 0 0 0 0 0 0 0 0 0 0 0 0 0 0 0 0 0 0 0.0289855 0.057971 0.115942 0.15942 0.202899 0.202899 0.144928 0.0869565 0 0 0 0 0 0 

2240 2213 1602 89 0 0.723 0 0 0 0 0 0 0 0 0 0 0 0 0 0 0 0 0 0 0 0.0144928 0.0434783 0.057971 0.246377 0.246377 0.173913 0.144928 0.057971 0.0144928 0 0 0 0 0 

2208 2187 1603 100 0 0.731596 0 0 0 0 0 0 0 0 0 0 0 0 0 0 0 0 0 0 0 0 0.0294118 0.117647 0.0882353 0.294118 0.25 0.147059 0.0294118 0.0294118 0.0147059 0 0 0 0 

2208 2196 1602 97 0 0.728597 0 0 0 0 0 0 0 0 0 0 0 0 0 0 0 0 0 0 0.0147059 0.0147059 0.0441176 0.0588235 0.147059 0.25 0.220588 0.176471 0.0735294 0 0 0 0 0 0 

2176 2166 1602 98 0 0.738689 0 0 0 0 0 0 0 0 0 0 0 0 0 0 0 0 0 0 0 0.0298507 0.0298507 0.0597015 0.164179 0.119403 0.238806 0.253731 0.0895522 0.0149254 0 0 0 0 0 

