2240 2212 1602 84 0 0.723327 0 0 0 0 0 0 0 0 0 0 0 0 0 0 0 0 0 0 0 0 0.057971 0.15942 0.202899 0.115942 0.188406 0.173913 0.0869565 0.0144928 0 0 0 0 0 

2240 2212 1602 97 0 0.723327 0 0 0 0 0 0 0 0 0 0 0 0 0 0 0 0 0 0.0144928 0 0.0144928 0.0289855 0.0724638 0.15942 0.26087 0.246377 0.173913 0.0144928 0.0144928 0 0 0 0 0 

2208 2195 1602 97 0 0.728929 0 0 0 0 0 0 0 0 0 0 0 0 0 0 0 0 0 0 0 0.0294118 0.0294118 0.0882353 0.132353 0.279412 0.176471 0.205882 0.0294118 0.0294118 0 0 0 0 0 

2240 2224 1602 88 0 0.719424 0 0 0 0 0 0 0 0 0 0 0 0 0 0 0 0 0 0 0 0.0144928 0.0724638 0.0869565 0.130435 0.304348 0.26087 0.115942 0 0 0.0144928 0 0 0 0 

2272 2246 1602 98 0 0.712378 0 0 0 0 0 0 0 0 0 0 0 0 0 0 0 0 0 0 0.0142857 0.0142857 0.0428571 0.1 0.257143 0.285714 0.128571 0.0857143 0.0714286 0 0 0 0 0 0 

2176 2165 1602 95 0 0.73903 0 0 0 0 0 0 0 0 0 0 0 0 0 0 0 0 0 0 0 0.0298507 0.0149254 0.0746269 0.149254 0.164179 0.179104 0.313433 0.0447761 0.0298507 0 0 0 0 0 

2208 2196 1603 103 0 0.728597 0 0 0 0 0 0 0 0 0 0 0 0 0 0 0 0 0 0 0.0147059 0 0.0441176 0.0882353 0.191176 0.176471 0.264706 0.117647 0.0735294 0.0147059 0.0147059 0 0 0 0 

2208 2180 1602 87 0 0.733945 0 0 0 0 0 0 0 0 0 0 0 0 0 0 0 0 0 0 0 0.0147059 0.0588235 0.0588235 0.161765 0.235294 0.132353 0.191176 0.102941 0.0294118 0.0147059 0 0 0 0 

2240 2220 1603 104 0 0.720721 0 0 0 0 0 0 0 0 0 0 0 0 0 0 0 0 0 0 0 0.0289855 0.0289855 0.0869565 0.217391 0.231884 0.246377 0.0869565 0.057971 0.0144928 0 0 0 0 0 

2240 2223 1602 86 0 0.719748 0 0 0 0 0 0 0 0 0 0 0 0 0 0 0 0 0 0 0 0.0289855 0.0434783 0.144928 0.130435 0.26087 0.173913 0.15942 0.057971 0 0 0 0 0 0 

