2208 2191 1602 96 0 0.73026 0 0 0 0 0 0 0 0 0 0 0 0 0 0 0 0 0 0 0 0 0.0294118 0.102941 0.147059 0.220588 0.279412 0.161765 0.0588235 0 0 0 0 0 0 

2208 2181 1602 92 0 0.733608 0 0 0 0 0 0 0 0 0 0 0 0 0 0 0 0 0 0 0 0.0147059 0.0147059 0.0588235 0.117647 0.279412 0.308824 0.117647 0.0735294 0.0147059 0 0 0 0 0 

2240 2218 1603 99 0 0.721371 0 0 0 0 0 0 0 0 0 0 0 0 0 0 0 0 0 0 0.0289855 0 0.057971 0.101449 0.202899 0.130435 0.231884 0.173913 0.057971 0.0144928 0 0 0 0 0 

2208 2184 1602 89 0 0.732601 0 0 0 0 0 0 0 0 0 0 0 0 0 0 0 0 0 0 0 0.0147059 0.0294118 0.0735294 0.147059 0.264706 0.176471 0.176471 0.117647 0 0 0 0 0 0 

2240 2212 1603 101 0 0.723327 0 0 0 0 0 0 0 0 0 0 0 0 0 0 0 0 0 0 0.0144928 0 0.0434783 0.115942 0.173913 0.173913 0.275362 0.144928 0.0289855 0.0144928 0.0144928 0 0 0 0 

2208 2190 1602 95 0 0.730594 0 0 0 0 0 0 0 0 0 0 0 0 0 0 0 0 0 0 0 0.0147059 0.0588235 0.0735294 0.102941 0.25 0.25 0.161765 0.0882353 0 0 0 0 0 0 

2176 2161 1602 97 0 0.740398 0 0 0 0 0 0 0 0 0 0 0 0 0 0 0 0 0 0 0 0 0.0447761 0.0447761 0.104478 0.208955 0.313433 0.179104 0.104478 0 0 0 0 0 0 

2208 2195 1602 88 0 0.728929 0 0 0 0 0 0 0 0 0 0 0 0 0 0 0 0 0 0 0.0147059 0.0147059 0.0294118 0.0882353 0.176471 0.205882 0.191176 0.191176 0.0735294 0.0147059 0 0 0 0 0 

2208 2191 1602 97 0 0.73026 0 0 0 0 0 0 0 0 0 0 0 0 0 0 0 0 0 0 0 0 0.0294118 0.0441176 0.205882 0.235294 0.308824 0.117647 0.0588235 0 0 0 0 0 0 

2208 2189 1603 101 0 0.730927 0 0 0 0 0 0 0 0 0 0 0 0 0 0 0 0 0 0 0 0 0.0441176 0.0735294 0.176471 0.220588 0.279412 0.0882353 0.0882353 0.0294118 0 0 0 0 0 

