2208 2189 1602 97 0 0.730927 0 0 0 0 0 0 0 0 0 0 0 0 0 0 0 0 0 0 0 0.0147059 0.0147059 0.0294118 0.235294 0.235294 0.25 0.147059 0.0735294 0 0 0 0 0 0 

2176 2158 1602 88 0 0.741427 0 0 0 0 0 0 0 0 0 0 0 0 0 0 0 0 0 0 0 0 0.0149254 0.0597015 0.19403 0.19403 0.223881 0.179104 0.0746269 0.0447761 0.0149254 0 0 0 0 

2240 2227 1602 89 0 0.718455 0 0 0 0 0 0 0 0 0 0 0 0 0 0 0 0 0 0.0144928 0 0.0144928 0.057971 0.115942 0.130435 0.318841 0.144928 0.144928 0.0434783 0.0144928 0 0 0 0 0 

2208 2199 1602 93 0 0.727603 0 0 0 0 0 0 0 0 0 0 0 0 0 0 0 0 0 0 0.0147059 0.0294118 0.0441176 0.117647 0.102941 0.176471 0.220588 0.25 0.0147059 0.0294118 0 0 0 0 0 

2208 2180 1602 92 0 0.733945 0 0 0 0 0 0 0 0 0 0 0 0 0 0 0 0 0 0 0 0.0147059 0.0147059 0.0882353 0.191176 0.191176 0.161765 0.220588 0.102941 0.0147059 0 0 0 0 0 

2208 2193 1602 96 0 0.729594 0 0 0 0 0 0 0 0 0 0 0 0 0 0 0 0 0 0 0 0.0147059 0.0441176 0.0294118 0.161765 0.25 0.323529 0.132353 0.0441176 0 0 0 0 0 0 

2240 2221 1602 90 0 0.720396 0 0 0 0 0 0 0 0 0 0 0 0 0 0 0 0 0 0 0 0.0289855 0.0289855 0.115942 0.217391 0.202899 0.173913 0.188406 0.0434783 0 0 0 0 0 0 

2208 2192 1602 98 0 0.729927 0 0 0 0 0 0 0 0 0 0 0 0 0 0 0 0 0 0 0.0147059 0.0294118 0.0147059 0.0588235 0.117647 0.279412 0.279412 0.117647 0.0735294 0.0147059 0 0 0 0 0 

2176 2169 1600 96 0 0.737667 0 0 0 0 0 0 0 0 0 0 0 0 0 0 0 0 0 0 0 0 0.0298507 0.0298507 0.119403 0.328358 0.253731 0.164179 0.0746269 0 0 0 0 0 0 

2240 2229 1602 94 0 0.717811 0 0 0 0 0 0 0 0 0 0 0 0 0 0 0 0 0 0 0.0144928 0.0289855 0.0289855 0.144928 0.173913 0.202899 0.231884 0.130435 0.0144928 0.0289855 0 0 0 0 0 

