2208 2194 1602 92 0 0.729262 0 0 0 0 0 0 0 0 0 0 0 0 0 0 0 0 0 0 0 0.0588235 0 0.0588235 0.235294 0.161765 0.294118 0.0294118 0.117647 0.0441176 0 0 0 0 0 

2208 2190 1602 96 0 0.730594 0 0 0 0 0 0 0 0 0 0 0 0 0 0 0 0 0 0 0 0.0147059 0.0588235 0.0735294 0.132353 0.205882 0.25 0.176471 0.0882353 0 0 0 0 0 0 

2240 2217 1603 102 0 0.721696 0 0 0 0 0 0 0 0 0 0 0 0 0 0 0 0 0 0.0144928 0 0.0144928 0.057971 0.0869565 0.15942 0.231884 0.217391 0.144928 0.057971 0 0.0144928 0 0 0 0 

2208 2192 1602 91 0 0.729927 0 0 0 0 0 0 0 0 0 0 0 0 0 0 0 0 0 0.0147059 0 0 0.0147059 0.0735294 0.191176 0.235294 0.294118 0.0882353 0.0294118 0.0588235 0 0 0 0 0 

2176 2170 1600 91 0 0.737327 0 0 0 0 0 0 0 0 0 0 0 0 0 0 0 0 0 0 0 0 0.0746269 0.0895522 0.0597015 0.253731 0.223881 0.164179 0.104478 0.0298507 0 0 0 0 0 

2208 2197 1603 99 0 0.728266 0 0 0 0 0 0 0 0 0 0 0 0 0 0 0 0 0 0 0.0147059 0 0.0882353 0.0735294 0.102941 0.235294 0.264706 0.117647 0.0588235 0.0441176 0 0 0 0 0 

2176 2167 1602 88 0 0.738348 0 0 0 0 0 0 0 0 0 0 0 0 0 0 0 0 0 0 0 0 0.0298507 0.0597015 0.179104 0.149254 0.298507 0.19403 0.0895522 0 0 0 0 0 0 

2208 2201 1601 100 0 0.726942 0 0 0 0 0 0 0 0 0 0 0 0 0 0 0 0 0 0 0 0 0.0294118 0.102941 0.205882 0.25 0.220588 0.117647 0.0441176 0.0294118 0 0 0 0 0 

2240 2222 1602 92 0 0.720072 0 0 0 0 0 0 0 0 0 0 0 0 0 0 0 0 0 0 0 0 0.0724638 0.115942 0.15942 0.289855 0.188406 0.101449 0.057971 0.0144928 0 0 0 0 0 

2240 2215 1602 98 0 0.722348 0 0 0 0 0 0 0 0 0 0 0 0 0 0 0 0 0 0 0.0144928 0.0144928 0.0289855 0.15942 0.15942 0.144928 0.231884 0.188406 0.0289855 0.0289855 0 0 0 0 0 

