2240 2215 1602 91 0 0.722348 0 0 0 0 0 0 0 0 0 0 0 0 0 0 0 0 0 0.0144928 0.0144928 0.0289855 0.0434783 0.0724638 0.173913 0.15942 0.246377 0.173913 0.0434783 0.0289855 0 0 0 0 0 

2208 2199 1602 98 0 0.727603 0 0 0 0 0 0 0 0 0 0 0 0 0 0 0 0 0 0 0 0 0.0588235 0.0735294 0.220588 0.191176 0.25 0.117647 0.0735294 0.0147059 0 0 0 0 0 

2208 2189 1602 89 0 0.730927 0 0 0 0 0 0 0 0 0 0 0 0 0 0 0 0 0 0 0 0.0294118 0.0588235 0.0882353 0.102941 0.220588 0.191176 0.205882 0.0735294 0.0294118 0 0 0 0 0 

2208 2201 1600 90 0 0.726942 0 0 0 0 0 0 0 0 0 0 0 0 0 0 0 0 0 0.0147059 0 0 0.0147059 0.0735294 0.205882 0.279412 0.220588 0.117647 0.0735294 0 0 0 0 0 0 

2208 2185 1602 90 0 0.732265 0 0 0 0 0 0 0 0 0 0 0 0 0 0 0 0 0 0 0 0 0.0294118 0.0735294 0.176471 0.176471 0.308824 0.191176 0.0294118 0.0147059 0 0 0 0 0 

2208 2192 1602 87 0 0.729927 0 0 0 0 0 0 0 0 0 0 0 0 0 0 0 0 0 0 0.0147059 0.0294118 0.0294118 0.0735294 0.132353 0.220588 0.264706 0.132353 0.0588235 0.0441176 0 0 0 0 0 

2176 2169 1600 101 0 0.737667 0 0 0 0 0 0 0 0 0 0 0 0 0 0 0 0 0 0 0 0.0149254 0.0149254 0.119403 0.134328 0.164179 0.223881 0.19403 0.119403 0.0149254 0 0 0 0 0 

2208 2185 1603 99 0 0.732265 0 0 0 0 0 0 0 0 0 0 0 0 0 0 0 0 0 0.0147059 0 0.0147059 0.0441176 0.0882353 0.102941 0.191176 0.25 0.161765 0.102941 0.0294118 0 0 0 0 0 

2208 2187 1602 92 0 0.731596 0 0 0 0 0 0 0 0 0 0 0 0 0 0 0 0 0 0 0.0147059 0.0294118 0.0441176 0.0294118 0.176471 0.161765 0.264706 0.161765 0.102941 0.0147059 0 0 0 0 0 

2240 2211 1602 88 0 0.723654 0 0 0 0 0 0 0 0 0 0 0 0 0 0 0 0 0 0 0 0.0144928 0.057971 0.0724638 0.173913 0.26087 0.15942 0.217391 0.0434783 0 0 0 0 0 0 

