2208 2200 1602 89 0 0.727273 0 0 0 0 0 0 0 0 0 0 0 0 0 0 0 0 0 0 0.0147059 0 0.0441176 0.102941 0.147059 0.264706 0.205882 0.147059 0.0441176 0.0147059 0.0147059 0 0 0 0 

2176 2164 1602 93 0 0.739372 0 0 0 0 0 0 0 0 0 0 0 0 0 0 0 0 0 0 0 0 0.0597015 0.0149254 0.134328 0.253731 0.208955 0.253731 0.0597015 0.0149254 0 0 0 0 0 

2240 2222 1602 97 0 0.720072 0 0 0 0 0 0 0 0 0 0 0 0 0 0 0 0 0 0 0 0.057971 0.057971 0.0724638 0.15942 0.275362 0.130435 0.15942 0.0724638 0.0144928 0 0 0 0 0 

2208 2196 1602 87 0 0.728597 0 0 0 0 0 0 0 0 0 0 0 0 0 0 0 0 0 0 0.0147059 0.0147059 0.0441176 0.0735294 0.117647 0.264706 0.205882 0.205882 0.0588235 0 0 0 0 0 0 

2240 2215 1603 105 0 0.722348 0 0 0 0 0 0 0 0 0 0 0 0 0 0 0.0144928 0 0 0 0.0144928 0 0 0.130435 0.202899 0.173913 0.246377 0.130435 0.057971 0.0289855 0 0 0 0 0 

2240 2219 1602 97 0 0.721045 0 0 0 0 0 0 0 0 0 0 0 0 0 0 0 0 0 0 0 0.0289855 0.0724638 0.0724638 0.15942 0.246377 0.217391 0.144928 0.0434783 0.0144928 0 0 0 0 0 

2208 2197 1602 98 0 0.728266 0 0 0 0 0 0 0 0 0 0 0 0 0 0 0 0 0 0 0 0.0147059 0.0147059 0.0882353 0.191176 0.25 0.235294 0.147059 0.0441176 0.0147059 0 0 0 0 0 

2176 2164 1602 89 0 0.739372 0 0 0 0 0 0 0 0 0 0 0 0 0 0 0 0 0 0 0.0149254 0.0149254 0.0298507 0.0447761 0.0895522 0.208955 0.298507 0.19403 0.0895522 0.0149254 0 0 0 0 0 

2208 2183 1601 80 0 0.732936 0 0 0 0 0 0 0 0 0 0 0 0 0 0 0 0 0 0 0 0.0294118 0 0.0882353 0.132353 0.191176 0.308824 0.191176 0.0588235 0 0 0 0 0 0 

2240 2226 1602 96 0 0.718778 0 0 0 0 0 0 0 0 0 0 0 0 0 0 0 0 0 0 0.0144928 0.0434783 0.0434783 0.115942 0.130435 0.26087 0.173913 0.144928 0.057971 0.0144928 0 0 0 0 0 

