2208 2188 1602 89 0 0.731261 0 0 0 0 0 0 0 0 0 0 0 0 0 0 0 0 0 0 0.0147059 0.0441176 0.0588235 0.0588235 0.0588235 0.220588 0.191176 0.279412 0.0588235 0.0147059 0 0 0 0 0 

2240 2213 1602 94 0 0.723 0 0 0 0 0 0 0 0 0 0 0 0 0 0 0 0 0 0 0 0.0144928 0.0869565 0.0869565 0.0869565 0.289855 0.231884 0.144928 0.0289855 0.0289855 0 0 0 0 0 

2208 2202 1600 86 0 0.726612 0 0 0 0 0 0 0 0 0 0 0 0 0 0 0 0 0 0 0 0.0147059 0.0294118 0.102941 0.176471 0.25 0.205882 0.161765 0.0588235 0 0 0 0 0 0 

2240 2226 1602 98 0 0.718778 0 0 0 0 0 0 0 0 0 0 0 0 0 0 0 0 0 0 0.0144928 0.0289855 0.0434783 0.115942 0.188406 0.188406 0.231884 0.115942 0.057971 0.0144928 0 0 0 0 0 

2208 2182 1603 99 0 0.733272 0 0 0 0 0 0 0 0 0 0 0 0 0 0 0 0 0 0 0 0.0294118 0.0147059 0.0882353 0.147059 0.132353 0.25 0.294118 0.0441176 0 0 0 0 0 0 

2240 2211 1602 91 0 0.723654 0 0 0 0 0 0 0 0 0 0 0 0 0 0 0 0 0 0 0 0.0144928 0.0289855 0.130435 0.144928 0.26087 0.217391 0.115942 0.0724638 0.0144928 0 0 0 0 0 

2208 2188 1602 94 0 0.731261 0 0 0 0 0 0 0 0 0 0 0 0 0 0 0 0 0 0 0 0 0.0441176 0.0735294 0.161765 0.25 0.220588 0.161765 0.0735294 0.0147059 0 0 0 0 0 

2240 2213 1603 102 0 0.723 0 0 0 0 0 0 0 0 0 0 0 0 0 0 0 0 0 0 0.0289855 0.0289855 0.0144928 0.0724638 0.15942 0.173913 0.347826 0.115942 0.0434783 0.0144928 0 0 0 0 0 

2240 2213 1603 99 0 0.723 0 0 0 0 0 0 0 0 0 0 0 0 0 0 0 0 0 0 0 0.0289855 0.0434783 0.115942 0.173913 0.130435 0.26087 0.188406 0.057971 0 0 0 0 0 0 

2208 2197 1602 91 0 0.728266 0 0 0 0 0 0 0 0 0 0 0 0 0 0 0 0 0 0 0 0.0294118 0.0294118 0.0441176 0.191176 0.264706 0.25 0.117647 0.0441176 0.0294118 0 0 0 0 0 

