2208 2187 1602 90 0 0.731596 0 0 0 0 0 0 0 0 0 0 0 0 0 0 0 0 0 0 0.0147059 0.0147059 0.0294118 0.0882353 0.0735294 0.235294 0.264706 0.235294 0.0441176 0 0 0 0 0 0 

2240 2215 1602 92 0 0.722348 0 0 0 0 0 0 0 0 0 0 0 0 0 0 0 0 0 0 0.0144928 0.0289855 0.0869565 0.057971 0.115942 0.26087 0.202899 0.130435 0.0724638 0.0289855 0 0 0 0 0 

2208 2192 1603 101 0 0.729927 0 0 0 0 0 0 0 0 0 0 0 0 0 0 0 0 0 0 0 0 0.0294118 0.117647 0.161765 0.235294 0.176471 0.191176 0.0882353 0 0 0 0 0 0 

2208 2187 1602 87 0 0.731596 0 0 0 0 0 0 0 0 0 0 0 0 0 0 0 0 0 0 0 0 0 0.176471 0.102941 0.279412 0.176471 0.176471 0.0441176 0.0294118 0.0147059 0 0 0 0 

2208 2195 1602 93 0 0.728929 0 0 0 0 0 0 0 0 0 0 0 0 0 0 0 0 0 0.0147059 0 0.0441176 0.0147059 0.0588235 0.117647 0.191176 0.367647 0.132353 0.0441176 0.0147059 0 0 0 0 0 

2208 2198 1602 90 0 0.727934 0 0 0 0 0 0 0 0 0 0 0 0 0 0 0 0 0 0 0.0147059 0.0294118 0.0294118 0.0294118 0.161765 0.25 0.308824 0.132353 0.0147059 0.0294118 0 0 0 0 0 

2176 2164 1602 89 0 0.739372 0 0 0 0 0 0 0 0 0 0 0 0 0 0 0 0 0 0 0.0149254 0.0149254 0.0149254 0.0597015 0.149254 0.134328 0.238806 0.313433 0.0447761 0.0149254 0 0 0 0 0 

2208 2193 1602 98 0 0.729594 0 0 0 0 0 0 0 0 0 0 0 0 0 0 0 0 0 0 0.0294118 0 0.0294118 0.0588235 0.0735294 0.279412 0.367647 0.132353 0.0147059 0.0147059 0 0 0 0 0 

2208 2186 1602 93 0 0.73193 0 0 0 0 0 0 0 0 0 0 0 0 0 0 0 0 0 0 0 0.0294118 0.0147059 0.117647 0.0882353 0.264706 0.191176 0.176471 0.117647 0 0 0 0 0 0 

2208 2197 1602 93 0 0.728266 0 0 0 0 0 0 0 0 0 0 0 0 0 0 0 0 0 0 0 0.0147059 0.0588235 0.0882353 0.117647 0.235294 0.294118 0.102941 0.0735294 0.0147059 0 0 0 0 0 

