2208 2196 1602 91 0 0.728597 0 0 0 0 0 0 0 0 0 0 0 0 0 0 0 0 0 0 0 0 0.0588235 0.102941 0.205882 0.161765 0.220588 0.161765 0.0588235 0.0147059 0.0147059 0 0 0 0 

2208 2190 1602 92 0 0.730594 0 0 0 0 0 0 0 0 0 0 0 0 0 0 0 0 0 0 0 0.0147059 0.0294118 0.102941 0.117647 0.235294 0.264706 0.161765 0.0588235 0.0147059 0 0 0 0 0 

2208 2195 1602 92 0 0.728929 0 0 0 0 0 0 0 0 0 0 0 0 0 0 0 0 0 0 0.0294118 0.0147059 0.0147059 0.0735294 0.220588 0.147059 0.191176 0.235294 0.0588235 0.0147059 0 0 0 0 0 

2208 2186 1602 95 0 0.73193 0 0 0 0 0 0 0 0 0 0 0 0 0 0 0 0 0 0.0147059 0 0 0.0441176 0.0882353 0.132353 0.191176 0.264706 0.176471 0.0441176 0.0294118 0.0147059 0 0 0 0 

2208 2196 1602 95 0 0.728597 0 0 0 0 0 0 0 0 0 0 0 0 0 0 0 0 0 0 0 0.0294118 0.0441176 0.117647 0.102941 0.205882 0.235294 0.176471 0.0882353 0 0 0 0 0 0 

2176 2156 1602 89 0 0.742115 0 0 0 0 0 0 0 0 0 0 0 0 0 0 0 0 0 0 0 0.0298507 0.0298507 0.0298507 0.134328 0.164179 0.298507 0.164179 0.104478 0.0298507 0.0149254 0 0 0 0 

2208 2190 1602 93 0 0.730594 0 0 0 0 0 0 0 0 0 0 0 0 0 0 0 0 0 0 0.0147059 0.0294118 0.0441176 0.0735294 0.0882353 0.235294 0.235294 0.176471 0.0882353 0.0147059 0 0 0 0 0 

2240 2216 1602 94 0 0.722022 0 0 0 0 0 0 0 0 0 0 0 0 0 0 0 0 0 0 0.0144928 0.0144928 0.0434783 0.0724638 0.188406 0.231884 0.217391 0.173913 0.0434783 0 0 0 0 0 0 

2176 2164 1602 85 0 0.739372 0 0 0 0 0 0 0 0 0 0 0 0 0 0 0 0 0 0 0 0 0.0597015 0.0597015 0.164179 0.149254 0.223881 0.208955 0.104478 0.0298507 0 0 0 0 0 

2240 2223 1603 102 0 0.719748 0 0 0 0 0 0 0 0 0 0 0 0 0 0 0 0 0 0.0144928 0 0 0.057971 0.115942 0.231884 0.15942 0.173913 0.188406 0.0434783 0.0144928 0 0 0 0 0 

