2208 2180 1602 89 0 0.733945 0 0 0 0 0 0 0 0 0 0 0 0 0 0 0 0 0 0 0 0 0.0294118 0.0735294 0.102941 0.279412 0.279412 0.161765 0.0588235 0.0147059 0 0 0 0 0 

2240 2222 1602 94 0 0.720072 0 0 0 0 0 0 0 0 0 0 0 0 0 0 0 0 0 0 0 0.0144928 0.130435 0.0869565 0.115942 0.188406 0.26087 0.130435 0.057971 0.0144928 0 0 0 0 0 

2176 2166 1601 86 0 0.738689 0 0 0 0 0 0 0 0 0 0 0 0 0 0 0 0 0 0 0 0.0149254 0.0149254 0.104478 0.104478 0.19403 0.298507 0.149254 0.0746269 0.0447761 0 0 0 0 0 

2208 2192 1602 94 0 0.729927 0 0 0 0 0 0 0 0 0 0 0 0 0 0 0 0 0 0 0.0294118 0 0.0294118 0.0882353 0.25 0.132353 0.117647 0.235294 0.0882353 0.0147059 0.0147059 0 0 0 0 

2240 2229 1603 101 0 0.717811 0 0 0 0 0 0 0 0 0 0 0 0 0 0 0 0 0 0 0 0.0144928 0.057971 0.0869565 0.231884 0.231884 0.246377 0.101449 0 0.0289855 0 0 0 0 0 

2208 2192 1602 98 0 0.729927 0 0 0 0 0 0 0 0 0 0 0 0 0 0 0 0 0 0 0.0147059 0.0294118 0.0294118 0.0588235 0.117647 0.220588 0.279412 0.205882 0.0294118 0.0147059 0 0 0 0 0 

2208 2191 1603 99 0 0.73026 0 0 0 0 0 0 0 0 0 0 0 0 0 0 0 0 0 0 0 0 0.0588235 0.147059 0.0441176 0.264706 0.235294 0.176471 0.0294118 0.0294118 0.0147059 0 0 0 0 

2208 2200 1600 94 0 0.727273 0 0 0 0 0 0 0 0 0 0 0 0 0 0 0 0 0 0 0 0 0.0294118 0.132353 0.147059 0.338235 0.117647 0.176471 0.0147059 0.0294118 0.0147059 0 0 0 0 

2208 2194 1602 88 0 0.729262 0 0 0 0 0 0 0 0 0 0 0 0 0 0 0 0 0 0 0 0 0.0294118 0.0882353 0.161765 0.323529 0.147059 0.176471 0.0735294 0 0 0 0 0 0 

2208 2188 1602 88 0 0.731261 0 0 0 0 0 0 0 0 0 0 0 0 0 0 0 0 0 0 0 0 0.0735294 0.0441176 0.176471 0.220588 0.161765 0.264706 0.0588235 0 0 0 0 0 0 

