2240 2212 1602 94 0 0.723327 0 0 0 0 0 0 0 0 0 0 0 0 0 0 0 0 0 0 0 0.0434783 0.0434783 0.115942 0.144928 0.144928 0.304348 0.0869565 0.101449 0.0144928 0 0 0 0 0 

2240 2211 1602 89 0 0.723654 0 0 0 0 0 0 0 0 0 0 0 0 0 0 0 0 0 0 0 0 0.0434783 0.115942 0.173913 0.202899 0.275362 0.130435 0.057971 0 0 0 0 0 0 

2208 2191 1602 94 0 0.73026 0 0 0 0 0 0 0 0 0 0 0 0 0 0 0 0 0 0 0 0.0294118 0.0294118 0.0735294 0.132353 0.220588 0.279412 0.176471 0.0441176 0.0147059 0 0 0 0 0 

2240 2216 1603 102 0 0.722022 0 0 0 0 0 0 0 0 0 0 0 0 0 0 0 0 0 0.0144928 0 0.0289855 0.0434783 0.115942 0.15942 0.115942 0.289855 0.15942 0.057971 0.0144928 0 0 0 0 0 

2240 2219 1602 92 0 0.721045 0 0 0 0 0 0 0 0 0 0 0 0 0 0 0 0 0 0 0 0 0.057971 0.130435 0.173913 0.275362 0.130435 0.173913 0.0434783 0.0144928 0 0 0 0 0 

2240 2214 1602 86 0 0.722674 0 0 0 0 0 0 0 0 0 0 0 0 0 0 0 0 0 0 0 0.0289855 0.0724638 0.0724638 0.130435 0.246377 0.231884 0.15942 0.0434783 0.0144928 0 0 0 0 0 

2240 2228 1602 96 0 0.718133 0 0 0 0 0 0 0 0 0 0 0 0 0 0 0 0 0 0 0 0.0289855 0.057971 0.144928 0.173913 0.173913 0.217391 0.15942 0.0289855 0.0144928 0 0 0 0 0 

2208 2189 1602 95 0 0.730927 0 0 0 0 0 0 0 0 0 0 0 0 0 0 0 0 0 0 0.0147059 0.0294118 0.0294118 0.0588235 0.147059 0.205882 0.25 0.176471 0.0441176 0.0441176 0 0 0 0 0 

2208 2192 1602 84 0 0.729927 0 0 0 0 0 0 0 0 0 0 0 0 0 0 0 0 0 0 0 0.0147059 0.0147059 0.0882353 0.147059 0.25 0.294118 0.147059 0.0294118 0 0.0147059 0 0 0 0 

2240 2219 1602 94 0 0.721045 0 0 0 0 0 0 0 0 0 0 0 0 0 0 0 0 0 0 0.0144928 0 0.057971 0.101449 0.202899 0.231884 0.144928 0.173913 0.0724638 0 0 0 0 0 0 

