2208 2185 1603 100 0 0.732265 0 0 0 0 0 0 0 0 0 0 0 0 0 0 0 0 0 0 0.0294118 0 0.0147059 0.0735294 0.132353 0.279412 0.205882 0.147059 0.0588235 0.0588235 0 0 0 0 0 

2240 2218 1602 88 0 0.721371 0 0 0 0 0 0 0 0 0 0 0 0 0 0 0 0 0 0 0 0.0289855 0.0869565 0.0869565 0.144928 0.217391 0.26087 0.0724638 0.057971 0.0289855 0.0144928 0 0 0 0 

2208 2190 1602 94 0 0.730594 0 0 0 0 0 0 0 0 0 0 0 0 0 0 0 0 0 0 0 0 0.0441176 0.0588235 0.147059 0.279412 0.264706 0.147059 0.0441176 0.0147059 0 0 0 0 0 

2208 2182 1602 86 0 0.733272 0 0 0 0 0 0 0 0 0 0 0 0 0 0 0 0 0 0 0.0147059 0.0294118 0.0147059 0.0735294 0.161765 0.205882 0.176471 0.161765 0.132353 0.0294118 0 0 0 0 0 

2240 2230 1603 99 0 0.717489 0 0 0 0 0 0 0 0 0 0 0 0 0 0 0 0 0 0 0.0144928 0.0144928 0.101449 0.0869565 0.130435 0.275362 0.15942 0.15942 0.057971 0 0 0 0 0 0 

2240 2228 1603 103 0 0.718133 0 0 0 0 0 0 0 0 0 0 0 0 0 0 0 0 0 0 0 0.0289855 0.057971 0.115942 0.217391 0.246377 0.115942 0.130435 0.057971 0.0144928 0.0144928 0 0 0 0 

2176 2159 1602 84 0 0.741084 0 0 0 0 0 0 0 0 0 0 0 0 0 0 0 0 0 0 0.0149254 0 0 0.0447761 0.179104 0.164179 0.283582 0.208955 0.0895522 0.0149254 0 0 0 0 0 

2208 2198 1602 86 0 0.727934 0 0 0 0 0 0 0 0 0 0 0 0 0 0 0 0 0 0.0147059 0 0 0.0294118 0.132353 0.102941 0.25 0.25 0.132353 0.0882353 0 0 0 0 0 0 

2208 2188 1602 89 0 0.731261 0 0 0 0 0 0 0 0 0 0 0 0 0 0 0 0 0 0 0 0.0294118 0.0441176 0.0441176 0.176471 0.220588 0.191176 0.191176 0.0882353 0.0147059 0 0 0 0 0 

2208 2197 1602 90 0 0.728266 0 0 0 0 0 0 0 0 0 0 0 0 0 0 0 0 0 0 0 0.0147059 0.0294118 0.0588235 0.220588 0.191176 0.264706 0.191176 0.0294118 0 0 0 0 0 0 

