2240 2222 1603 101 0 0.720072 0 0 0 0 0 0 0 0 0 0 0 0 0 0 0 0 0 0 0.0289855 0.0144928 0.057971 0.0724638 0.202899 0.15942 0.231884 0.173913 0.057971 0 0 0 0 0 0 

2208 2194 1602 91 0 0.729262 0 0 0 0 0 0 0 0 0 0 0 0 0 0 0 0 0 0 0 0.0147059 0.0147059 0.117647 0.147059 0.25 0.25 0.132353 0.0294118 0.0441176 0 0 0 0 0 

2240 2225 1602 94 0 0.719101 0 0 0 0 0 0 0 0 0 0 0 0 0 0 0 0 0 0 0.0434783 0.0289855 0.0434783 0.0869565 0.101449 0.217391 0.289855 0.144928 0.0434783 0 0 0 0 0 0 

2240 2215 1603 100 0 0.722348 0 0 0 0 0 0 0 0 0 0 0 0 0 0 0 0 0 0 0.0289855 0.0144928 0.0434783 0.057971 0.15942 0.26087 0.202899 0.15942 0.0724638 0 0 0 0 0 0 

2240 2212 1603 99 0 0.723327 0 0 0 0 0 0 0 0 0 0 0 0 0 0 0 0 0 0 0 0.0144928 0.0724638 0.115942 0.144928 0.231884 0.101449 0.246377 0.057971 0.0144928 0 0 0 0 0 

2240 2222 1602 95 0 0.720072 0 0 0 0 0 0 0 0 0 0 0 0 0 0 0 0 0 0 0 0 0.0289855 0.15942 0.231884 0.188406 0.188406 0.144928 0.057971 0 0 0 0 0 0 

2240 2216 1603 104 0 0.722022 0 0 0 0 0 0 0 0 0 0 0 0 0 0 0 0 0 0 0 0.0144928 0.0434783 0.115942 0.202899 0.15942 0.246377 0.173913 0.0289855 0.0144928 0 0 0 0 0 

2208 2201 1602 89 0 0.726942 0 0 0 0 0 0 0 0 0 0 0 0 0 0 0 0 0 0 0.0147059 0.0147059 0.0735294 0.0588235 0.117647 0.235294 0.25 0.176471 0.0588235 0 0 0 0 0 0 

2240 2214 1603 102 0 0.722674 0 0 0 0 0 0 0 0 0 0 0 0 0 0 0 0 0 0 0 0.0289855 0.0289855 0.144928 0.115942 0.231884 0.231884 0.15942 0.0289855 0.0289855 0 0 0 0 0 

2240 2214 1602 97 0 0.722674 0 0 0 0 0 0 0 0 0 0 0 0 0 0 0 0 0 0 0.0144928 0.0289855 0.0144928 0.115942 0.217391 0.130435 0.217391 0.188406 0.0724638 0 0 0 0 0 0 

