2240 2219 1602 98 0 0.721045 0 0 0 0 0 0 0 0 0 0 0 0 0 0 0 0 0 0.0144928 0.0434783 0 0.0144928 0.101449 0.173913 0.231884 0.15942 0.188406 0.0434783 0.0289855 0 0 0 0 0 

2208 2189 1602 91 0 0.730927 0 0 0 0 0 0 0 0 0 0 0 0 0 0 0 0 0 0 0 0.0294118 0.0147059 0.0294118 0.161765 0.323529 0.191176 0.191176 0.0588235 0 0 0 0 0 0 

2240 2211 1602 92 0 0.723654 0 0 0 0 0 0 0 0 0 0 0 0 0 0 0 0 0 0 0 0.0289855 0.0289855 0.115942 0.130435 0.246377 0.246377 0.130435 0.057971 0.0144928 0 0 0 0 0 

2176 2163 1602 95 0 0.739713 0 0 0 0 0 0 0 0 0 0 0 0 0 0 0 0 0 0 0.0149254 0 0.0298507 0.0447761 0.164179 0.19403 0.253731 0.149254 0.119403 0.0149254 0.0149254 0 0 0 0 

2208 2189 1602 95 0 0.730927 0 0 0 0 0 0 0 0 0 0 0 0 0 0 0 0 0 0 0 0 0.0147059 0.0735294 0.191176 0.279412 0.235294 0.147059 0.0294118 0.0147059 0.0147059 0 0 0 0 

2208 2195 1602 87 0 0.728929 0 0 0 0 0 0 0 0 0 0 0 0 0 0 0 0 0 0 0 0 0.0441176 0.117647 0.161765 0.235294 0.191176 0.132353 0.117647 0 0 0 0 0 0 

2208 2198 1600 80 0 0.727934 0 0 0 0 0 0 0 0 0 0 0 0 0 0 0 0 0 0.0294118 0.0147059 0 0.0735294 0.0882353 0.0735294 0.161765 0.308824 0.132353 0.102941 0.0147059 0 0 0 0 0 

2208 2187 1602 91 0 0.731596 0 0 0 0 0 0 0 0 0 0 0 0 0 0 0 0 0 0 0 0 0.0147059 0.0588235 0.176471 0.25 0.308824 0.161765 0.0147059 0.0147059 0 0 0 0 0 

2240 2212 1602 94 0 0.723327 0 0 0 0 0 0 0 0 0 0 0 0 0 0 0 0 0 0 0 0.0144928 0.057971 0.0724638 0.15942 0.231884 0.304348 0.101449 0.0434783 0.0144928 0 0 0 0 0 

2208 2198 1601 84 0 0.727934 0 0 0 0 0 0 0 0 0 0 0 0 0 0 0 0 0 0 0 0.0147059 0.102941 0.0441176 0.117647 0.25 0.220588 0.176471 0.0588235 0.0147059 0 0 0 0 0 

