2208 2182 1603 101 0 0.733272 0 0 0 0 0 0 0 0 0 0 0 0 0 0 0 0 0 0 0 0.0147059 0.0147059 0.0882353 0.147059 0.191176 0.279412 0.176471 0.0735294 0.0147059 0 0 0 0 0 

2208 2199 1601 92 0 0.727603 0 0 0 0 0 0 0 0 0 0 0 0 0 0 0 0 0 0 0 0.0147059 0.0294118 0.117647 0.132353 0.308824 0.176471 0.117647 0.0882353 0.0147059 0 0 0 0 0 

2208 2198 1602 92 0 0.727934 0 0 0 0 0 0 0 0 0 0 0 0 0 0 0 0 0 0 0 0.0147059 0.0147059 0.176471 0.102941 0.264706 0.176471 0.147059 0.0882353 0.0147059 0 0 0 0 0 

2208 2185 1603 105 0 0.732265 0 0 0 0 0 0 0 0 0 0 0 0 0 0 0 0 0 0 0.0147059 0.0147059 0.0441176 0.0882353 0.117647 0.205882 0.205882 0.161765 0.132353 0 0.0147059 0 0 0 0 

2208 2181 1602 85 0 0.733608 0 0 0 0 0 0 0 0 0 0 0 0 0 0 0 0 0 0 0 0 0.0588235 0.0882353 0.147059 0.220588 0.176471 0.161765 0.117647 0.0147059 0.0147059 0 0 0 0 

2208 2193 1602 92 0 0.729594 0 0 0 0 0 0 0 0 0 0 0 0 0 0 0 0 0 0 0 0 0.0735294 0.0441176 0.176471 0.264706 0.205882 0.132353 0.0882353 0.0147059 0 0 0 0 0 

2240 2213 1602 94 0 0.723 0 0 0 0 0 0 0 0 0 0 0 0 0 0 0 0 0.0144928 0.0144928 0 0.0144928 0.0144928 0.144928 0.115942 0.188406 0.26087 0.144928 0.057971 0.0289855 0 0 0 0 0 

2240 2216 1602 97 0 0.722022 0 0 0 0 0 0 0 0 0 0 0 0 0 0 0 0 0 0 0 0.0289855 0.0434783 0.057971 0.15942 0.289855 0.246377 0.144928 0.0289855 0 0 0 0 0 0 

2208 2198 1602 91 0 0.727934 0 0 0 0 0 0 0 0 0 0 0 0 0 0 0 0 0 0 0.0147059 0.0147059 0.0735294 0.0441176 0.132353 0.176471 0.338235 0.147059 0.0588235 0 0 0 0 0 0 

2240 2214 1602 88 0 0.722674 0 0 0 0 0 0 0 0 0 0 0 0 0 0 0 0 0 0 0.0289855 0.0144928 0.0289855 0.0869565 0.173913 0.217391 0.231884 0.130435 0.0724638 0.0144928 0 0 0 0 0 

