2208 2186 1602 93 0 0.73193 0 0 0 0 0 0 0 0 0 0 0 0 0 0 0 0 0 0 0 0.0294118 0.0147059 0.0441176 0.161765 0.264706 0.279412 0.0882353 0.102941 0.0147059 0 0 0 0 0 

2208 2180 1602 84 0 0.733945 0 0 0 0 0 0 0 0 0 0 0 0 0 0 0 0 0 0 0.0147059 0 0.0294118 0.0735294 0.102941 0.205882 0.323529 0.176471 0.0588235 0.0147059 0 0 0 0 0 

2208 2186 1602 93 0 0.73193 0 0 0 0 0 0 0 0 0 0 0 0 0 0 0 0 0 0 0 0 0.0294118 0.102941 0.191176 0.205882 0.205882 0.132353 0.117647 0 0.0147059 0 0 0 0 

2208 2186 1602 90 0 0.73193 0 0 0 0 0 0 0 0 0 0 0 0 0 0 0 0 0 0 0 0 0.0441176 0.117647 0.147059 0.161765 0.220588 0.220588 0.0882353 0 0 0 0 0 0 

2240 2214 1603 104 0 0.722674 0 0 0 0 0 0 0 0 0 0 0 0 0 0 0 0 0 0 0 0.0289855 0.0289855 0.130435 0.188406 0.15942 0.231884 0.144928 0.0724638 0.0144928 0 0 0 0 0 

2208 2200 1603 102 0 0.727273 0 0 0 0 0 0 0 0 0 0 0 0 0 0 0 0 0 0 0 0 0.0294118 0.102941 0.220588 0.176471 0.264706 0.147059 0.0588235 0 0 0 0 0 0 

2240 2232 1602 96 0 0.716846 0 0 0 0 0 0 0 0 0 0 0 0 0 0 0 0 0 0 0 0.057971 0.0724638 0.0869565 0.217391 0.15942 0.231884 0.057971 0.101449 0.0144928 0 0 0 0 0 

2176 2163 1602 94 0 0.739713 0 0 0 0 0 0 0 0 0 0 0 0 0 0 0 0 0 0 0 0 0.0447761 0.0746269 0.119403 0.223881 0.179104 0.238806 0.104478 0.0149254 0 0 0 0 0 

2272 2244 1602 91 0 0.713012 0 0 0 0 0 0 0 0 0 0 0 0 0 0 0 0 0 0 0.0142857 0.0285714 0.114286 0.0571429 0.185714 0.2 0.2 0.157143 0.0285714 0.0142857 0 0 0 0 0 

2208 2189 1602 94 0 0.730927 0 0 0 0 0 0 0 0 0 0 0 0 0 0 0 0 0 0 0 0.0147059 0.0588235 0.0294118 0.132353 0.25 0.294118 0.161765 0.0588235 0 0 0 0 0 0 

