2208 2193 1602 87 0 0.729594 0 0 0 0 0 0 0 0 0 0 0 0 0 0 0 0 0 0 0 0.0147059 0.0294118 0.102941 0.161765 0.176471 0.323529 0.0882353 0.0882353 0.0147059 0 0 0 0 0 

2208 2201 1600 94 0 0.726942 0 0 0 0 0 0 0 0 0 0 0 0 0 0 0 0 0 0 0.0147059 0.0147059 0.0441176 0.0441176 0.161765 0.264706 0.279412 0.102941 0.0735294 0 0 0 0 0 0 

2240 2220 1601 81 0 0.720721 0 0 0 0 0 0 0 0 0 0 0 0 0 0 0 0 0 0.0144928 0 0.0289855 0.0434783 0.101449 0.101449 0.304348 0.173913 0.202899 0.0289855 0 0 0 0 0 0 

2240 2215 1602 97 0 0.722348 0 0 0 0 0 0 0 0 0 0 0 0 0 0 0 0 0 0 0 0.0144928 0.0289855 0.057971 0.246377 0.304348 0.15942 0.130435 0.0289855 0.0289855 0 0 0 0 0 

2176 2159 1602 85 0 0.741084 0 0 0 0 0 0 0 0 0 0 0 0 0 0 0 0 0 0 0 0.0149254 0.0298507 0.0149254 0.104478 0.208955 0.373134 0.164179 0.0895522 0 0 0 0 0 0 

2208 2196 1602 97 0 0.728597 0 0 0 0 0 0 0 0 0 0 0 0 0 0 0 0 0 0 0.0147059 0.0147059 0.0294118 0.132353 0.147059 0.147059 0.235294 0.191176 0.0735294 0.0147059 0 0 0 0 0 

2240 2225 1602 97 0 0.719101 0 0 0 0 0 0 0 0 0 0 0 0 0 0 0 0 0 0 0.0289855 0.0289855 0.0434783 0.115942 0.15942 0.15942 0.26087 0.144928 0.0289855 0.0289855 0 0 0 0 0 

2208 2183 1602 97 0 0.732936 0 0 0 0 0 0 0 0 0 0 0 0 0 0 0 0 0 0 0 0.0147059 0.0441176 0.0294118 0.191176 0.205882 0.235294 0.205882 0.0441176 0.0294118 0 0 0 0 0 

2240 2211 1602 93 0 0.723654 0 0 0 0 0 0 0 0 0 0 0 0 0 0 0 0 0 0 0 0.0434783 0.0434783 0.0869565 0.15942 0.188406 0.246377 0.15942 0.0434783 0.0289855 0 0 0 0 0 

2240 2214 1603 105 0 0.722674 0 0 0 0 0 0 0 0 0 0 0 0 0 0 0 0 0.0144928 0 0 0.0289855 0.0434783 0.057971 0.231884 0.115942 0.231884 0.217391 0.057971 0 0 0 0 0 0 

