2208 2196 1602 89 0 0.728597 0 0 0 0 0 0 0 0 0 0 0 0 0 0 0 0 0 0 0 0 0.0735294 0.0294118 0.147059 0.338235 0.220588 0.117647 0.0588235 0.0147059 0 0 0 0 0 

2208 2200 1602 92 0 0.727273 0 0 0 0 0 0 0 0 0 0 0 0 0 0 0 0 0 0 0 0.0147059 0.0588235 0.147059 0.0735294 0.25 0.220588 0.147059 0.0588235 0.0294118 0 0 0 0 0 

2208 2183 1602 93 0 0.732936 0 0 0 0 0 0 0 0 0 0 0 0 0 0 0 0 0 0 0 0 0.0588235 0.0441176 0.191176 0.205882 0.205882 0.176471 0.117647 0 0 0 0 0 0 

2176 2164 1602 96 0 0.739372 0 0 0 0 0 0 0 0 0 0 0 0 0 0 0 0 0 0 0 0.0149254 0.0298507 0.0298507 0.164179 0.223881 0.208955 0.208955 0.119403 0 0 0 0 0 0 

2208 2186 1603 103 0 0.73193 0 0 0 0 0 0 0 0 0 0 0 0 0 0 0 0 0 0 0 0.0147059 0.0147059 0.117647 0.117647 0.191176 0.279412 0.191176 0.0735294 0 0 0 0 0 0 

2240 2223 1602 93 0 0.719748 0 0 0 0 0 0 0 0 0 0 0 0 0 0 0 0 0 0 0 0.0289855 0.0724638 0.115942 0.144928 0.246377 0.115942 0.246377 0.0144928 0.0144928 0 0 0 0 0 

2208 2198 1601 88 0 0.727934 0 0 0 0 0 0 0 0 0 0 0 0 0 0 0 0 0 0 0.0147059 0.0294118 0.0441176 0.0882353 0.176471 0.191176 0.161765 0.191176 0.0441176 0.0588235 0 0 0 0 0 

2176 2162 1602 82 0 0.740056 0 0 0 0 0 0 0 0 0 0 0 0 0 0 0 0 0 0 0 0 0.0746269 0.0447761 0.119403 0.208955 0.223881 0.19403 0.0746269 0.0597015 0 0 0 0 0 

2240 2228 1603 99 0 0.718133 0 0 0 0 0 0 0 0 0 0 0 0 0 0 0 0 0 0 0 0.0434783 0.115942 0.101449 0.144928 0.115942 0.246377 0.144928 0.0724638 0.0144928 0 0 0 0 0 

2240 2217 1602 97 0 0.721696 0 0 0 0 0 0 0 0 0 0 0 0 0 0 0 0 0 0 0 0 0.0434783 0.202899 0.15942 0.173913 0.173913 0.130435 0.115942 0 0 0 0 0 0 

