2240 2224 1603 101 0 0.719424 0 0 0 0 0 0 0 0 0 0 0 0 0 0 0 0 0 0 0 0.057971 0.0434783 0.0869565 0.15942 0.26087 0.202899 0.101449 0.057971 0.0289855 0 0 0 0 0 

2176 2169 1600 95 0 0.737667 0 0 0 0 0 0 0 0 0 0 0 0 0 0 0 0 0 0 0 0 0.0597015 0.104478 0.119403 0.179104 0.208955 0.19403 0.0895522 0.0447761 0 0 0 0 0 

2240 2219 1603 100 0 0.721045 0 0 0 0 0 0 0 0 0 0 0 0 0 0 0 0 0 0 0 0.0144928 0.0144928 0.0724638 0.26087 0.289855 0.188406 0.0869565 0.0724638 0 0 0 0 0 0 

2208 2183 1602 89 0 0.732936 0 0 0 0 0 0 0 0 0 0 0 0 0 0 0 0 0 0 0.0147059 0.0294118 0.0147059 0.0588235 0.147059 0.191176 0.323529 0.0882353 0.0882353 0.0294118 0.0147059 0 0 0 0 

2240 2222 1602 90 0 0.720072 0 0 0 0 0 0 0 0 0 0 0 0 0 0 0 0 0 0 0 0.0144928 0 0.173913 0.173913 0.26087 0.188406 0.15942 0.0289855 0 0 0 0 0 0 

2208 2182 1602 86 0 0.733272 0 0 0 0 0 0 0 0 0 0 0 0 0 0 0 0 0 0 0.0294118 0.0294118 0 0.0441176 0.147059 0.176471 0.264706 0.220588 0.0882353 0 0 0 0 0 0 

2240 2220 1602 97 0 0.720721 0 0 0 0 0 0 0 0 0 0 0 0 0 0 0 0 0 0 0 0.0144928 0.0434783 0.115942 0.188406 0.246377 0.202899 0.130435 0.0434783 0.0144928 0 0 0 0 0 

2240 2214 1603 108 0 0.722674 0 0 0 0 0 0 0 0 0 0 0 0 0 0 0 0 0 0 0 0.0144928 0.0289855 0.15942 0.188406 0.188406 0.15942 0.15942 0.0869565 0.0144928 0 0 0 0 0 

2208 2198 1602 89 0 0.727934 0 0 0 0 0 0 0 0 0 0 0 0 0 0 0 0 0 0 0 0 0.0588235 0.0882353 0.235294 0.176471 0.161765 0.205882 0.0441176 0.0294118 0 0 0 0 0 

2208 2187 1602 95 0 0.731596 0 0 0 0 0 0 0 0 0 0 0 0 0 0 0 0 0 0 0 0.0147059 0.0588235 0.0588235 0.161765 0.220588 0.220588 0.132353 0.102941 0.0294118 0 0 0 0 0 

