2240 2211 1602 91 0 0.723654 0 0 0 0 0 0 0 0 0 0 0 0 0 0 0 0 0 0 0 0 0.0869565 0.101449 0.188406 0.202899 0.15942 0.15942 0.057971 0.0434783 0 0 0 0 0 

2208 2182 1602 89 0 0.733272 0 0 0 0 0 0 0 0 0 0 0 0 0 0 0 0 0 0 0.0147059 0 0 0.132353 0.102941 0.191176 0.294118 0.191176 0.0588235 0.0147059 0 0 0 0 0 

2208 2186 1602 94 0 0.73193 0 0 0 0 0 0 0 0 0 0 0 0 0 0 0 0 0 0.0147059 0 0 0.0588235 0.0588235 0.117647 0.205882 0.25 0.235294 0.0441176 0.0147059 0 0 0 0 0 

2176 2164 1602 90 0 0.739372 0 0 0 0 0 0 0 0 0 0 0 0 0 0 0 0 0 0 0 0 0.0298507 0.0746269 0.164179 0.19403 0.179104 0.268657 0.0597015 0.0298507 0 0 0 0 0 

2240 2229 1602 94 0 0.717811 0 0 0 0 0 0 0 0 0 0 0 0 0 0 0 0 0 0 0 0.0434783 0.0434783 0.101449 0.144928 0.289855 0.246377 0.0869565 0.0289855 0.0144928 0 0 0 0 0 

2208 2201 1601 96 0 0.726942 0 0 0 0 0 0 0 0 0 0 0 0 0 0 0 0 0 0 0 0 0.102941 0.102941 0.0588235 0.294118 0.205882 0.161765 0.0588235 0.0147059 0 0 0 0 0 

2208 2185 1602 95 0 0.732265 0 0 0 0 0 0 0 0 0 0 0 0 0 0 0 0 0 0 0.0147059 0.0147059 0.0441176 0.0735294 0.0882353 0.308824 0.161765 0.176471 0.0588235 0.0588235 0 0 0 0 0 

2240 2226 1602 97 0 0.718778 0 0 0 0 0 0 0 0 0 0 0 0 0 0 0 0 0 0 0.0144928 0.0289855 0.130435 0.0289855 0.188406 0.173913 0.217391 0.101449 0.101449 0.0144928 0 0 0 0 0 

2208 2187 1602 89 0 0.731596 0 0 0 0 0 0 0 0 0 0 0 0 0 0 0 0 0 0 0.0147059 0.0147059 0.0588235 0.0735294 0.102941 0.205882 0.220588 0.205882 0.0882353 0.0147059 0 0 0 0 0 

2240 2224 1602 93 0 0.719424 0 0 0 0 0 0 0 0 0 0 0 0 0 0 0.0144928 0 0 0 0.0289855 0.0144928 0.0434783 0.057971 0.173913 0.231884 0.246377 0.0869565 0.0869565 0.0144928 0 0 0 0 0 

