2240 2220 1602 87 0 0.720721 0 0 0 0 0 0 0 0 0 0 0 0 0 0 0 0 0 0 0.0144928 0 0.057971 0.0724638 0.217391 0.217391 0.217391 0.173913 0.0289855 0 0 0 0 0 0 

2208 2191 1602 96 0 0.73026 0 0 0 0 0 0 0 0 0 0 0 0 0 0 0 0 0 0 0 0.0147059 0.0294118 0.102941 0.191176 0.161765 0.220588 0.191176 0.0735294 0.0147059 0 0 0 0 0 

2240 2224 1603 99 0 0.719424 0 0 0 0 0 0 0 0 0 0 0 0 0 0 0 0 0 0.0144928 0.0144928 0.0289855 0 0.0869565 0.202899 0.26087 0.188406 0.15942 0.0289855 0.0144928 0 0 0 0 0 

2272 2249 1602 95 0 0.711427 0 0 0 0 0 0 0 0 0 0 0 0 0 0 0 0 0 0 0 0.0142857 0.0714286 0.114286 0.285714 0.157143 0.2 0.128571 0.0285714 0 0 0 0 0 0 

2208 2200 1602 94 0 0.727273 0 0 0 0 0 0 0 0 0 0 0 0 0 0 0 0 0 0 0 0 0.0147059 0.102941 0.235294 0.25 0.176471 0.147059 0.0735294 0 0 0 0 0 0 

2176 2147 1601 79 0 0.745226 0 0 0 0 0 0 0 0 0 0 0 0 0 0 0 0 0 0 0 0 0.0149254 0.0298507 0.104478 0.283582 0.238806 0.208955 0.0746269 0.0447761 0 0 0 0 0 

2208 2188 1603 104 0 0.731261 0 0 0 0 0 0 0 0 0 0 0 0 0 0 0 0 0 0 0.0147059 0.0147059 0.0294118 0.0588235 0.117647 0.25 0.25 0.205882 0.0441176 0.0147059 0 0 0 0 0 

2208 2190 1602 96 0 0.730594 0 0 0 0 0 0 0 0 0 0 0 0 0 0 0 0 0 0 0.0147059 0.0147059 0.0294118 0.132353 0.0882353 0.191176 0.279412 0.117647 0.117647 0.0147059 0 0 0 0 0 

2208 2203 1600 84 0 0.726282 0 0 0 0 0 0 0 0 0 0 0 0 0 0 0 0 0 0 0.0147059 0.0147059 0.0735294 0.0588235 0.0882353 0.279412 0.279412 0.147059 0.0294118 0.0147059 0 0 0 0 0 

2240 2219 1602 94 0 0.721045 0 0 0 0 0 0 0 0 0 0 0 0 0 0 0 0 0 0 0 0.0289855 0.057971 0.0724638 0.173913 0.246377 0.231884 0.130435 0.057971 0 0 0 0 0 0 

