2240 2211 1602 93 0 0.723654 0 0 0 0 0 0 0 0 0 0 0 0 0 0 0 0 0 0 0 0.0144928 0.057971 0.130435 0.173913 0.144928 0.202899 0.202899 0.057971 0.0144928 0 0 0 0 0 

2240 2212 1602 89 0 0.723327 0 0 0 0 0 0 0 0 0 0 0 0 0 0 0 0 0 0 0 0.0289855 0.0289855 0.115942 0.115942 0.275362 0.217391 0.15942 0.057971 0 0 0 0 0 0 

2240 2212 1602 92 0 0.723327 0 0 0 0 0 0 0 0 0 0 0 0 0 0 0 0 0 0 0 0 0.0434783 0.101449 0.246377 0.173913 0.246377 0.101449 0.057971 0.0289855 0 0 0 0 0 

2208 2198 1602 93 0 0.727934 0 0 0 0 0 0 0 0 0 0 0 0 0 0 0 0 0 0 0 0.0147059 0.0441176 0.117647 0.132353 0.191176 0.323529 0.0735294 0.0882353 0.0147059 0 0 0 0 0 

2208 2192 1602 97 0 0.729927 0 0 0 0 0 0 0 0 0 0 0 0 0 0 0 0 0 0.0147059 0.0147059 0 0.0588235 0.0588235 0.117647 0.205882 0.235294 0.220588 0.0735294 0 0 0 0 0 0 

2240 2219 1602 97 0 0.721045 0 0 0 0 0 0 0 0 0 0 0 0 0 0 0 0 0 0 0.0289855 0.0434783 0.057971 0.0724638 0.0724638 0.231884 0.304348 0.130435 0.0434783 0 0.0144928 0 0 0 0 

2240 2214 1602 95 0 0.722674 0 0 0 0 0 0 0 0 0 0 0 0 0 0 0 0 0 0 0.0144928 0 0.0289855 0.15942 0.144928 0.188406 0.246377 0.173913 0.0289855 0 0.0144928 0 0 0 0 

2176 2169 1600 98 0 0.737667 0 0 0 0 0 0 0 0 0 0 0 0 0 0 0 0 0 0 0 0.0149254 0.0149254 0.0895522 0.0895522 0.283582 0.19403 0.253731 0.0298507 0.0298507 0 0 0 0 0 

2240 2224 1602 96 0 0.719424 0 0 0 0 0 0 0 0 0 0 0 0 0 0 0 0 0 0 0 0 0.057971 0.144928 0.144928 0.275362 0.202899 0.130435 0.0434783 0 0 0 0 0 0 

2240 2212 1602 95 0 0.723327 0 0 0 0 0 0 0 0 0 0 0 0 0 0 0 0 0 0 0 0.0144928 0.0289855 0.057971 0.246377 0.202899 0.275362 0.130435 0.0434783 0 0 0 0 0 0 

