2208 2185 1602 83 0 0.732265 0 0 0 0 0 0 0 0 0 0 0 0 0 0 0 0 0 0 0 0 0.0882353 0.0735294 0.0735294 0.220588 0.279412 0.176471 0.0735294 0.0147059 0 0 0 0 0 

2240 2212 1603 101 0 0.723327 0 0 0 0 0 0 0 0 0 0 0 0 0 0 0 0 0 0.0144928 0.0144928 0.0144928 0.057971 0.101449 0.144928 0.173913 0.202899 0.15942 0.0724638 0.0434783 0 0 0 0 0 

2240 2216 1603 101 0 0.722022 0 0 0 0 0 0 0 0 0 0 0 0 0 0 0 0 0 0 0.0144928 0.0144928 0.0144928 0.188406 0.115942 0.231884 0.188406 0.130435 0.0724638 0.0289855 0 0 0 0 0 

2240 2220 1602 94 0 0.720721 0 0 0 0 0 0 0 0 0 0 0 0 0 0 0 0 0 0.0144928 0 0.0434783 0.057971 0.0434783 0.15942 0.275362 0.188406 0.130435 0.0724638 0.0144928 0 0 0 0 0 

2208 2195 1602 88 0 0.728929 0 0 0 0 0 0 0 0 0 0 0 0 0 0 0 0 0 0 0 0 0.0441176 0.102941 0.191176 0.191176 0.235294 0.147059 0.0735294 0.0147059 0 0 0 0 0 

2272 2256 1602 98 0 0.70922 0 0 0 0 0 0 0 0 0 0 0 0 0 0 0 0 0 0 0.0142857 0.0142857 0.0714286 0.185714 0.157143 0.185714 0.257143 0.0714286 0.0428571 0 0 0 0 0 0 

2240 2224 1603 106 0 0.719424 0 0 0 0 0 0 0 0 0 0 0 0 0 0 0 0 0 0 0 0.0434783 0.0289855 0.15942 0.217391 0.173913 0.115942 0.144928 0.0869565 0.0144928 0.0144928 0 0 0 0 

2240 2222 1602 92 0 0.720072 0 0 0 0 0 0 0 0 0 0 0 0 0 0 0 0 0 0 0.0289855 0.0289855 0.0724638 0.0434783 0.144928 0.318841 0.15942 0.0869565 0.0724638 0.0434783 0 0 0 0 0 

2240 2220 1603 101 0 0.720721 0 0 0 0 0 0 0 0 0 0 0 0 0 0 0 0 0 0 0.0144928 0 0.115942 0.0434783 0.15942 0.231884 0.275362 0.057971 0.0724638 0.0289855 0 0 0 0 0 

2208 2192 1603 101 0 0.729927 0 0 0 0 0 0 0 0 0 0 0 0 0 0 0 0 0 0 0 0.0441176 0.0294118 0.0882353 0.147059 0.161765 0.294118 0.102941 0.102941 0.0294118 0 0 0 0 0 

