2208 2187 1602 95 0 0.731596 0 0 0 0 0 0 0 0 0 0 0 0 0 0 0 0 0 0 0 0 0.0441176 0.0735294 0.220588 0.205882 0.132353 0.220588 0.0882353 0.0147059 0 0 0 0 0 

2240 2214 1602 98 0 0.722674 0 0 0 0 0 0 0 0 0 0 0 0 0 0 0 0 0 0 0.0144928 0.0289855 0.0434783 0.057971 0.130435 0.246377 0.304348 0.130435 0.0434783 0 0 0 0 0 0 

2240 2223 1602 98 0 0.719748 0 0 0 0 0 0 0 0 0 0 0 0 0 0 0 0 0.0144928 0 0 0.0144928 0.0724638 0.0724638 0.188406 0.231884 0.202899 0.115942 0.0724638 0.0144928 0 0 0 0 0 

2240 2234 1601 96 0 0.716204 0 0 0 0 0 0 0 0 0 0 0 0 0 0 0 0 0 0.0144928 0 0.0289855 0 0.144928 0.173913 0.26087 0.275362 0.0724638 0.0289855 0 0 0 0 0 0 

2240 2213 1602 88 0 0.723 0 0 0 0 0 0 0 0 0 0 0 0 0 0 0 0 0 0 0 0.0434783 0.057971 0.0724638 0.188406 0.202899 0.173913 0.144928 0.101449 0.0144928 0 0 0 0 0 

2208 2194 1602 95 0 0.729262 0 0 0 0 0 0 0 0 0 0 0 0 0 0 0 0 0 0 0 0.0147059 0.0294118 0.0294118 0.264706 0.25 0.176471 0.147059 0.0735294 0 0.0147059 0 0 0 0 

2208 2188 1602 97 0 0.731261 0 0 0 0 0 0 0 0 0 0 0 0 0 0 0 0 0 0 0 0.0147059 0.0147059 0.0735294 0.220588 0.220588 0.235294 0.0882353 0.0882353 0.0441176 0 0 0 0 0 

2208 2197 1602 91 0 0.728266 0 0 0 0 0 0 0 0 0 0 0 0 0 0 0 0 0 0 0 0.0147059 0.0882353 0.0588235 0.147059 0.25 0.191176 0.147059 0.0735294 0.0147059 0.0147059 0 0 0 0 

2240 2218 1602 92 0 0.721371 0 0 0 0 0 0 0 0 0 0 0 0 0 0 0 0 0 0 0.0289855 0.0144928 0.0289855 0.057971 0.217391 0.173913 0.304348 0.130435 0.0434783 0 0 0 0 0 0 

2208 2191 1602 93 0 0.73026 0 0 0 0 0 0 0 0 0 0 0 0 0 0 0 0 0 0 0 0 0.0147059 0.117647 0.191176 0.235294 0.205882 0.117647 0.102941 0.0147059 0 0 0 0 0 

