2208 2196 1602 88 0 0.728597 0 0 0 0 0 0 0 0 0 0 0 0 0 0 0 0 0 0 0.0147059 0.0294118 0.0294118 0.102941 0.132353 0.191176 0.25 0.161765 0.0441176 0.0441176 0 0 0 0 0 

2240 2229 1603 99 0 0.717811 0 0 0 0 0 0 0 0 0 0 0 0 0 0 0 0 0 0 0.0144928 0.0724638 0.0289855 0.101449 0.130435 0.231884 0.15942 0.246377 0 0.0144928 0 0 0 0 0 

2208 2184 1601 81 0 0.732601 0 0 0 0 0 0 0 0 0 0 0 0 0 0 0 0 0 0 0 0.0147059 0.0441176 0.117647 0.0588235 0.220588 0.264706 0.205882 0.0588235 0.0147059 0 0 0 0 0 

2208 2179 1602 96 0 0.734282 0 0 0 0 0 0 0 0 0 0 0 0 0 0 0 0 0 0 0 0 0.0441176 0.0588235 0.161765 0.191176 0.25 0.205882 0.0882353 0 0 0 0 0 0 

2208 2186 1603 99 0 0.73193 0 0 0 0 0 0 0 0 0 0 0 0 0 0 0 0 0 0 0 0.0147059 0 0.102941 0.205882 0.205882 0.205882 0.147059 0.0735294 0.0441176 0 0 0 0 0 

2208 2186 1602 87 0 0.73193 0 0 0 0 0 0 0 0 0 0 0 0 0 0 0 0 0 0 0 0.0294118 0.0441176 0.0588235 0.0882353 0.220588 0.308824 0.191176 0.0588235 0 0 0 0 0 0 

2272 2246 1602 95 0 0.712378 0 0 0 0 0 0 0 0 0 0 0 0 0 0 0 0 0 0 0.0142857 0.0428571 0.0428571 0.0714286 0.242857 0.257143 0.214286 0.0571429 0.0142857 0.0285714 0.0142857 0 0 0 0 

2272 2244 1603 99 0 0.713012 0 0 0 0 0 0 0 0 0 0 0 0 0 0 0 0 0 0 0 0.0142857 0.0857143 0.1 0.257143 0.214286 0.142857 0.114286 0.0428571 0.0285714 0 0 0 0 0 

2208 2182 1602 94 0 0.733272 0 0 0 0 0 0 0 0 0 0 0 0 0 0 0 0 0 0 0 0.0147059 0.0588235 0.0147059 0.117647 0.308824 0.279412 0.0882353 0.0882353 0.0147059 0.0147059 0 0 0 0 

2208 2186 1602 95 0 0.73193 0 0 0 0 0 0 0 0 0 0 0 0 0 0 0 0 0 0 0 0.0147059 0.0147059 0.117647 0.117647 0.132353 0.382353 0.176471 0.0441176 0 0 0 0 0 0 

