2240 2220 1602 98 0 0.720721 0 0 0 0 0 0 0 0 0 0 0 0 0 0 0 0 0 0 0.0144928 0.0289855 0.0869565 0.101449 0.144928 0.217391 0.15942 0.115942 0.0869565 0.0289855 0.0144928 0 0 0 0 

2240 2225 1602 91 0 0.719101 0 0 0 0 0 0 0 0 0 0 0 0 0 0 0 0 0 0 0 0.0144928 0.0869565 0.0724638 0.188406 0.202899 0.289855 0.101449 0.0434783 0 0 0 0 0 0 

2240 2229 1602 98 0 0.717811 0 0 0 0 0 0 0 0 0 0 0 0 0 0 0 0 0 0 0.0144928 0 0.0724638 0.130435 0.130435 0.289855 0.173913 0.144928 0.0434783 0 0 0 0 0 0 

2208 2186 1602 95 0 0.73193 0 0 0 0 0 0 0 0 0 0 0 0 0 0 0 0 0 0 0 0 0.0441176 0.0735294 0.161765 0.25 0.205882 0.147059 0.117647 0 0 0 0 0 0 

2208 2198 1602 91 0 0.727934 0 0 0 0 0 0 0 0 0 0 0 0 0 0 0 0 0 0 0 0 0.0441176 0.102941 0.176471 0.25 0.220588 0.102941 0.0882353 0.0147059 0 0 0 0 0 

2208 2186 1602 90 0 0.73193 0 0 0 0 0 0 0 0 0 0 0 0 0 0 0 0 0 0 0 0.0147059 0.0735294 0.0441176 0.161765 0.161765 0.264706 0.176471 0.0882353 0.0147059 0 0 0 0 0 

2208 2193 1602 95 0 0.729594 0 0 0 0 0 0 0 0 0 0 0 0 0 0 0 0 0 0 0.0294118 0 0.0441176 0.0882353 0.161765 0.176471 0.220588 0.161765 0.102941 0 0.0147059 0 0 0 0 

2208 2201 1602 96 0 0.726942 0 0 0 0 0 0 0 0 0 0 0 0 0 0 0 0 0 0 0 0.0294118 0.0441176 0.102941 0.161765 0.220588 0.147059 0.220588 0.0735294 0 0 0 0 0 0 

2240 2218 1602 90 0 0.721371 0 0 0 0 0 0 0 0 0 0 0 0 0 0 0 0 0.0144928 0 0.0144928 0.0289855 0.0289855 0.057971 0.0869565 0.42029 0.130435 0.144928 0.057971 0.0144928 0 0 0 0 0 

2208 2182 1602 93 0 0.733272 0 0 0 0 0 0 0 0 0 0 0 0 0 0 0 0 0 0 0 0 0.0441176 0.0294118 0.191176 0.25 0.205882 0.191176 0.0882353 0 0 0 0 0 0 

