2240 2218 1602 88 0 0.721371 0 0 0 0 0 0 0 0 0 0 0 0 0 0 0 0 0 0.0144928 0 0.0289855 0.0434783 0.115942 0.144928 0.231884 0.173913 0.144928 0.0869565 0.0144928 0 0 0 0 0 

2208 2193 1602 93 0 0.729594 0 0 0 0 0 0 0 0 0 0 0 0 0 0 0 0 0 0 0.0294118 0 0.0588235 0.102941 0.117647 0.161765 0.264706 0.147059 0.0735294 0.0441176 0 0 0 0 0 

2176 2167 1602 92 0 0.738348 0 0 0 0 0 0 0 0 0 0 0 0 0 0 0 0 0 0 0 0.0298507 0.0149254 0.0597015 0.119403 0.208955 0.328358 0.104478 0.104478 0.0298507 0 0 0 0 0 

2208 2188 1602 93 0 0.731261 0 0 0 0 0 0 0 0 0 0 0 0 0 0 0 0 0 0 0 0.0294118 0.0735294 0.0588235 0.132353 0.191176 0.220588 0.176471 0.0882353 0.0147059 0.0147059 0 0 0 0 

2176 2169 1601 96 0 0.737667 0 0 0 0 0 0 0 0 0 0 0 0 0 0 0 0 0 0 0 0.0149254 0.0149254 0.0597015 0.164179 0.149254 0.358209 0.149254 0.0895522 0 0 0 0 0 0 

2208 2179 1602 97 0 0.734282 0 0 0 0 0 0 0 0 0 0 0 0 0 0 0 0 0 0 0.0147059 0 0.0147059 0.0588235 0.176471 0.25 0.191176 0.161765 0.117647 0.0147059 0 0 0 0 0 

2208 2198 1602 90 0 0.727934 0 0 0 0 0 0 0 0 0 0 0 0 0 0 0 0 0 0 0 0.0147059 0.0735294 0.0294118 0.161765 0.323529 0.205882 0.0735294 0.0882353 0.0294118 0 0 0 0 0 

2208 2197 1603 101 0 0.728266 0 0 0 0 0 0 0 0 0 0 0 0 0 0 0 0 0 0 0 0.0147059 0.0294118 0.132353 0.132353 0.235294 0.220588 0.132353 0.0882353 0.0147059 0 0 0 0 0 

2176 2166 1602 92 0 0.738689 0 0 0 0 0 0 0 0 0 0 0 0 0 0 0 0 0 0 0 0 0.0149254 0.104478 0.0895522 0.283582 0.238806 0.164179 0.0746269 0.0149254 0.0149254 0 0 0 0 

2176 2161 1602 84 0 0.740398 0 0 0 0 0 0 0 0 0 0 0 0 0 0 0 0 0 0 0 0 0.0149254 0.0597015 0.149254 0.268657 0.19403 0.208955 0.0746269 0.0149254 0.0149254 0 0 0 0 

