2208 2192 1602 98 0 0.729927 0 0 0 0 0 0 0 0 0 0 0 0 0 0 0 0 0 0 0.0147059 0.0294118 0.0147059 0.102941 0.161765 0.191176 0.191176 0.161765 0.117647 0.0147059 0 0 0 0 0 

2208 2182 1602 89 0 0.733272 0 0 0 0 0 0 0 0 0 0 0 0 0 0 0 0 0 0 0 0 0.0588235 0.0441176 0.191176 0.176471 0.25 0.176471 0.0882353 0.0147059 0 0 0 0 0 

2240 2230 1602 89 0 0.717489 0 0 0 0 0 0 0 0 0 0 0 0 0 0 0 0 0 0.0144928 0.0144928 0.0144928 0.0289855 0.130435 0.231884 0.188406 0.173913 0.115942 0.0724638 0 0.0144928 0 0 0 0 

2240 2218 1603 99 0 0.721371 0 0 0 0 0 0 0 0 0 0 0 0 0 0 0 0 0 0 0 0.0289855 0.0289855 0.130435 0.15942 0.26087 0.15942 0.173913 0.0289855 0.0289855 0 0 0 0 0 

2208 2201 1600 87 0 0.726942 0 0 0 0 0 0 0 0 0 0 0 0 0 0 0 0 0 0 0 0 0.0588235 0.0735294 0.205882 0.25 0.220588 0.117647 0.0294118 0.0441176 0 0 0 0 0 

2176 2162 1602 89 0 0.740056 0 0 0 0 0 0 0 0 0 0 0 0 0 0 0 0 0 0 0 0 0.0149254 0.0597015 0.208955 0.179104 0.208955 0.19403 0.119403 0.0149254 0 0 0 0 0 

2208 2203 1601 91 0 0.726282 0 0 0 0 0 0 0 0 0 0 0 0 0 0 0 0 0 0 0 0 0.0882353 0.102941 0.132353 0.191176 0.25 0.191176 0.0441176 0 0 0 0 0 0 

2240 2222 1602 98 0 0.720072 0 0 0 0 0 0 0 0 0 0 0 0 0 0 0 0 0 0 0 0 0.0724638 0.101449 0.130435 0.362319 0.15942 0.130435 0.0289855 0.0144928 0 0 0 0 0 

2208 2180 1602 84 0 0.733945 0 0 0 0 0 0 0 0 0 0 0 0 0 0 0 0 0 0 0 0.0147059 0.0441176 0.0294118 0.161765 0.264706 0.205882 0.176471 0.0588235 0.0441176 0 0 0 0 0 

2240 2217 1603 100 0 0.721696 0 0 0 0 0 0 0 0 0 0 0 0 0 0 0 0 0 0 0.0144928 0.0289855 0.0434783 0.115942 0.130435 0.15942 0.347826 0.0724638 0.057971 0.0289855 0 0 0 0 0 

