2240 2224 1602 97 0 0.719424 0 0 0 0 0 0 0 0 0 0 0 0 0 0 0 0 0 0.0144928 0 0 0.0869565 0.101449 0.130435 0.246377 0.246377 0.115942 0.0434783 0.0144928 0 0 0 0 0 

2208 2201 1602 85 0 0.726942 0 0 0 0 0 0 0 0 0 0 0 0 0 0 0 0 0 0 0 0.0147059 0.0441176 0.0588235 0.235294 0.235294 0.220588 0.0882353 0.0735294 0.0294118 0 0 0 0 0 

2208 2196 1602 90 0 0.728597 0 0 0 0 0 0 0 0 0 0 0 0 0 0 0 0 0 0 0.0147059 0.0147059 0.0294118 0.0588235 0.220588 0.132353 0.323529 0.117647 0.0882353 0 0 0 0 0 0 

2208 2181 1603 101 0 0.733608 0 0 0 0 0 0 0 0 0 0 0 0 0 0 0 0 0 0 0.0147059 0.0294118 0.0294118 0.0441176 0.147059 0.205882 0.191176 0.220588 0.0882353 0.0294118 0 0 0 0 0 

2240 2233 1602 97 0 0.716525 0 0 0 0 0 0 0 0 0 0 0 0 0 0 0 0 0 0 0 0.0289855 0.0289855 0.0869565 0.26087 0.289855 0.15942 0.101449 0.0434783 0 0 0 0 0 0 

2176 2162 1602 87 0 0.740056 0 0 0 0 0 0 0 0 0 0 0 0 0 0 0 0 0 0 0 0.0298507 0 0.0597015 0.149254 0.223881 0.223881 0.19403 0.0746269 0.0298507 0.0149254 0 0 0 0 

2272 2250 1602 91 0 0.711111 0 0 0 0 0 0 0 0 0 0 0 0 0 0 0 0 0 0.0285714 0.0285714 0.0285714 0.0142857 0.0714286 0.157143 0.314286 0.228571 0.1 0.0285714 0 0 0 0 0 0 

2208 2194 1602 92 0 0.729262 0 0 0 0 0 0 0 0 0 0 0 0 0 0 0 0 0 0 0 0 0.0294118 0.132353 0.132353 0.279412 0.205882 0.117647 0.0882353 0 0.0147059 0 0 0 0 

2272 2246 1603 101 0 0.712378 0 0 0 0 0 0 0 0 0 0 0 0 0 0 0 0 0.0142857 0 0.0142857 0.0428571 0.0571429 0.114286 0.157143 0.157143 0.228571 0.171429 0.0285714 0.0142857 0 0 0 0 0 

2208 2182 1602 88 0 0.733272 0 0 0 0 0 0 0 0 0 0 0 0 0 0 0 0 0 0 0.0147059 0.0147059 0.0147059 0.0735294 0.102941 0.294118 0.235294 0.117647 0.117647 0 0.0147059 0 0 0 0 

