2240 2220 1602 97 0 0.720721 0 0 0 0 0 0 0 0 0 0 0 0 0 0 0 0 0 0.0144928 0 0.0434783 0.0144928 0.130435 0.101449 0.333333 0.130435 0.144928 0.057971 0.0289855 0 0 0 0 0 

2176 2167 1602 96 0 0.738348 0 0 0 0 0 0 0 0 0 0 0 0 0 0 0 0 0 0 0 0 0.0597015 0.0597015 0.119403 0.19403 0.268657 0.208955 0.0597015 0.0298507 0 0 0 0 0 

2176 2155 1602 88 0 0.742459 0 0 0 0 0 0 0 0 0 0 0 0 0 0 0 0 0 0 0 0 0.0298507 0.0597015 0.164179 0.179104 0.223881 0.179104 0.134328 0.0149254 0.0149254 0 0 0 0 

2240 2217 1602 97 0 0.721696 0 0 0 0 0 0 0 0 0 0 0 0 0 0 0 0 0 0 0.0434783 0.0289855 0.0144928 0.057971 0.202899 0.202899 0.188406 0.188406 0.0724638 0 0 0 0 0 0 

2208 2179 1602 88 0 0.734282 0 0 0 0 0 0 0 0 0 0 0 0 0 0 0 0 0 0 0 0 0.0294118 0.0735294 0.176471 0.191176 0.264706 0.176471 0.0441176 0.0441176 0 0 0 0 0 

2208 2202 1600 91 0 0.726612 0 0 0 0 0 0 0 0 0 0 0 0 0 0 0 0 0 0 0.0147059 0.0147059 0.0735294 0.0882353 0.205882 0.102941 0.235294 0.147059 0.0882353 0.0294118 0 0 0 0 0 

2208 2186 1602 97 0 0.73193 0 0 0 0 0 0 0 0 0 0 0 0 0 0 0 0 0 0 0 0.0147059 0.0441176 0.132353 0.117647 0.176471 0.176471 0.235294 0.0735294 0.0294118 0 0 0 0 0 

2208 2194 1602 89 0 0.729262 0 0 0 0 0 0 0 0 0 0 0 0 0 0 0 0 0 0 0 0.0294118 0.0147059 0.0588235 0.191176 0.279412 0.161765 0.205882 0.0441176 0.0147059 0 0 0 0 0 

2208 2200 1600 93 0 0.727273 0 0 0 0 0 0 0 0 0 0 0 0 0 0 0 0 0 0 0 0 0.0294118 0.102941 0.191176 0.25 0.235294 0.117647 0.0735294 0 0 0 0 0 0 

2240 2224 1603 105 0 0.719424 0 0 0 0 0 0 0 0 0 0 0 0 0 0 0 0 0 0 0.0144928 0.0289855 0.0724638 0.0724638 0.15942 0.231884 0.15942 0.231884 0.0289855 0 0 0 0 0 0 

