2240 2225 1602 93 0 0.719101 0 0 0 0 0 0 0 0 0 0 0 0 0 0 0 0 0 0 0 0.0724638 0.0289855 0.130435 0.115942 0.231884 0.188406 0.173913 0.0434783 0.0144928 0 0 0 0 0 

2240 2213 1602 94 0 0.723 0 0 0 0 0 0 0 0 0 0 0 0 0 0 0 0 0 0 0 0.0144928 0.057971 0.057971 0.231884 0.188406 0.246377 0.130435 0.0724638 0 0 0 0 0 0 

2208 2190 1602 94 0 0.730594 0 0 0 0 0 0 0 0 0 0 0 0 0 0 0 0 0 0 0 0 0.0294118 0.0735294 0.176471 0.294118 0.191176 0.147059 0.0735294 0.0147059 0 0 0 0 0 

2208 2202 1602 93 0 0.726612 0 0 0 0 0 0 0 0 0 0 0 0 0 0 0 0 0 0 0 0.0294118 0.0735294 0.0882353 0.0882353 0.279412 0.176471 0.205882 0.0441176 0.0147059 0 0 0 0 0 

2208 2191 1602 90 0 0.73026 0 0 0 0 0 0 0 0 0 0 0 0 0 0 0 0 0 0 0 0 0.0441176 0.0588235 0.176471 0.308824 0.147059 0.176471 0.0882353 0 0 0 0 0 0 

2240 2227 1602 95 0 0.718455 0 0 0 0 0 0 0 0 0 0 0 0 0 0 0 0 0 0 0.0144928 0.0144928 0.0434783 0.101449 0.144928 0.347826 0.188406 0.0869565 0.0434783 0.0144928 0 0 0 0 0 

2240 2229 1602 88 0 0.717811 0 0 0 0 0 0 0 0 0 0 0 0 0 0 0 0 0 0 0.0289855 0.0144928 0.0434783 0.0724638 0.246377 0.15942 0.26087 0.144928 0.0289855 0 0 0 0 0 0 

2208 2200 1602 94 0 0.727273 0 0 0 0 0 0 0 0 0 0 0 0 0 0 0 0 0 0 0 0 0.0294118 0.117647 0.147059 0.25 0.279412 0.132353 0.0441176 0 0 0 0 0 0 

2240 2215 1603 102 0 0.722348 0 0 0 0 0 0 0 0 0 0 0 0 0 0 0 0 0 0 0.0144928 0.0434783 0.057971 0.0724638 0.188406 0.130435 0.217391 0.173913 0.0869565 0.0144928 0 0 0 0 0 

2240 2214 1603 104 0 0.722674 0 0 0 0 0 0 0 0 0 0 0 0 0 0 0 0 0 0 0 0.0144928 0.0724638 0.0869565 0.15942 0.231884 0.15942 0.231884 0.0434783 0 0 0 0 0 0 

