2240 2212 1602 90 0 0.723327 0 0 0 0 0 0 0 0 0 0 0 0 0 0 0 0 0 0.0144928 0 0 0.0144928 0.115942 0.202899 0.202899 0.275362 0.0724638 0.101449 0 0 0 0 0 0 

2240 2225 1603 108 0 0.719101 0 0 0 0 0 0 0 0 0 0 0 0 0 0 0 0 0 0 0 0.0144928 0.057971 0.115942 0.188406 0.246377 0.217391 0.0724638 0.0724638 0.0144928 0 0 0 0 0 

2208 2195 1602 96 0 0.728929 0 0 0 0 0 0 0 0 0 0 0 0 0 0 0 0 0 0 0 0.0147059 0.0735294 0.102941 0.117647 0.220588 0.191176 0.161765 0.102941 0.0147059 0 0 0 0 0 

2208 2192 1602 95 0 0.729927 0 0 0 0 0 0 0 0 0 0 0 0 0 0 0 0 0 0 0 0.0294118 0.0294118 0.0588235 0.176471 0.176471 0.279412 0.220588 0.0147059 0.0147059 0 0 0 0 0 

2240 2224 1602 97 0 0.719424 0 0 0 0 0 0 0 0 0 0 0 0 0 0 0 0 0 0 0 0 0.0434783 0.115942 0.217391 0.217391 0.26087 0.130435 0.0144928 0 0 0 0 0 0 

2208 2198 1602 98 0 0.727934 0 0 0 0 0 0 0 0 0 0 0 0 0 0 0 0 0 0 0 0.0147059 0.0735294 0.0588235 0.132353 0.264706 0.205882 0.205882 0.0294118 0.0147059 0 0 0 0 0 

2240 2217 1602 98 0 0.721696 0 0 0 0 0 0 0 0 0 0 0 0 0 0 0 0 0 0 0 0.0434783 0.0144928 0.101449 0.26087 0.202899 0.130435 0.15942 0.0289855 0.057971 0 0 0 0 0 

2208 2181 1602 92 0 0.733608 0 0 0 0 0 0 0 0 0 0 0 0 0 0 0 0 0 0 0 0.0441176 0.0735294 0.0294118 0.102941 0.161765 0.308824 0.147059 0.0882353 0.0441176 0 0 0 0 0 

2208 2180 1602 87 0 0.733945 0 0 0 0 0 0 0 0 0 0 0 0 0 0 0 0 0 0 0 0 0.0147059 0.0441176 0.161765 0.338235 0.220588 0.117647 0.0735294 0.0294118 0 0 0 0 0 

2208 2189 1602 98 0 0.730927 0 0 0 0 0 0 0 0 0 0 0 0 0 0 0 0 0 0 0 0 0.0294118 0.117647 0.161765 0.220588 0.235294 0.117647 0.0882353 0.0294118 0 0 0 0 0 

