2240 2215 1602 98 0 0.722348 0 0 0 0 0 0 0 0 0 0 0 0 0 0 0 0 0 0 0 0.0289855 0.0434783 0.0434783 0.26087 0.231884 0.173913 0.130435 0.0724638 0.0144928 0 0 0 0 0 

2240 2211 1602 92 0 0.723654 0 0 0 0 0 0 0 0 0 0 0 0 0 0 0 0 0.0144928 0 0 0.0144928 0.0144928 0.101449 0.173913 0.188406 0.289855 0.144928 0.057971 0 0 0 0 0 0 

2208 2195 1603 99 0 0.728929 0 0 0 0 0 0 0 0 0 0 0 0 0 0 0 0 0 0 0.0147059 0.0294118 0.0441176 0.0588235 0.132353 0.176471 0.264706 0.235294 0.0441176 0 0 0 0 0 0 

2208 2196 1602 95 0 0.728597 0 0 0 0 0 0 0 0 0 0 0 0 0 0 0 0 0 0 0 0.0588235 0.0294118 0.0735294 0.176471 0.191176 0.220588 0.132353 0.0588235 0.0441176 0.0147059 0 0 0 0 

2208 2187 1602 82 0 0.731596 0 0 0 0 0 0 0 0 0 0 0 0 0 0 0 0 0 0.0147059 0 0.0147059 0 0.102941 0.147059 0.191176 0.235294 0.220588 0.0735294 0 0 0 0 0 0 

2208 2182 1602 91 0 0.733272 0 0 0 0 0 0 0 0 0 0 0 0 0 0 0 0 0 0 0 0.0147059 0.0147059 0.0588235 0.132353 0.308824 0.220588 0.176471 0.0441176 0.0294118 0 0 0 0 0 

2208 2195 1602 91 0 0.728929 0 0 0 0 0 0 0 0 0 0 0 0 0 0 0 0 0 0 0.0147059 0 0.0441176 0.102941 0.117647 0.279412 0.176471 0.176471 0.0735294 0.0147059 0 0 0 0 0 

2208 2190 1602 94 0 0.730594 0 0 0 0 0 0 0 0 0 0 0 0 0 0 0 0 0 0 0 0.0147059 0.0441176 0.0441176 0.235294 0.161765 0.264706 0.117647 0.102941 0.0147059 0 0 0 0 0 

2208 2198 1602 93 0 0.727934 0 0 0 0 0 0 0 0 0 0 0 0 0 0 0 0 0 0 0 0 0.0588235 0.102941 0.161765 0.25 0.220588 0.0882353 0.0882353 0.0294118 0 0 0 0 0 

2208 2197 1602 93 0 0.728266 0 0 0 0 0 0 0 0 0 0 0 0 0 0 0 0 0 0 0 0 0.0294118 0.0735294 0.25 0.205882 0.264706 0.0735294 0.0882353 0.0147059 0 0 0 0 0 

