2208 2200 1602 91 0 0.727273 0 0 0 0 0 0 0 0 0 0 0 0 0 0 0 0 0 0 0 0 0.0441176 0.102941 0.25 0.176471 0.161765 0.176471 0.0735294 0.0147059 0 0 0 0 0 

2240 2216 1602 92 0 0.722022 0 0 0 0 0 0 0 0 0 0 0 0 0 0 0 0 0 0.0144928 0 0.0289855 0.0144928 0.144928 0.188406 0.173913 0.144928 0.202899 0.0724638 0.0144928 0 0 0 0 0 

2240 2215 1602 95 0 0.722348 0 0 0 0 0 0 0 0 0 0 0 0 0 0 0 0 0 0 0.0144928 0 0.057971 0.115942 0.101449 0.246377 0.275362 0.15942 0.0144928 0.0144928 0 0 0 0 0 

2240 2230 1603 101 0 0.717489 0 0 0 0 0 0 0 0 0 0 0 0 0 0 0 0 0 0 0 0.0144928 0.057971 0.0869565 0.246377 0.231884 0.217391 0.0869565 0.057971 0 0 0 0 0 0 

2208 2201 1600 87 0 0.726942 0 0 0 0 0 0 0 0 0 0 0 0 0 0 0 0 0 0 0 0.0441176 0.0588235 0.0588235 0.161765 0.220588 0.191176 0.176471 0.0735294 0.0147059 0 0 0 0 0 

2208 2193 1603 104 0 0.729594 0 0 0 0 0 0 0 0 0 0 0 0 0 0 0 0 0 0 0 0 0.0441176 0.117647 0.0735294 0.308824 0.25 0.117647 0.0735294 0.0147059 0 0 0 0 0 

2208 2181 1602 89 0 0.733608 0 0 0 0 0 0 0 0 0 0 0 0 0 0 0 0 0 0 0.0147059 0.0294118 0 0.0882353 0.0735294 0.25 0.294118 0.147059 0.0735294 0.0294118 0 0 0 0 0 

2208 2199 1603 99 0 0.727603 0 0 0 0 0 0 0 0 0 0 0 0 0 0 0 0 0 0.0147059 0 0.0147059 0.0882353 0.0882353 0.117647 0.176471 0.205882 0.161765 0.117647 0.0147059 0 0 0 0 0 

2240 2218 1602 95 0 0.721371 0 0 0 0 0 0 0 0 0 0 0 0 0 0 0 0 0 0.0144928 0 0.0144928 0.0724638 0.0724638 0.144928 0.275362 0.173913 0.15942 0.057971 0.0144928 0 0 0 0 0 

2240 2221 1602 97 0 0.720396 0 0 0 0 0 0 0 0 0 0 0 0 0 0 0 0 0 0 0.0144928 0 0.0144928 0.130435 0.231884 0.26087 0.144928 0.130435 0.057971 0.0144928 0 0 0 0 0 

