2208 2203 1601 91 0 0.726282 0 0 0 0 0 0 0 0 0 0 0 0 0 0 0 0 0 0 0 0 0.0588235 0.0882353 0.205882 0.235294 0.235294 0.0735294 0.0735294 0.0294118 0 0 0 0 0 

2208 2200 1601 93 0 0.727273 0 0 0 0 0 0 0 0 0 0 0 0 0 0 0 0 0 0 0 0.0147059 0.0441176 0.117647 0.147059 0.235294 0.191176 0.161765 0.0882353 0 0 0 0 0 0 

2176 2160 1602 86 0 0.740741 0 0 0 0 0 0 0 0 0 0 0 0 0 0 0 0 0 0 0 0.0298507 0.0298507 0.0746269 0.119403 0.119403 0.283582 0.179104 0.149254 0.0149254 0 0 0 0 0 

2208 2198 1602 95 0 0.727934 0 0 0 0 0 0 0 0 0 0 0 0 0 0 0 0 0 0 0 0 0.0294118 0.102941 0.205882 0.235294 0.235294 0.102941 0.0588235 0.0294118 0 0 0 0 0 

2240 2213 1602 96 0 0.723 0 0 0 0 0 0 0 0 0 0 0 0 0 0 0 0 0 0.0144928 0 0 0.0289855 0.115942 0.246377 0.15942 0.202899 0.130435 0.0724638 0.0289855 0 0 0 0 0 

2176 2161 1602 97 0 0.740398 0 0 0 0 0 0 0 0 0 0 0 0 0 0 0 0 0 0 0 0 0.0149254 0.104478 0.0895522 0.238806 0.223881 0.238806 0.0597015 0.0298507 0 0 0 0 0 

2240 2219 1602 94 0 0.721045 0 0 0 0 0 0 0 0 0 0 0 0 0 0 0 0 0 0 0.0144928 0.0144928 0.0434783 0.130435 0.130435 0.217391 0.246377 0.15942 0.0289855 0.0144928 0 0 0 0 0 

2240 2215 1602 86 0 0.722348 0 0 0 0 0 0 0 0 0 0 0 0 0 0 0 0 0 0 0.0144928 0.0434783 0.057971 0.0724638 0.202899 0.101449 0.202899 0.246377 0.0434783 0.0144928 0 0 0 0 0 

2240 2227 1603 105 0 0.718455 0 0 0 0 0 0 0 0 0 0 0 0 0 0 0 0 0 0 0.0289855 0.0289855 0.0724638 0.144928 0.144928 0.101449 0.231884 0.130435 0.0869565 0.0289855 0 0 0 0 0 

2208 2198 1602 96 0 0.727934 0 0 0 0 0 0 0 0 0 0 0 0 0 0 0 0 0 0 0.0147059 0.0147059 0.0294118 0.0882353 0.147059 0.235294 0.235294 0.161765 0.0735294 0 0 0 0 0 0 

