2240 2221 1602 94 0 0.720396 0 0 0 0 0 0 0 0 0 0 0 0 0 0 0 0 0 0 0.0144928 0.0144928 0.057971 0.101449 0.231884 0.173913 0.173913 0.130435 0.0869565 0 0.0144928 0 0 0 0 

2208 2180 1602 94 0 0.733945 0 0 0 0 0 0 0 0 0 0 0 0 0 0 0 0 0 0 0.0147059 0 0.0294118 0.0882353 0.132353 0.176471 0.235294 0.25 0.0588235 0.0147059 0 0 0 0 0 

2240 2219 1603 102 0 0.721045 0 0 0 0 0 0 0 0 0 0 0 0 0 0 0 0 0 0 0 0.0144928 0.057971 0.0724638 0.246377 0.202899 0.202899 0.130435 0.057971 0.0144928 0 0 0 0 0 

2240 2214 1602 88 0 0.722674 0 0 0 0 0 0 0 0 0 0 0 0 0 0 0 0 0 0 0 0 0.057971 0.115942 0.144928 0.275362 0.173913 0.188406 0.0434783 0 0 0 0 0 0 

2208 2204 1600 86 0 0.725953 0 0 0 0 0 0 0 0 0 0 0 0 0 0 0 0 0 0.0294118 0 0.0294118 0.0441176 0.132353 0.147059 0.132353 0.205882 0.117647 0.117647 0.0294118 0.0147059 0 0 0 0 

2176 2160 1602 82 0 0.740741 0 0 0 0 0 0 0 0 0 0 0 0 0 0 0 0 0 0 0.0149254 0 0 0.0597015 0.0895522 0.298507 0.19403 0.283582 0.0447761 0.0149254 0 0 0 0 0 

2208 2186 1602 91 0 0.73193 0 0 0 0 0 0 0 0 0 0 0 0 0 0 0 0 0 0 0 0.0147059 0.0735294 0.0588235 0.147059 0.176471 0.220588 0.205882 0.0882353 0.0147059 0 0 0 0 0 

2240 2229 1602 94 0 0.717811 0 0 0 0 0 0 0 0 0 0 0 0 0 0 0 0 0 0 0 0.0289855 0.0144928 0.173913 0.144928 0.333333 0.101449 0.144928 0.057971 0 0 0 0 0 0 

2176 2171 1601 95 0 0.736988 0 0 0 0 0 0 0 0 0 0 0 0 0 0 0 0 0 0 0 0 0.0447761 0.104478 0.134328 0.149254 0.298507 0.164179 0.0597015 0.0447761 0 0 0 0 0 

2240 2220 1602 96 0 0.720721 0 0 0 0 0 0 0 0 0 0 0 0 0 0 0 0 0 0 0 0.0289855 0.0289855 0.0869565 0.217391 0.202899 0.26087 0.15942 0 0.0144928 0 0 0 0 0 

