2240 2211 1602 92 0 0.723654 0 0 0 0 0 0 0 0 0 0 0 0 0 0 0 0 0 0 0 0.0144928 0.057971 0.0724638 0.144928 0.231884 0.318841 0.101449 0.057971 0 0 0 0 0 0 

2240 2211 1602 91 0 0.723654 0 0 0 0 0 0 0 0 0 0 0 0 0 0 0 0 0.0144928 0 0 0.0289855 0.0289855 0.101449 0.101449 0.217391 0.318841 0.101449 0.0869565 0 0 0 0 0 0 

2240 2218 1602 97 0 0.721371 0 0 0 0 0 0 0 0 0 0 0 0 0 0 0 0 0 0 0.0289855 0.0289855 0.0144928 0.057971 0.217391 0.202899 0.246377 0.144928 0.057971 0 0 0 0 0 0 

2176 2170 1602 94 0 0.737327 0 0 0 0 0 0 0 0 0 0 0 0 0 0 0 0 0 0 0 0 0.0597015 0.0895522 0.149254 0.119403 0.223881 0.298507 0.0298507 0.0298507 0 0 0 0 0 

2240 2216 1602 97 0 0.722022 0 0 0 0 0 0 0 0 0 0 0 0 0 0 0 0 0 0.0144928 0 0.0289855 0.0289855 0.115942 0.15942 0.217391 0.217391 0.115942 0.0724638 0.0289855 0 0 0 0 0 

2240 2214 1602 90 0 0.722674 0 0 0 0 0 0 0 0 0 0 0 0 0 0 0 0 0 0 0 0.0144928 0.0144928 0.144928 0.173913 0.231884 0.217391 0.130435 0.0724638 0 0 0 0 0 0 

2240 2227 1602 88 0 0.718455 0 0 0 0 0 0 0 0 0 0 0 0 0 0 0 0 0 0 0.0289855 0.057971 0.0144928 0.115942 0.173913 0.144928 0.275362 0.130435 0.0289855 0.0144928 0 0.0144928 0 0 0 

2240 2223 1602 88 0 0.719748 0 0 0 0 0 0 0 0 0 0 0 0 0 0 0 0 0.0144928 0 0.0144928 0.0289855 0.057971 0.057971 0.231884 0.144928 0.246377 0.057971 0.130435 0.0144928 0 0 0 0 0 

2240 2230 1603 102 0 0.717489 0 0 0 0 0 0 0 0 0 0 0 0 0 0 0 0 0 0 0 0.0289855 0.0434783 0.0869565 0.304348 0.130435 0.217391 0.144928 0.0434783 0 0 0 0 0 0 

2240 2215 1602 91 0 0.722348 0 0 0 0 0 0 0 0 0 0 0 0 0 0 0 0 0 0 0.0144928 0.0144928 0.0434783 0.130435 0.0869565 0.275362 0.217391 0.15942 0.0434783 0.0144928 0 0 0 0 0 

