2208 2202 1602 95 0 0.726612 0 0 0 0 0 0 0 0 0 0 0 0 0 0 0 0 0 0.0147059 0 0.0147059 0.132353 0.0294118 0.147059 0.147059 0.235294 0.176471 0.0882353 0 0.0147059 0 0 0 0 

2208 2198 1602 95 0 0.727934 0 0 0 0 0 0 0 0 0 0 0 0 0 0 0 0 0 0 0 0.0294118 0.0147059 0.117647 0.176471 0.220588 0.205882 0.117647 0.102941 0.0147059 0 0 0 0 0 

2208 2190 1602 96 0 0.730594 0 0 0 0 0 0 0 0 0 0 0 0 0 0 0 0 0 0 0 0.0147059 0.0294118 0.0735294 0.176471 0.205882 0.294118 0.117647 0.0588235 0.0294118 0 0 0 0 0 

2208 2188 1603 99 0 0.731261 0 0 0 0 0 0 0 0 0 0 0 0 0 0 0 0 0 0 0 0.0147059 0.0294118 0.0294118 0.176471 0.279412 0.235294 0.176471 0.0441176 0.0147059 0 0 0 0 0 

2272 2249 1603 99 0 0.711427 0 0 0 0 0 0 0 0 0 0 0 0 0 0 0 0 0 0 0 0.0428571 0.114286 0.0857143 0.171429 0.228571 0.157143 0.128571 0.0714286 0 0 0 0 0 0 

2176 2158 1602 84 0 0.741427 0 0 0 0 0 0 0 0 0 0 0 0 0 0 0 0 0 0 0 0 0.0149254 0.0447761 0.134328 0.268657 0.268657 0.149254 0.0746269 0.0447761 0 0 0 0 0 

2208 2180 1602 93 0 0.733945 0 0 0 0 0 0 0 0 0 0 0 0 0 0 0 0 0 0 0 0.0147059 0.0441176 0.0882353 0.147059 0.102941 0.279412 0.235294 0.0882353 0 0 0 0 0 0 

2208 2187 1602 89 0 0.731596 0 0 0 0 0 0 0 0 0 0 0 0 0 0 0 0 0 0 0 0.0147059 0.0441176 0 0.25 0.176471 0.279412 0.161765 0.0588235 0.0147059 0 0 0 0 0 

2176 2163 1602 89 0 0.739713 0 0 0 0 0 0 0 0 0 0 0 0 0 0 0 0 0 0 0 0.0298507 0 0.0298507 0.119403 0.253731 0.313433 0.164179 0.0746269 0.0149254 0 0 0 0 0 

2208 2181 1602 93 0 0.733608 0 0 0 0 0 0 0 0 0 0 0 0 0 0 0 0 0 0 0 0 0.0294118 0.102941 0.0735294 0.338235 0.176471 0.191176 0.0735294 0 0.0147059 0 0 0 0 

