2208 2201 1603 99 0 0.726942 0 0 0 0 0 0 0 0 0 0 0 0 0 0 0 0 0 0 0 0.0147059 0.0588235 0.102941 0.132353 0.191176 0.294118 0.161765 0.0147059 0.0294118 0 0 0 0 0 

2208 2204 1600 99 0 0.725953 0 0 0 0 0 0 0 0 0 0 0 0 0 0 0 0 0 0 0 0.0147059 0.0294118 0.102941 0.161765 0.279412 0.220588 0.132353 0.0441176 0.0147059 0 0 0 0 0 

2176 2169 1601 91 0 0.737667 0 0 0 0 0 0 0 0 0 0 0 0 0 0 0 0 0 0 0 0.0298507 0.0298507 0.0447761 0.164179 0.19403 0.179104 0.253731 0.104478 0 0 0 0 0 0 

2208 2179 1602 95 0 0.734282 0 0 0 0 0 0 0 0 0 0 0 0 0 0 0 0 0 0 0 0.0147059 0 0.102941 0.161765 0.191176 0.308824 0.102941 0.0588235 0.0441176 0.0147059 0 0 0 0 

2208 2195 1602 85 0 0.728929 0 0 0 0 0 0 0 0 0 0 0 0 0 0 0 0 0 0 0 0.0147059 0.0294118 0.0588235 0.161765 0.279412 0.220588 0.220588 0.0147059 0 0 0 0 0 0 

2208 2192 1602 94 0 0.729927 0 0 0 0 0 0 0 0 0 0 0 0 0 0 0 0 0 0 0.0294118 0 0 0.102941 0.147059 0.279412 0.161765 0.191176 0.0735294 0.0147059 0 0 0 0 0 

2208 2196 1602 92 0 0.728597 0 0 0 0 0 0 0 0 0 0 0 0 0 0 0 0.0147059 0 0 0 0.0147059 0.0441176 0.0735294 0.102941 0.264706 0.264706 0.132353 0.0588235 0.0294118 0 0 0 0 0 

2208 2191 1602 95 0 0.73026 0 0 0 0 0 0 0 0 0 0 0 0 0 0 0 0 0 0 0 0.0147059 0.0588235 0.0882353 0.161765 0.161765 0.176471 0.279412 0.0588235 0 0 0 0 0 0 

2208 2181 1603 101 0 0.733608 0 0 0 0 0 0 0 0 0 0 0 0 0 0 0 0 0 0 0.0147059 0.0147059 0.0294118 0.0441176 0.191176 0.161765 0.176471 0.279412 0.0882353 0 0 0 0 0 0 

2240 2219 1602 88 0 0.721045 0 0 0 0 0 0 0 0 0 0 0 0 0 0 0 0 0 0 0 0 0.0289855 0.115942 0.217391 0.275362 0.173913 0.15942 0.0144928 0.0144928 0 0 0 0 0 

