2208 2185 1602 94 0 0.732265 0 0 0 0 0 0 0 0 0 0 0 0 0 0 0 0 0 0.0147059 0 0.0147059 0.0588235 0.0441176 0.147059 0.176471 0.25 0.161765 0.117647 0.0147059 0 0 0 0 0 

2240 2221 1603 109 0 0.720396 0 0 0 0 0 0 0 0 0 0 0 0 0 0 0 0 0 0 0.0144928 0.0289855 0.0289855 0.101449 0.188406 0.217391 0.231884 0.115942 0.057971 0 0.0144928 0 0 0 0 

2240 2223 1602 93 0 0.719748 0 0 0 0 0 0 0 0 0 0 0 0 0 0 0 0 0 0 0 0.0289855 0.0434783 0.115942 0.202899 0.188406 0.202899 0.173913 0.0434783 0 0 0 0 0 0 

2240 2218 1602 91 0 0.721371 0 0 0 0 0 0 0 0 0 0 0 0 0 0 0 0 0 0 0.0144928 0.057971 0.0144928 0.101449 0.101449 0.26087 0.231884 0.15942 0.057971 0 0 0 0 0 0 

2208 2194 1602 96 0 0.729262 0 0 0 0 0 0 0 0 0 0 0 0 0 0 0 0 0 0 0 0.0294118 0.0441176 0.117647 0.117647 0.176471 0.308824 0.102941 0.0294118 0.0735294 0 0 0 0 0 

2208 2190 1602 96 0 0.730594 0 0 0 0 0 0 0 0 0 0 0 0 0 0 0 0 0 0 0.0294118 0.0147059 0.0441176 0 0.205882 0.220588 0.235294 0.0882353 0.161765 0 0 0 0 0 0 

2240 2229 1603 105 0 0.717811 0 0 0 0 0 0 0 0 0 0 0 0 0 0 0 0 0 0 0 0.0144928 0.0289855 0.231884 0.188406 0.15942 0.15942 0.115942 0.0724638 0.0289855 0 0 0 0 0 

2176 2161 1602 96 0 0.740398 0 0 0 0 0 0 0 0 0 0 0 0 0 0 0 0 0 0 0 0 0.0447761 0.0746269 0.164179 0.164179 0.268657 0.0746269 0.164179 0.0298507 0.0149254 0 0 0 0 

2240 2215 1603 99 0 0.722348 0 0 0 0 0 0 0 0 0 0 0 0 0 0 0 0 0 0 0 0.0434783 0.0434783 0.057971 0.231884 0.202899 0.202899 0.115942 0.057971 0.0434783 0 0 0 0 0 

2240 2226 1602 96 0 0.718778 0 0 0 0 0 0 0 0 0 0 0 0 0 0 0 0 0 0.0144928 0 0.0289855 0.101449 0.130435 0.0869565 0.217391 0.115942 0.231884 0.057971 0.0144928 0 0 0 0 0 

