2240 2214 1602 89 0 0.722674 0 0 0 0 0 0 0 0 0 0 0 0 0 0 0 0 0 0 0.0144928 0 0.0434783 0.144928 0.15942 0.202899 0.188406 0.144928 0.101449 0 0 0 0 0 0 

2208 2195 1602 97 0 0.728929 0 0 0 0 0 0 0 0 0 0 0 0 0 0 0 0 0 0.0147059 0 0.0294118 0.0588235 0.0588235 0.176471 0.147059 0.235294 0.117647 0.161765 0 0 0 0 0 0 

2208 2193 1603 101 0 0.729594 0 0 0 0 0 0 0 0 0 0 0 0 0 0 0 0 0 0 0 0.0294118 0.0294118 0.0882353 0.161765 0.235294 0.132353 0.235294 0.0882353 0 0 0 0 0 0 

2240 2221 1602 92 0 0.720396 0 0 0 0 0 0 0 0 0 0 0 0 0 0 0 0 0 0 0 0.0434783 0.057971 0.130435 0.130435 0.173913 0.246377 0.130435 0.0869565 0 0 0 0 0 0 

2208 2184 1602 91 0 0.732601 0 0 0 0 0 0 0 0 0 0 0 0 0 0 0 0 0 0.0147059 0 0.0147059 0.0147059 0.0882353 0.0588235 0.294118 0.264706 0.161765 0.0735294 0.0147059 0 0 0 0 0 

2176 2157 1602 85 0 0.741771 0 0 0 0 0 0 0 0 0 0 0 0 0 0 0 0 0 0.0149254 0.0149254 0 0 0.0447761 0.134328 0.149254 0.313433 0.208955 0.104478 0.0149254 0 0 0 0 0 

2208 2181 1603 105 0 0.733608 0 0 0 0 0 0 0 0 0 0 0 0 0 0 0 0 0 0 0.0147059 0 0.0441176 0.0735294 0.102941 0.205882 0.235294 0.25 0.0735294 0 0 0 0 0 0 

2208 2196 1602 96 0 0.728597 0 0 0 0 0 0 0 0 0 0 0 0 0 0 0 0 0 0 0 0 0.0147059 0.161765 0.132353 0.264706 0.205882 0.132353 0.0588235 0.0294118 0 0 0 0 0 

2240 2232 1601 97 0 0.716846 0 0 0 0 0 0 0 0 0 0 0 0 0 0 0 0 0 0 0.0144928 0.0144928 0.0434783 0.0724638 0.26087 0.217391 0.26087 0.0724638 0.0434783 0 0 0 0 0 0 

2208 2192 1602 98 0 0.729927 0 0 0 0 0 0 0 0 0 0 0 0 0 0 0 0 0 0 0.0147059 0 0.0441176 0.117647 0.132353 0.220588 0.191176 0.161765 0.0882353 0.0294118 0 0 0 0 0 

