2208 2200 1603 100 0 0.727273 0 0 0 0 0 0 0 0 0 0 0 0 0 0 0 0 0 0 0 0 0.102941 0.102941 0.102941 0.220588 0.25 0.132353 0.0441176 0.0294118 0.0147059 0 0 0 0 

2240 2223 1603 99 0 0.719748 0 0 0 0 0 0 0 0 0 0 0 0 0 0 0 0 0 0 0.0144928 0 0.101449 0.0724638 0.202899 0.231884 0.130435 0.144928 0.0869565 0.0144928 0 0 0 0 0 

2176 2166 1602 91 0 0.738689 0 0 0 0 0 0 0 0 0 0 0 0 0 0 0 0 0 0 0 0 0.0149254 0.104478 0.0895522 0.298507 0.238806 0.119403 0.0895522 0.0447761 0 0 0 0 0 

2240 2211 1602 94 0 0.723654 0 0 0 0 0 0 0 0 0 0 0 0 0 0 0 0 0 0 0 0 0.0869565 0.144928 0.101449 0.246377 0.173913 0.115942 0.101449 0.0289855 0 0 0 0 0 

2176 2170 1601 92 0 0.737327 0 0 0 0 0 0 0 0 0 0 0 0 0 0 0 0 0 0 0 0 0.0149254 0.0597015 0.104478 0.328358 0.268657 0.164179 0.0447761 0.0149254 0 0 0 0 0 

2240 2212 1602 95 0 0.723327 0 0 0 0 0 0 0 0 0 0 0 0 0 0 0 0 0 0 0 0.0144928 0.0869565 0.0724638 0.130435 0.231884 0.26087 0.115942 0.0869565 0 0 0 0 0 0 

2208 2197 1603 102 0 0.728266 0 0 0 0 0 0 0 0 0 0 0 0 0 0 0 0 0 0.0147059 0 0.0147059 0.0735294 0.0588235 0.161765 0.191176 0.205882 0.176471 0.0588235 0.0441176 0 0 0 0 0 

2240 2223 1603 99 0 0.719748 0 0 0 0 0 0 0 0 0 0 0 0 0 0 0 0 0 0 0.0144928 0.0144928 0.0289855 0.115942 0.26087 0.144928 0.202899 0.130435 0.0869565 0 0 0 0 0 0 

2240 2213 1602 94 0 0.723 0 0 0 0 0 0 0 0 0 0 0 0 0 0 0 0 0 0 0.0144928 0 0.0289855 0.173913 0.130435 0.217391 0.217391 0.130435 0.0434783 0.0434783 0 0 0 0 0 

2240 2215 1603 99 0 0.722348 0 0 0 0 0 0 0 0 0 0 0 0 0 0 0 0 0 0 0.0144928 0.0144928 0.0289855 0.115942 0.188406 0.173913 0.246377 0.15942 0.0289855 0.0289855 0 0 0 0 0 

