2240 2211 1602 92 0 0.723654 0 0 0 0 0 0 0 0 0 0 0 0 0 0 0 0 0 0 0 0.0289855 0.0434783 0.0869565 0.173913 0.173913 0.318841 0.0869565 0.0724638 0.0144928 0 0 0 0 0 

2240 2229 1602 96 0 0.717811 0 0 0 0 0 0 0 0 0 0 0 0 0 0 0 0 0.0144928 0.0144928 0 0.0289855 0.0289855 0.130435 0.130435 0.231884 0.202899 0.15942 0.057971 0 0 0 0 0 0 

2240 2233 1602 95 0 0.716525 0 0 0 0 0 0 0 0 0 0 0 0 0 0 0 0 0.0144928 0 0 0.0289855 0.057971 0.130435 0.188406 0.130435 0.26087 0.144928 0.0289855 0.0144928 0 0 0 0 0 

2208 2185 1602 95 0 0.732265 0 0 0 0 0 0 0 0 0 0 0 0 0 0 0 0 0 0 0 0 0.0147059 0.0588235 0.161765 0.352941 0.205882 0.0882353 0.102941 0.0147059 0 0 0 0 0 

2208 2196 1602 90 0 0.728597 0 0 0 0 0 0 0 0 0 0 0 0 0 0 0 0 0 0 0 0.0147059 0.0441176 0.0882353 0.161765 0.235294 0.191176 0.191176 0.0735294 0 0 0 0 0 0 

2240 2216 1602 94 0 0.722022 0 0 0 0 0 0 0 0 0 0 0 0 0 0 0 0 0 0 0 0.0289855 0.057971 0.0869565 0.15942 0.246377 0.246377 0.101449 0.0289855 0.0289855 0.0144928 0 0 0 0 

2176 2161 1602 92 0 0.740398 0 0 0 0 0 0 0 0 0 0 0 0 0 0 0 0 0 0 0.0149254 0.0149254 0.0149254 0.0746269 0.119403 0.179104 0.253731 0.179104 0.104478 0.0447761 0 0 0 0 0 

2240 2211 1602 93 0 0.723654 0 0 0 0 0 0 0 0 0 0 0 0 0 0 0 0 0 0.0144928 0 0 0.0724638 0.115942 0.144928 0.173913 0.246377 0.115942 0.0869565 0.0289855 0 0 0 0 0 

2240 2221 1602 94 0 0.720396 0 0 0 0 0 0 0 0 0 0 0 0 0 0 0 0 0 0 0 0.0289855 0.0724638 0.101449 0.115942 0.246377 0.26087 0.115942 0.0434783 0.0144928 0 0 0 0 0 

2208 2180 1603 101 0 0.733945 0 0 0 0 0 0 0 0 0 0 0 0 0 0 0 0 0 0 0 0 0.0441176 0.102941 0.117647 0.176471 0.294118 0.132353 0.117647 0.0147059 0 0 0 0 0 

