2208 2190 1602 89 0 0.730594 0 0 0 0 0 0 0 0 0 0 0 0 0 0 0 0 0 0 0 0.0147059 0.0588235 0.0588235 0.191176 0.205882 0.176471 0.176471 0.102941 0.0147059 0 0 0 0 0 

2240 2220 1602 91 0 0.720721 0 0 0 0 0 0 0 0 0 0 0 0 0 0 0 0 0 0 0 0.057971 0.057971 0.057971 0.130435 0.304348 0.15942 0.173913 0.0434783 0.0144928 0 0 0 0 0 

2240 2219 1602 98 0 0.721045 0 0 0 0 0 0 0 0 0 0 0 0 0 0 0 0 0 0.0144928 0 0 0.0434783 0.115942 0.15942 0.304348 0.173913 0.101449 0.057971 0.0289855 0 0 0 0 0 

2208 2198 1602 96 0 0.727934 0 0 0 0 0 0 0 0 0 0 0 0 0 0 0 0 0 0 0.0147059 0.0147059 0.0588235 0.161765 0.0588235 0.205882 0.191176 0.205882 0.0294118 0.0588235 0 0 0 0 0 

2240 2217 1603 105 0 0.721696 0 0 0 0 0 0 0 0 0 0 0 0 0 0 0 0 0 0 0 0.0434783 0.0289855 0.144928 0.173913 0.202899 0.15942 0.101449 0.115942 0.0289855 0 0 0 0 0 

2176 2155 1602 85 0 0.742459 0 0 0 0 0 0 0 0 0 0 0 0 0 0 0 0 0 0 0 0.0298507 0 0.0447761 0.0746269 0.253731 0.283582 0.223881 0.0597015 0.0298507 0 0 0 0 0 

2208 2201 1602 98 0 0.726942 0 0 0 0 0 0 0 0 0 0 0 0 0 0 0 0 0 0.0147059 0 0 0.0588235 0.0294118 0.161765 0.294118 0.294118 0.0588235 0.0882353 0 0 0 0 0 0 

2208 2194 1602 93 0 0.729262 0 0 0 0 0 0 0 0 0 0 0 0 0 0 0 0 0 0 0.0147059 0.0294118 0.0147059 0.132353 0.0735294 0.191176 0.308824 0.176471 0.0294118 0.0294118 0 0 0 0 0 

2208 2191 1602 93 0 0.73026 0 0 0 0 0 0 0 0 0 0 0 0 0 0 0 0 0 0 0 0.0147059 0.0294118 0.102941 0.147059 0.191176 0.25 0.220588 0.0294118 0.0147059 0 0 0 0 0 

2208 2190 1602 98 0 0.730594 0 0 0 0 0 0 0 0 0 0 0 0 0 0 0 0 0 0 0.0147059 0 0.0441176 0.0588235 0.117647 0.308824 0.220588 0.132353 0.102941 0 0 0 0 0 0 

