2208 2188 1602 93 0 0.731261 0 0 0 0 0 0 0 0 0 0 0 0 0 0 0 0 0 0 0 0 0.0441176 0.0882353 0.147059 0.205882 0.264706 0.176471 0.0735294 0 0 0 0 0 0 

2272 2258 1603 98 0 0.708592 0 0 0 0 0 0 0 0 0 0 0 0 0 0 0 0 0 0.0142857 0.0142857 0.0142857 0.1 0.142857 0.142857 0.228571 0.171429 0.114286 0.0428571 0.0142857 0 0 0 0 0 

2208 2183 1602 92 0 0.732936 0 0 0 0 0 0 0 0 0 0 0 0 0 0 0 0 0 0 0 0 0.0147059 0.0735294 0.191176 0.235294 0.220588 0.191176 0.0588235 0.0147059 0 0 0 0 0 

2240 2220 1603 102 0 0.720721 0 0 0 0 0 0 0 0 0 0 0 0 0 0 0 0 0 0 0 0.0434783 0.0289855 0.0289855 0.246377 0.275362 0.173913 0.15942 0.0434783 0 0 0 0 0 0 

2208 2193 1602 93 0 0.729594 0 0 0 0 0 0 0 0 0 0 0 0 0 0 0 0 0 0 0 0.0441176 0 0.0882353 0.132353 0.25 0.264706 0.132353 0.0882353 0 0 0 0 0 0 

2208 2188 1602 95 0 0.731261 0 0 0 0 0 0 0 0 0 0 0 0 0 0 0 0 0 0 0 0 0 0.132353 0.147059 0.205882 0.338235 0.117647 0.0294118 0.0147059 0.0147059 0 0 0 0 

2208 2198 1602 97 0 0.727934 0 0 0 0 0 0 0 0 0 0 0 0 0 0 0 0 0 0 0 0.0441176 0.0294118 0.117647 0.132353 0.220588 0.191176 0.161765 0.0882353 0 0 0.0147059 0 0 0 

2240 2228 1603 105 0 0.718133 0 0 0 0 0 0 0 0 0 0 0 0 0 0 0 0 0 0 0.0144928 0.0144928 0.0434783 0.0724638 0.246377 0.275362 0.188406 0.0724638 0.0289855 0.0434783 0 0 0 0 0 

2208 2201 1603 101 0 0.726942 0 0 0 0 0 0 0 0 0 0 0 0 0 0 0 0 0 0 0 0 0.0882353 0.0882353 0.102941 0.279412 0.220588 0.161765 0.0294118 0.0294118 0 0 0 0 0 

2240 2220 1603 102 0 0.720721 0 0 0 0 0 0 0 0 0 0 0 0 0 0 0 0 0 0.0144928 0 0.0144928 0.101449 0.057971 0.115942 0.289855 0.173913 0.144928 0.0724638 0.0144928 0 0 0 0 0 

