2208 2200 1601 90 0 0.727273 0 0 0 0 0 0 0 0 0 0 0 0 0 0 0 0 0 0 0.0147059 0.0294118 0.0588235 0.0735294 0.176471 0.132353 0.220588 0.220588 0.0588235 0.0147059 0 0 0 0 0 

2208 2198 1601 94 0 0.727934 0 0 0 0 0 0 0 0 0 0 0 0 0 0 0 0 0 0 0 0.0294118 0.0441176 0.0882353 0.132353 0.279412 0.147059 0.205882 0.0588235 0.0147059 0 0 0 0 0 

2208 2189 1602 95 0 0.730927 0 0 0 0 0 0 0 0 0 0 0 0 0 0 0 0 0 0 0 0 0.0441176 0.102941 0.147059 0.205882 0.25 0.176471 0.0441176 0.0294118 0 0 0 0 0 

2240 2216 1602 90 0 0.722022 0 0 0 0 0 0 0 0 0 0 0 0 0 0 0 0 0 0 0 0.0724638 0 0.0869565 0.202899 0.26087 0.115942 0.144928 0.101449 0.0144928 0 0 0 0 0 

2176 2169 1601 98 0 0.737667 0 0 0 0 0 0 0 0 0 0 0 0 0 0 0 0 0 0 0 0.0149254 0.0298507 0.104478 0.104478 0.164179 0.313433 0.134328 0.119403 0.0149254 0 0 0 0 0 

2240 2217 1602 92 0 0.721696 0 0 0 0 0 0 0 0 0 0 0 0 0 0 0 0 0 0 0 0.0289855 0.0289855 0.115942 0.202899 0.217391 0.144928 0.202899 0.057971 0 0 0 0 0 0 

2208 2191 1602 92 0 0.73026 0 0 0 0 0 0 0 0 0 0 0 0 0 0 0 0 0 0 0 0.0147059 0.0588235 0.0294118 0.220588 0.235294 0.161765 0.176471 0.0735294 0.0294118 0 0 0 0 0 

2240 2217 1602 92 0 0.721696 0 0 0 0 0 0 0 0 0 0 0 0 0 0 0 0 0 0.0144928 0.0144928 0.0144928 0.0144928 0.0724638 0.188406 0.202899 0.333333 0.0869565 0.057971 0 0 0 0 0 0 

2240 2229 1602 92 0 0.717811 0 0 0 0 0 0 0 0 0 0 0 0 0 0 0 0 0 0.0144928 0 0 0.101449 0.144928 0.130435 0.188406 0.173913 0.188406 0.057971 0 0 0 0 0 0 

2240 2219 1603 104 0 0.721045 0 0 0 0 0 0 0 0 0 0 0 0 0 0 0 0 0 0 0.0144928 0 0.0289855 0.115942 0.275362 0.144928 0.202899 0.144928 0.0434783 0.0289855 0 0 0 0 0 

