2176 2166 1602 96 0 0.738689 0 0 0 0 0 0 0 0 0 0 0 0 0 0 0 0 0 0 0 0.0149254 0.0149254 0.0447761 0.149254 0.238806 0.208955 0.268657 0.0597015 0 0 0 0 0 0 

2240 2211 1602 86 0 0.723654 0 0 0 0 0 0 0 0 0 0 0 0 0 0 0 0 0 0 0 0.0289855 0.057971 0.130435 0.101449 0.188406 0.217391 0.217391 0.057971 0 0 0 0 0 0 

2240 2220 1602 95 0 0.720721 0 0 0 0 0 0 0 0 0 0 0 0 0 0 0 0 0 0.0144928 0 0 0.057971 0.101449 0.188406 0.231884 0.202899 0.115942 0.0869565 0 0 0 0 0 0 

2240 2234 1600 93 0 0.716204 0 0 0 0 0 0 0 0 0 0 0 0 0 0 0 0 0 0 0 0 0.0434783 0.15942 0.173913 0.304348 0.173913 0.144928 0 0 0 0 0 0 0 

2240 2225 1603 102 0 0.719101 0 0 0 0 0 0 0 0 0 0 0 0 0 0 0 0 0 0 0 0.0434783 0.0434783 0.115942 0.15942 0.246377 0.202899 0.0869565 0.101449 0 0 0 0 0 0 

2240 2234 1601 99 0 0.716204 0 0 0 0 0 0 0 0 0 0 0 0 0 0 0 0 0 0.0144928 0.0144928 0.0289855 0.057971 0.0434783 0.26087 0.202899 0.202899 0.115942 0.0434783 0 0 0.0144928 0 0 0 

2208 2186 1603 104 0 0.73193 0 0 0 0 0 0 0 0 0 0 0 0 0 0 0 0 0 0 0.0147059 0.0147059 0.0294118 0.0588235 0.191176 0.161765 0.220588 0.191176 0.117647 0 0 0 0 0 0 

2240 2215 1602 94 0 0.722348 0 0 0 0 0 0 0 0 0 0 0 0 0 0 0 0 0 0 0.0289855 0.0434783 0.0724638 0.0869565 0.130435 0.101449 0.231884 0.202899 0.0869565 0.0144928 0 0 0 0 0 

2208 2190 1603 99 0 0.730594 0 0 0 0 0 0 0 0 0 0 0 0 0 0 0 0 0 0 0 0 0.0735294 0.0882353 0.132353 0.176471 0.279412 0.176471 0.0294118 0.0441176 0 0 0 0 0 

2208 2189 1602 96 0 0.730927 0 0 0 0 0 0 0 0 0 0 0 0 0 0 0 0 0 0 0 0.0147059 0.0294118 0.0588235 0.205882 0.220588 0.220588 0.147059 0.0882353 0.0147059 0 0 0 0 0 

