2240 2224 1602 93 0 0.719424 0 0 0 0 0 0 0 0 0 0 0 0 0 0 0 0 0 0 0 0.0144928 0.0724638 0.0869565 0.15942 0.275362 0.246377 0.101449 0.0289855 0.0144928 0 0 0 0 0 

2240 2223 1603 100 0 0.719748 0 0 0 0 0 0 0 0 0 0 0 0 0 0 0 0 0 0 0 0 0.0869565 0.144928 0.144928 0.188406 0.246377 0.115942 0.057971 0.0144928 0 0 0 0 0 

2208 2195 1602 95 0 0.728929 0 0 0 0 0 0 0 0 0 0 0 0 0 0 0 0 0 0 0 0.0147059 0.0441176 0.132353 0.117647 0.220588 0.191176 0.176471 0.102941 0 0 0 0 0 0 

2208 2190 1603 99 0 0.730594 0 0 0 0 0 0 0 0 0 0 0 0 0 0 0 0 0 0 0 0.0147059 0.0588235 0.0882353 0.0441176 0.338235 0.191176 0.161765 0.102941 0 0 0 0 0 0 

2208 2180 1602 90 0 0.733945 0 0 0 0 0 0 0 0 0 0 0 0 0 0 0 0 0 0 0 0 0.0441176 0.0588235 0.117647 0.294118 0.235294 0.161765 0.0588235 0.0147059 0.0147059 0 0 0 0 

2208 2187 1602 94 0 0.731596 0 0 0 0 0 0 0 0 0 0 0 0 0 0 0 0 0 0 0 0 0.0588235 0.0441176 0.176471 0.176471 0.294118 0.205882 0.0441176 0 0 0 0 0 0 

2208 2197 1603 105 0 0.728266 0 0 0 0 0 0 0 0 0 0 0 0 0 0 0 0 0 0 0.0147059 0.0294118 0.0294118 0.102941 0.0882353 0.220588 0.264706 0.191176 0.0441176 0.0147059 0 0 0 0 0 

2240 2215 1602 97 0 0.722348 0 0 0 0 0 0 0 0 0 0 0 0 0 0 0 0 0 0 0 0.0144928 0 0.130435 0.217391 0.231884 0.217391 0.130435 0.057971 0 0 0 0 0 0 

2208 2196 1601 81 0 0.728597 0 0 0 0 0 0 0 0 0 0 0 0 0 0 0 0 0 0 0 0.0147059 0.0588235 0.0441176 0.191176 0.220588 0.220588 0.205882 0.0441176 0 0 0 0 0 0 

2240 2212 1602 93 0 0.723327 0 0 0 0 0 0 0 0 0 0 0 0 0 0 0 0 0 0 0 0 0.0289855 0.144928 0.173913 0.217391 0.217391 0.173913 0.0289855 0.0144928 0 0 0 0 0 

