2240 2213 1602 95 0 0.723 0 0 0 0 0 0 0 0 0 0 0 0 0 0 0 0 0 0.0289855 0 0.0144928 0.0144928 0.057971 0.188406 0.275362 0.217391 0.130435 0.0434783 0.0289855 0 0 0 0 0 

2240 2217 1602 97 0 0.721696 0 0 0 0 0 0 0 0 0 0 0 0 0 0 0 0 0 0 0 0.0434783 0.0434783 0.057971 0.173913 0.275362 0.202899 0.130435 0.0724638 0 0 0 0 0 0 

2208 2187 1602 94 0 0.731596 0 0 0 0 0 0 0 0 0 0 0 0 0 0 0 0 0 0 0.0147059 0 0.0588235 0.0882353 0.0882353 0.235294 0.25 0.161765 0.0882353 0 0.0147059 0 0 0 0 

2240 2214 1602 93 0 0.722674 0 0 0 0 0 0 0 0 0 0 0 0 0 0 0 0 0 0 0.0289855 0 0.0144928 0.101449 0.188406 0.26087 0.202899 0.115942 0.0724638 0.0144928 0 0 0 0 0 

2240 2215 1602 91 0 0.722348 0 0 0 0 0 0 0 0 0 0 0 0 0 0 0 0 0 0 0 0.0434783 0.0434783 0.144928 0.115942 0.144928 0.289855 0.130435 0.0724638 0.0144928 0 0 0 0 0 

2240 2223 1602 94 0 0.719748 0 0 0 0 0 0 0 0 0 0 0 0 0 0 0 0 0 0 0 0.0289855 0.0724638 0.115942 0.144928 0.246377 0.173913 0.15942 0.0144928 0.0434783 0 0 0 0 0 

2208 2194 1602 97 0 0.729262 0 0 0 0 0 0 0 0 0 0 0 0 0 0 0 0 0 0 0.0147059 0 0.0735294 0.0882353 0.0588235 0.279412 0.235294 0.161765 0.0882353 0 0 0 0 0 0 

2240 2227 1603 103 0 0.718455 0 0 0 0 0 0 0 0 0 0 0 0 0 0 0 0 0 0 0 0 0.0289855 0.15942 0.26087 0.188406 0.202899 0.0869565 0.0434783 0.0289855 0 0 0 0 0 

2176 2162 1602 88 0 0.740056 0 0 0 0 0 0 0 0 0 0 0 0 0 0 0 0 0 0 0.0149254 0 0.0149254 0.0746269 0.104478 0.238806 0.223881 0.223881 0.0746269 0.0298507 0 0 0 0 0 

2208 2196 1602 94 0 0.728597 0 0 0 0 0 0 0 0 0 0 0 0 0 0 0 0 0 0.0294118 0 0.0294118 0.0147059 0.0441176 0.132353 0.308824 0.191176 0.161765 0.0441176 0.0441176 0 0 0 0 0 

