2240 2211 1602 97 0 0.723654 0 0 0 0 0 0 0 0 0 0 0 0 0 0 0 0 0 0.0144928 0 0.0144928 0.0434783 0.0144928 0.217391 0.26087 0.26087 0.115942 0.0289855 0.0289855 0 0 0 0 0 

2176 2164 1602 95 0 0.739372 0 0 0 0 0 0 0 0 0 0 0 0 0 0 0 0 0 0 0.0149254 0 0.0149254 0.0746269 0.164179 0.149254 0.268657 0.164179 0.149254 0 0 0 0 0 0 

2208 2200 1600 92 0 0.727273 0 0 0 0 0 0 0 0 0 0 0 0 0 0 0 0 0 0 0 0 0.0147059 0.132353 0.176471 0.279412 0.205882 0.132353 0.0147059 0.0441176 0 0 0 0 0 

2208 2198 1602 84 0 0.727934 0 0 0 0 0 0 0 0 0 0 0 0 0 0 0 0 0 0 0 0.0147059 0.0588235 0.0441176 0.102941 0.323529 0.294118 0.117647 0.0441176 0 0 0 0 0 0 

2208 2203 1600 96 0 0.726282 0 0 0 0 0 0 0 0 0 0 0 0 0 0 0 0 0 0 0 0.0147059 0.0294118 0.176471 0.102941 0.205882 0.294118 0.0882353 0.0588235 0.0294118 0 0 0 0 0 

2176 2166 1602 87 0 0.738689 0 0 0 0 0 0 0 0 0 0 0 0 0 0 0 0 0 0 0.0149254 0.0149254 0.0149254 0.0746269 0.134328 0.208955 0.208955 0.19403 0.0895522 0.0447761 0 0 0 0 0 

2240 2221 1602 98 0 0.720396 0 0 0 0 0 0 0 0 0 0 0 0 0 0 0 0 0 0 0.0144928 0 0.0289855 0.101449 0.188406 0.275362 0.202899 0.188406 0 0 0 0 0 0 0 

2272 2252 1603 103 0 0.71048 0 0 0 0 0 0 0 0 0 0 0 0 0 0 0 0 0 0 0.0142857 0 0.0571429 0.128571 0.242857 0.271429 0.128571 0.128571 0.0285714 0 0 0 0 0 0 

2176 2164 1602 94 0 0.739372 0 0 0 0 0 0 0 0 0 0 0 0 0 0 0 0 0 0 0 0 0.0298507 0.0895522 0.149254 0.208955 0.179104 0.208955 0.104478 0.0298507 0 0 0 0 0 

2240 2216 1603 100 0 0.722022 0 0 0 0 0 0 0 0 0 0 0 0 0 0 0 0 0 0 0 0.0434783 0.0724638 0.0289855 0.130435 0.333333 0.173913 0.130435 0.0869565 0 0 0 0 0 0 

