2240 2212 1602 92 0 0.723327 0 0 0 0 0 0 0 0 0 0 0 0 0 0 0 0 0 0 0 0 0.101449 0.0144928 0.130435 0.376812 0.188406 0.130435 0.057971 0 0 0 0 0 0 

2208 2190 1602 93 0 0.730594 0 0 0 0 0 0 0 0 0 0 0 0 0 0 0 0 0 0 0.0294118 0 0.0735294 0.0441176 0.117647 0.220588 0.264706 0.132353 0.0882353 0.0147059 0.0147059 0 0 0 0 

2208 2189 1602 94 0 0.730927 0 0 0 0 0 0 0 0 0 0 0 0 0 0 0 0 0 0.0147059 0 0.0147059 0.0588235 0.0588235 0.161765 0.191176 0.147059 0.25 0.0882353 0.0147059 0 0 0 0 0 

2240 2222 1603 101 0 0.720072 0 0 0 0 0 0 0 0 0 0 0 0 0 0 0 0 0 0 0.0144928 0.0289855 0.0434783 0.115942 0.217391 0.173913 0.130435 0.15942 0.115942 0 0 0 0 0 0 

2208 2196 1602 94 0 0.728597 0 0 0 0 0 0 0 0 0 0 0 0 0 0 0 0 0 0 0.0147059 0 0 0.132353 0.117647 0.25 0.279412 0.176471 0.0294118 0 0 0 0 0 0 

2208 2198 1602 93 0 0.727934 0 0 0 0 0 0 0 0 0 0 0 0 0 0 0 0 0 0 0.0147059 0.0294118 0.0294118 0.0441176 0.191176 0.205882 0.235294 0.191176 0.0588235 0 0 0 0 0 0 

2208 2200 1603 105 0 0.727273 0 0 0 0 0 0 0 0 0 0 0 0 0 0 0 0 0 0 0 0.0294118 0.0294118 0.117647 0.205882 0.132353 0.220588 0.161765 0.0882353 0.0147059 0 0 0 0 0 

2208 2203 1600 96 0 0.726282 0 0 0 0 0 0 0 0 0 0 0 0 0 0 0 0 0 0 0 0.0294118 0.0441176 0.102941 0.176471 0.191176 0.25 0.0882353 0.102941 0.0147059 0 0 0 0 0 

2208 2191 1603 99 0 0.73026 0 0 0 0 0 0 0 0 0 0 0 0 0 0 0 0 0 0 0.0147059 0 0.0882353 0.0735294 0.147059 0.161765 0.205882 0.161765 0.132353 0.0147059 0 0 0 0 0 

2272 2246 1603 100 0 0.712378 0 0 0 0 0 0 0 0 0 0 0 0 0 0 0 0 0 0 0.0142857 0.0285714 0.0857143 0.114286 0.128571 0.242857 0.271429 0.0285714 0.0571429 0.0285714 0 0 0 0 0 

