2240 2217 1602 97 0 0.721696 0 0 0 0 0 0 0 0 0 0 0 0 0 0 0 0 0 0.0144928 0.0144928 0.0434783 0.0144928 0.0724638 0.173913 0.15942 0.289855 0.15942 0.057971 0 0 0 0 0 0 

2208 2188 1602 94 0 0.731261 0 0 0 0 0 0 0 0 0 0 0 0 0 0 0 0 0 0.0147059 0 0.0294118 0.0147059 0.0294118 0.161765 0.323529 0.161765 0.117647 0.132353 0.0147059 0 0 0 0 0 

2208 2199 1603 105 0 0.727603 0 0 0 0 0 0 0 0 0 0 0 0 0 0 0 0 0 0 0 0.0147059 0.0735294 0.0588235 0.147059 0.235294 0.25 0.147059 0.0588235 0.0147059 0 0 0 0 0 

2208 2191 1602 97 0 0.73026 0 0 0 0 0 0 0 0 0 0 0 0 0 0 0 0 0 0 0 0 0.0588235 0.0735294 0.132353 0.25 0.25 0.161765 0.0735294 0 0 0 0 0 0 

2208 2195 1602 90 0 0.728929 0 0 0 0 0 0 0 0 0 0 0 0 0 0 0 0 0 0 0 0 0.0441176 0.117647 0.147059 0.235294 0.205882 0.176471 0.0588235 0.0147059 0 0 0 0 0 

2240 2219 1603 106 0 0.721045 0 0 0 0 0 0 0 0 0 0 0 0 0 0 0 0 0 0 0 0.0289855 0.0289855 0.188406 0.115942 0.217391 0.173913 0.15942 0.0724638 0.0144928 0 0 0 0 0 

2240 2226 1603 101 0 0.718778 0 0 0 0 0 0 0 0 0 0 0 0 0 0 0 0 0 0 0 0.0289855 0.057971 0.144928 0.115942 0.231884 0.275362 0.0724638 0.0434783 0.0289855 0 0 0 0 0 

2176 2159 1602 93 0 0.741084 0 0 0 0 0 0 0 0 0 0 0 0 0 0 0 0 0 0 0 0 0.0447761 0.0895522 0.0746269 0.223881 0.208955 0.208955 0.149254 0 0 0 0 0 0 

2208 2190 1602 97 0 0.730594 0 0 0 0 0 0 0 0 0 0 0 0 0 0 0 0 0 0 0 0 0.0294118 0.0735294 0.176471 0.25 0.220588 0.205882 0.0441176 0 0 0 0 0 0 

2240 2232 1600 97 0 0.716846 0 0 0 0 0 0 0 0 0 0 0 0 0 0 0 0 0 0 0 0.0289855 0.144928 0.0144928 0.202899 0.217391 0.144928 0.231884 0.0144928 0 0 0 0 0 0 

