2208 2196 1602 92 0 0.728597 0 0 0 0 0 0 0 0 0 0 0 0 0 0 0 0 0 0 0 0.0147059 0.0588235 0.0147059 0.205882 0.235294 0.294118 0.117647 0.0294118 0.0294118 0 0 0 0 0 

2240 2211 1602 97 0 0.723654 0 0 0 0 0 0 0 0 0 0 0 0 0 0 0 0 0 0 0.0144928 0.0144928 0.0434783 0.0724638 0.15942 0.246377 0.188406 0.231884 0.0289855 0 0 0 0 0 0 

2208 2197 1603 104 0 0.728266 0 0 0 0 0 0 0 0 0 0 0 0 0 0 0 0 0 0 0 0.0147059 0.0441176 0.0882353 0.161765 0.25 0.220588 0.117647 0.0735294 0.0294118 0 0 0 0 0 

2208 2192 1602 92 0 0.729927 0 0 0 0 0 0 0 0 0 0 0 0 0 0 0 0 0 0 0.0147059 0 0.0735294 0.0735294 0.147059 0.147059 0.279412 0.161765 0.102941 0 0 0 0 0 0 

2240 2221 1603 104 0 0.720396 0 0 0 0 0 0 0 0 0 0 0 0 0 0 0 0 0 0 0 0.0289855 0.0289855 0.101449 0.246377 0.217391 0.188406 0.101449 0.057971 0.0144928 0.0144928 0 0 0 0 

2208 2197 1602 90 0 0.728266 0 0 0 0 0 0 0 0 0 0 0 0 0 0 0 0 0 0 0.0147059 0 0.0588235 0.132353 0.161765 0.147059 0.191176 0.191176 0.0588235 0.0441176 0 0 0 0 0 

2208 2192 1602 85 0 0.729927 0 0 0 0 0 0 0 0 0 0 0 0 0 0 0 0 0 0 0.0147059 0.0294118 0.0294118 0.0882353 0.117647 0.220588 0.205882 0.191176 0.102941 0 0 0 0 0 0 

2240 2213 1602 90 0 0.723 0 0 0 0 0 0 0 0 0 0 0 0 0 0 0 0 0 0 0 0.0289855 0.0144928 0.101449 0.15942 0.217391 0.289855 0.188406 0 0 0 0 0 0 0 

2208 2184 1603 102 0 0.732601 0 0 0 0 0 0 0 0 0 0 0 0 0 0 0 0 0 0 0.0147059 0.0147059 0.0588235 0.0735294 0.102941 0.220588 0.25 0.0882353 0.132353 0.0294118 0.0147059 0 0 0 0 

2240 2215 1602 96 0 0.722348 0 0 0 0 0 0 0 0 0 0 0 0 0 0 0 0 0 0 0 0 0.0289855 0.130435 0.173913 0.217391 0.318841 0.101449 0 0.0289855 0 0 0 0 0 

