2240 2217 1602 95 0 0.721696 0 0 0 0 0 0 0 0 0 0 0 0 0 0 0 0 0 0 0 0.0144928 0.0724638 0.115942 0.130435 0.217391 0.231884 0.173913 0.0289855 0.0144928 0 0 0 0 0 

2240 2215 1602 92 0 0.722348 0 0 0 0 0 0 0 0 0 0 0 0 0 0 0 0 0 0.0144928 0 0.0289855 0.057971 0.0869565 0.202899 0.130435 0.173913 0.246377 0.0434783 0 0.0144928 0 0 0 0 

2208 2182 1602 95 0 0.733272 0 0 0 0 0 0 0 0 0 0 0 0 0 0 0 0 0 0 0.0147059 0.0294118 0.0294118 0.0735294 0.132353 0.205882 0.205882 0.132353 0.147059 0.0294118 0 0 0 0 0 

2208 2200 1602 97 0 0.727273 0 0 0 0 0 0 0 0 0 0 0 0 0 0 0 0 0 0 0.0147059 0.0147059 0.0147059 0.102941 0.176471 0.25 0.191176 0.147059 0.0735294 0.0147059 0 0 0 0 0 

2208 2198 1602 86 0 0.727934 0 0 0 0 0 0 0 0 0 0 0 0 0 0 0 0 0 0 0 0.0294118 0.0147059 0.0588235 0.220588 0.220588 0.264706 0.132353 0.0294118 0.0294118 0 0 0 0 0 

2240 2222 1603 99 0 0.720072 0 0 0 0 0 0 0 0 0 0 0 0 0 0 0 0 0 0 0.0144928 0.0144928 0.057971 0.115942 0.202899 0.101449 0.304348 0.144928 0.0144928 0.0144928 0.0144928 0 0 0 0 

2240 2228 1602 94 0 0.718133 0 0 0 0 0 0 0 0 0 0 0 0 0 0 0 0 0.0144928 0 0 0.0144928 0.0434783 0.0724638 0.188406 0.246377 0.318841 0.0724638 0.0289855 0 0 0 0 0 0 

2208 2179 1602 91 0 0.734282 0 0 0 0 0 0 0 0 0 0 0 0 0 0 0 0 0 0 0.0147059 0 0.0441176 0.0294118 0.176471 0.147059 0.294118 0.25 0.0294118 0 0.0147059 0 0 0 0 

2208 2190 1603 104 0 0.730594 0 0 0 0 0 0 0 0 0 0 0 0 0 0 0 0 0 0.0147059 0 0 0.0147059 0.117647 0.0735294 0.264706 0.294118 0.161765 0.0441176 0.0147059 0 0 0 0 0 

2208 2196 1602 87 0 0.728597 0 0 0 0 0 0 0 0 0 0 0 0 0 0 0 0 0 0.0147059 0 0.0441176 0.0441176 0.0294118 0.117647 0.205882 0.352941 0.102941 0.0735294 0.0147059 0 0 0 0 0 

