2208 2203 1600 93 0 0.726282 0 0 0 0 0 0 0 0 0 0 0 0 0 0 0 0 0 0 0 0 0.0441176 0.161765 0.147059 0.264706 0.117647 0.176471 0.0588235 0.0294118 0 0 0 0 0 

2240 2213 1602 98 0 0.723 0 0 0 0 0 0 0 0 0 0 0 0 0 0 0 0 0 0.0144928 0 0.0434783 0 0.101449 0.144928 0.275362 0.188406 0.173913 0.0289855 0.0144928 0.0144928 0 0 0 0 

2208 2184 1602 92 0 0.732601 0 0 0 0 0 0 0 0 0 0 0 0 0 0 0 0 0 0 0 0.0294118 0.0441176 0.0588235 0.102941 0.294118 0.220588 0.102941 0.102941 0.0441176 0 0 0 0 0 

2208 2192 1602 93 0 0.729927 0 0 0 0 0 0 0 0 0 0 0 0 0 0 0 0 0 0 0 0.0147059 0.0882353 0.0735294 0.102941 0.176471 0.279412 0.191176 0.0588235 0.0147059 0 0 0 0 0 

2208 2194 1602 95 0 0.729262 0 0 0 0 0 0 0 0 0 0 0 0 0 0 0 0 0 0 0 0.0147059 0.0588235 0.0441176 0.117647 0.352941 0.161765 0.176471 0.0735294 0 0 0 0 0 0 

2240 2214 1602 94 0 0.722674 0 0 0 0 0 0 0 0 0 0 0 0 0 0 0 0 0 0 0.0144928 0 0.0434783 0.0724638 0.217391 0.26087 0.188406 0.130435 0.057971 0 0.0144928 0 0 0 0 

2208 2184 1602 97 0 0.732601 0 0 0 0 0 0 0 0 0 0 0 0 0 0 0 0 0 0 0 0.0147059 0.0294118 0.102941 0.147059 0.176471 0.279412 0.132353 0.0735294 0.0441176 0 0 0 0 0 

2240 2217 1602 92 0 0.721696 0 0 0 0 0 0 0 0 0 0 0 0 0 0 0 0 0 0.0144928 0 0.0289855 0.0289855 0.0869565 0.15942 0.246377 0.231884 0.130435 0.0724638 0 0 0 0 0 0 

2208 2196 1602 93 0 0.728597 0 0 0 0 0 0 0 0 0 0 0 0 0 0 0 0 0 0 0.0147059 0.0147059 0.0294118 0.0441176 0.176471 0.220588 0.338235 0.0882353 0.0588235 0.0147059 0 0 0 0 0 

2272 2254 1602 98 0 0.709849 0 0 0 0 0 0 0 0 0 0 0 0 0 0 0 0 0 0 0 0.0428571 0.0714286 0.114286 0.214286 0.257143 0.157143 0.0857143 0.0428571 0.0142857 0 0 0 0 0 

