2208 2198 1602 90 0 0.727934 0 0 0 0 0 0 0 0 0 0 0 0 0 0 0 0 0 0.0147059 0 0 0.0441176 0.117647 0.0735294 0.294118 0.235294 0.161765 0.0294118 0.0294118 0 0 0 0 0 

2240 2219 1602 91 0 0.721045 0 0 0 0 0 0 0 0 0 0 0 0 0 0 0 0 0 0.0144928 0 0.0434783 0.0144928 0.057971 0.144928 0.347826 0.217391 0.0869565 0.057971 0.0144928 0 0 0 0 0 

2176 2171 1600 93 0 0.736988 0 0 0 0 0 0 0 0 0 0 0 0 0 0 0 0 0 0 0.0149254 0.0149254 0.0298507 0.0149254 0.0895522 0.298507 0.298507 0.179104 0.0447761 0.0149254 0 0 0 0 0 

2208 2193 1603 99 0 0.729594 0 0 0 0 0 0 0 0 0 0 0 0 0 0 0 0 0 0 0 0.0294118 0.0294118 0.102941 0.147059 0.235294 0.161765 0.205882 0.0441176 0.0441176 0 0 0 0 0 

2240 2212 1603 101 0 0.723327 0 0 0 0 0 0 0 0 0 0 0 0 0 0 0 0 0 0 0 0 0.0434783 0.130435 0.173913 0.202899 0.231884 0.144928 0.0724638 0 0 0 0 0 0 

2208 2183 1602 93 0 0.732936 0 0 0 0 0 0 0 0 0 0 0 0 0 0 0 0 0 0 0 0.0147059 0.0735294 0.0588235 0.132353 0.176471 0.191176 0.294118 0.0294118 0.0294118 0 0 0 0 0 

2304 2278 1603 102 0 0.702371 0 0 0 0 0 0 0 0 0 0 0 0 0 0 0 0 0.0140845 0 0.028169 0.0140845 0.084507 0.140845 0.211268 0.140845 0.239437 0.084507 0.0422535 0 0 0 0 0 0 

2240 2213 1602 93 0 0.723 0 0 0 0 0 0 0 0 0 0 0 0 0 0 0 0 0 0 0 0.0144928 0.0289855 0.173913 0.101449 0.26087 0.188406 0.15942 0.057971 0.0144928 0 0 0 0 0 

2208 2183 1602 96 0 0.732936 0 0 0 0 0 0 0 0 0 0 0 0 0 0 0 0 0 0 0 0.0147059 0.0294118 0.0735294 0.176471 0.205882 0.191176 0.220588 0.0588235 0.0294118 0 0 0 0 0 

2240 2214 1602 91 0 0.722674 0 0 0 0 0 0 0 0 0 0 0 0 0 0 0 0 0 0 0.0144928 0.0144928 0.057971 0.0869565 0.15942 0.217391 0.246377 0.101449 0.0869565 0.0144928 0 0 0 0 0 

