2208 2196 1602 92 0 0.728597 0 0 0 0 0 0 0 0 0 0 0 0 0 0 0 0 0.0147059 0.0147059 0 0.0147059 0.0294118 0.0294118 0.176471 0.176471 0.338235 0.132353 0.0588235 0.0147059 0 0 0 0 0 

2208 2195 1602 90 0 0.728929 0 0 0 0 0 0 0 0 0 0 0 0 0 0 0 0 0 0.0147059 0.0147059 0.0147059 0.0147059 0.132353 0.117647 0.191176 0.25 0.117647 0.102941 0.0147059 0.0147059 0 0 0 0 

2240 2229 1602 94 0 0.717811 0 0 0 0 0 0 0 0 0 0 0 0 0 0 0 0 0 0 0 0.057971 0.0434783 0.101449 0.15942 0.26087 0.188406 0.130435 0.0434783 0.0144928 0 0 0 0 0 

2176 2171 1600 98 0 0.736988 0 0 0 0 0 0 0 0 0 0 0 0 0 0 0 0 0 0 0 0.0298507 0.0298507 0.0298507 0.149254 0.283582 0.179104 0.179104 0.0895522 0.0298507 0 0 0 0 0 

2208 2180 1603 99 0 0.733945 0 0 0 0 0 0 0 0 0 0 0 0 0 0 0 0 0 0 0 0 0.0441176 0.0882353 0.117647 0.176471 0.308824 0.176471 0.0735294 0.0147059 0 0 0 0 0 

2208 2199 1602 93 0 0.727603 0 0 0 0 0 0 0 0 0 0 0 0 0 0 0 0 0 0 0 0 0.0588235 0.0441176 0.176471 0.294118 0.235294 0.147059 0.0441176 0 0 0 0 0 0 

2240 2211 1602 97 0 0.723654 0 0 0 0 0 0 0 0 0 0 0 0 0 0 0 0 0 0 0 0.0289855 0.0434783 0.0869565 0.217391 0.188406 0.202899 0.115942 0.101449 0 0.0144928 0 0 0 0 

2240 2215 1603 103 0 0.722348 0 0 0 0 0 0 0 0 0 0 0 0 0 0 0 0 0 0 0 0 0.0434783 0.101449 0.231884 0.231884 0.173913 0.144928 0.057971 0.0144928 0 0 0 0 0 

2144 2137 1601 78 0 0.748713 0 0 0 0 0 0 0 0 0 0 0 0 0 0 0 0 0 0 0 0 0.0151515 0.0606061 0.151515 0.166667 0.212121 0.242424 0.106061 0.0454545 0 0 0 0 0 

2208 2192 1602 98 0 0.729927 0 0 0 0 0 0 0 0 0 0 0 0 0 0 0 0 0 0 0.0294118 0.0147059 0.0147059 0.0882353 0.176471 0.176471 0.235294 0.132353 0.102941 0.0294118 0 0 0 0 0 

