2240 2211 1602 92 0 0.723654 0 0 0 0 0 0 0 0 0 0 0 0 0 0 0 0 0 0.0144928 0 0.0144928 0.0434783 0.101449 0.15942 0.217391 0.202899 0.144928 0.0869565 0.0144928 0 0 0 0 0 

2208 2196 1602 94 0 0.728597 0 0 0 0 0 0 0 0 0 0 0 0 0 0 0 0 0.0294118 0 0.0147059 0 0.0441176 0.0735294 0.0735294 0.25 0.235294 0.205882 0.0441176 0.0294118 0 0 0 0 0 

2240 2231 1603 101 0 0.717167 0 0 0 0 0 0 0 0 0 0 0 0 0 0 0 0 0 0 0.0289855 0 0.0724638 0.144928 0.15942 0.202899 0.130435 0.202899 0.057971 0 0 0 0 0 0 

2208 2199 1602 94 0 0.727603 0 0 0 0 0 0 0 0 0 0 0 0 0 0 0 0 0 0 0 0.0294118 0.0294118 0.102941 0.147059 0.235294 0.205882 0.176471 0.0735294 0 0 0 0 0 0 

2240 2213 1602 89 0 0.723 0 0 0 0 0 0 0 0 0 0 0 0 0 0 0 0 0 0 0 0.0434783 0.057971 0.057971 0.101449 0.275362 0.304348 0.101449 0.0289855 0.0289855 0 0 0 0 0 

2208 2198 1602 91 0 0.727934 0 0 0 0 0 0 0 0 0 0 0 0 0 0 0 0.0147059 0 0 0 0 0.0294118 0.0882353 0.191176 0.205882 0.235294 0.147059 0.0735294 0.0147059 0 0 0 0 0 

2240 2221 1603 100 0 0.720396 0 0 0 0 0 0 0 0 0 0 0 0 0 0 0 0 0 0 0.0144928 0.0289855 0.0434783 0.0724638 0.188406 0.202899 0.275362 0.101449 0.0724638 0 0 0 0 0 0 

2240 2220 1602 94 0 0.720721 0 0 0 0 0 0 0 0 0 0 0 0 0 0 0 0 0 0 0 0.0434783 0.057971 0.115942 0.202899 0.173913 0.144928 0.130435 0.115942 0 0.0144928 0 0 0 0 

2208 2188 1603 100 0 0.731261 0 0 0 0 0 0 0 0 0 0 0 0 0 0 0 0 0 0 0 0 0.0294118 0.102941 0.176471 0.205882 0.235294 0.147059 0.0882353 0 0.0147059 0 0 0 0 

2240 2217 1603 99 0 0.721696 0 0 0 0 0 0 0 0 0 0 0 0 0 0 0 0 0 0 0 0 0.101449 0.130435 0.0869565 0.217391 0.217391 0.202899 0.0434783 0 0 0 0 0 0 

