2240 2223 1602 95 0 0.719748 0 0 0 0 0 0 0 0 0 0 0 0 0 0 0 0 0 0 0.0144928 0.0144928 0.0724638 0.0724638 0.188406 0.188406 0.275362 0.115942 0.057971 0 0 0 0 0 0 

2208 2199 1602 91 0 0.727603 0 0 0 0 0 0 0 0 0 0 0 0 0 0 0 0 0 0 0 0 0.0735294 0.117647 0.117647 0.205882 0.264706 0.132353 0.0882353 0 0 0 0 0 0 

2208 2186 1602 96 0 0.73193 0 0 0 0 0 0 0 0 0 0 0 0 0 0 0 0 0 0 0 0.0294118 0 0.0735294 0.161765 0.220588 0.279412 0.161765 0.0588235 0.0147059 0 0 0 0 0 

2208 2195 1602 88 0 0.728929 0 0 0 0 0 0 0 0 0 0 0 0 0 0 0 0 0 0 0.0147059 0.0294118 0.0147059 0.0441176 0.176471 0.235294 0.235294 0.205882 0.0441176 0 0 0 0 0 0 

2240 2211 1602 94 0 0.723654 0 0 0 0 0 0 0 0 0 0 0 0 0 0 0 0 0 0 0 0.0434783 0.0434783 0.0724638 0.173913 0.202899 0.231884 0.173913 0.0144928 0.0434783 0 0 0 0 0 

2240 2231 1602 90 0 0.717167 0 0 0 0 0 0 0 0 0 0 0 0 0 0 0 0 0 0 0 0.0434783 0.0434783 0.130435 0.130435 0.26087 0.231884 0.130435 0.0289855 0 0 0 0 0 0 

2208 2189 1602 86 0 0.730927 0 0 0 0 0 0 0 0 0 0 0 0 0 0 0 0 0 0 0.0147059 0 0.0294118 0.0588235 0.220588 0.205882 0.191176 0.191176 0.0588235 0.0294118 0 0 0 0 0 

2176 2166 1602 88 0 0.738689 0 0 0 0 0 0 0 0 0 0 0 0 0 0 0 0 0 0 0 0 0.0298507 0.0746269 0.134328 0.19403 0.238806 0.268657 0.0597015 0 0 0 0 0 0 

2208 2184 1603 101 0 0.732601 0 0 0 0 0 0 0 0 0 0 0 0 0 0 0 0 0 0 0.0147059 0.0147059 0.0147059 0.0588235 0.191176 0.117647 0.338235 0.161765 0.0735294 0.0147059 0 0 0 0 0 

2208 2190 1602 96 0 0.730594 0 0 0 0 0 0 0 0 0 0 0 0 0 0 0 0 0 0 0 0.0147059 0.0441176 0.0588235 0.205882 0.191176 0.220588 0.161765 0.0882353 0.0147059 0 0 0 0 0 

