2272 2257 1603 104 0 0.708906 0 0 0 0 0 0 0 0 0 0 0 0 0 0 0 0 0 0.0142857 0.0142857 0.0285714 0.0571429 0.1 0.2 0.214286 0.257143 0.1 0.0142857 0 0 0 0 0 0 

2176 2164 1602 87 0 0.739372 0 0 0 0 0 0 0 0 0 0 0 0 0 0 0 0 0 0 0 0 0.0298507 0.0447761 0.149254 0.223881 0.268657 0.223881 0.0298507 0.0149254 0.0149254 0 0 0 0 

2240 2211 1602 96 0 0.723654 0 0 0 0 0 0 0 0 0 0 0 0 0 0 0 0 0 0 0 0.0289855 0.0724638 0.057971 0.202899 0.115942 0.304348 0.144928 0.057971 0.0144928 0 0 0 0 0 

2240 2232 1603 102 0 0.716846 0 0 0 0 0 0 0 0 0 0 0 0 0 0 0 0 0 0 0.0144928 0.0144928 0.0434783 0.130435 0.173913 0.231884 0.246377 0.101449 0.0434783 0 0 0 0 0 0 

2208 2180 1602 85 0 0.733945 0 0 0 0 0 0 0 0 0 0 0 0 0 0 0 0 0 0.0147059 0.0147059 0.0294118 0.0147059 0.0147059 0.117647 0.279412 0.220588 0.191176 0.0441176 0.0588235 0 0 0 0 0 

2208 2200 1602 93 0 0.727273 0 0 0 0 0 0 0 0 0 0 0 0 0 0 0 0 0 0 0 0.0294118 0.0147059 0.102941 0.117647 0.25 0.308824 0.161765 0 0.0147059 0 0 0 0 0 

2176 2165 1602 85 0 0.73903 0 0 0 0 0 0 0 0 0 0 0 0 0 0 0 0 0 0 0 0.0149254 0.0298507 0.0298507 0.149254 0.223881 0.253731 0.19403 0.104478 0 0 0 0 0 0 

2208 2202 1600 101 0 0.726612 0 0 0 0 0 0 0 0 0 0 0 0 0 0 0 0 0 0.0147059 0.0294118 0.0147059 0.0147059 0.117647 0.0735294 0.235294 0.294118 0.102941 0.0735294 0.0294118 0 0 0 0 0 

2240 2228 1603 104 0 0.718133 0 0 0 0 0 0 0 0 0 0 0 0 0 0 0 0 0 0 0.0144928 0.057971 0 0.101449 0.246377 0.202899 0.173913 0.115942 0.057971 0.0289855 0 0 0 0 0 

2208 2197 1602 86 0 0.728266 0 0 0 0 0 0 0 0 0 0 0 0 0 0 0 0 0 0 0.0147059 0 0.0441176 0.0735294 0.161765 0.220588 0.294118 0.117647 0.0588235 0.0147059 0 0 0 0 0 

