2240 2224 1602 91 0 0.719424 0 0 0 0 0 0 0 0 0 0 0 0 0 0 0 0 0 0.0144928 0 0 0.0289855 0.101449 0.231884 0.318841 0.115942 0.0869565 0.101449 0 0 0 0 0 0 

2208 2185 1602 88 0 0.732265 0 0 0 0 0 0 0 0 0 0 0 0 0 0 0 0 0 0 0.0147059 0 0.0588235 0.0588235 0.147059 0.191176 0.264706 0.147059 0.0882353 0.0294118 0 0 0 0 0 

2208 2201 1600 94 0 0.726942 0 0 0 0 0 0 0 0 0 0 0 0 0 0 0 0 0 0 0 0.0441176 0.0294118 0.102941 0.176471 0.147059 0.25 0.176471 0.0588235 0.0147059 0 0 0 0 0 

2208 2200 1602 86 0 0.727273 0 0 0 0 0 0 0 0 0 0 0 0 0 0 0 0 0 0 0 0 0.0441176 0.176471 0.0882353 0.279412 0.176471 0.147059 0.0588235 0.0147059 0.0147059 0 0 0 0 

2208 2181 1602 86 0 0.733608 0 0 0 0 0 0 0 0 0 0 0 0 0 0 0 0 0 0 0 0 0.0294118 0.0882353 0.147059 0.235294 0.25 0.117647 0.117647 0.0147059 0 0 0 0 0 

2208 2200 1602 92 0 0.727273 0 0 0 0 0 0 0 0 0 0 0 0 0 0 0 0 0 0 0 0.0441176 0.0147059 0.0735294 0.161765 0.25 0.235294 0.161765 0.0588235 0 0 0 0 0 0 

2240 2225 1603 100 0 0.719101 0 0 0 0 0 0 0 0 0 0 0 0 0 0 0 0 0 0 0.0144928 0.0144928 0.057971 0.130435 0.130435 0.231884 0.26087 0.0869565 0.0434783 0.0289855 0 0 0 0 0 

2208 2194 1602 92 0 0.729262 0 0 0 0 0 0 0 0 0 0 0 0 0 0 0 0 0 0 0 0 0 0.161765 0.205882 0.132353 0.264706 0.161765 0.0588235 0.0147059 0 0 0 0 0 

2208 2190 1602 95 0 0.730594 0 0 0 0 0 0 0 0 0 0 0 0 0 0 0 0 0 0 0 0.0441176 0.0147059 0.0441176 0.176471 0.279412 0.161765 0.191176 0.0588235 0.0294118 0 0 0 0 0 

2240 2231 1600 95 0 0.717167 0 0 0 0 0 0 0 0 0 0 0 0 0 0 0 0 0 0.0144928 0.0144928 0 0.0144928 0.115942 0.246377 0.231884 0.188406 0.144928 0.0289855 0 0 0 0 0 0 

