2272 2244 1602 83 0 0.713012 0 0 0 0 0 0 0 0 0 0 0 0 0 0 0 0.0142857 0 0 0 0.0285714 0.0714286 0.0857143 0.171429 0.271429 0.171429 0.128571 0.0428571 0.0142857 0 0 0 0 0 

2240 2214 1602 95 0 0.722674 0 0 0 0 0 0 0 0 0 0 0 0 0 0 0 0 0 0 0.0144928 0.0144928 0.0434783 0.057971 0.231884 0.231884 0.173913 0.144928 0.0724638 0.0144928 0 0 0 0 0 

2208 2189 1602 95 0 0.730927 0 0 0 0 0 0 0 0 0 0 0 0 0 0 0 0 0 0 0 0 0.0441176 0.191176 0.117647 0.161765 0.176471 0.117647 0.176471 0.0147059 0 0 0 0 0 

2208 2181 1602 93 0 0.733608 0 0 0 0 0 0 0 0 0 0 0 0 0 0 0 0 0 0 0.0147059 0 0.0294118 0.0588235 0.117647 0.323529 0.205882 0.117647 0.0882353 0.0441176 0 0 0 0 0 

2208 2187 1602 96 0 0.731596 0 0 0 0 0 0 0 0 0 0 0 0 0 0 0 0 0 0 0.0147059 0.0441176 0 0.0588235 0.117647 0.25 0.235294 0.191176 0.0882353 0 0 0 0 0 0 

2272 2245 1603 109 0 0.712695 0 0 0 0 0 0 0 0 0 0 0 0 0 0 0 0.0142857 0 0 0.0142857 0.0428571 0.0428571 0.0714286 0.2 0.171429 0.257143 0.157143 0.0285714 0 0 0 0 0 0 

2208 2203 1600 93 0 0.726282 0 0 0 0 0 0 0 0 0 0 0 0 0 0 0 0 0 0 0 0.0147059 0.0588235 0.0588235 0.279412 0.147059 0.176471 0.205882 0.0441176 0 0.0147059 0 0 0 0 

2208 2181 1602 88 0 0.733608 0 0 0 0 0 0 0 0 0 0 0 0 0 0 0 0 0 0 0 0 0.0735294 0.0441176 0.161765 0.205882 0.205882 0.220588 0.0588235 0.0147059 0.0147059 0 0 0 0 

2208 2195 1603 101 0 0.728929 0 0 0 0 0 0 0 0 0 0 0 0 0 0 0 0 0 0.0147059 0.0147059 0 0.0441176 0.0735294 0.0882353 0.205882 0.367647 0.117647 0.0735294 0 0 0 0 0 0 

2208 2200 1600 87 0 0.727273 0 0 0 0 0 0 0 0 0 0 0 0 0 0 0 0 0 0.0147059 0 0 0.0294118 0.0735294 0.220588 0.25 0.205882 0.117647 0.0588235 0.0147059 0.0147059 0 0 0 0 

