2208 2192 1603 107 0 0.729927 0 0 0 0 0 0 0 0 0 0 0 0 0 0 0 0 0 0 0 0.0294118 0.0294118 0.0441176 0.25 0.205882 0.161765 0.147059 0.102941 0.0294118 0 0 0 0 0 

2240 2227 1603 101 0 0.718455 0 0 0 0 0 0 0 0 0 0 0 0 0 0 0 0 0 0.0144928 0.0289855 0.0144928 0.0289855 0.0724638 0.188406 0.26087 0.202899 0.101449 0.0869565 0 0 0 0 0 0 

2240 2219 1602 86 0 0.721045 0 0 0 0 0 0 0 0 0 0 0 0 0 0 0 0 0 0 0.0144928 0.0144928 0.057971 0.0724638 0.217391 0.202899 0.202899 0.144928 0.057971 0.0144928 0 0 0 0 0 

2208 2191 1602 94 0 0.73026 0 0 0 0 0 0 0 0 0 0 0 0 0 0 0 0 0 0.0147059 0 0 0.0441176 0.0882353 0.132353 0.279412 0.117647 0.235294 0.0735294 0.0147059 0 0 0 0 0 

2208 2187 1601 80 0 0.731596 0 0 0 0 0 0 0 0 0 0 0 0 0 0 0 0 0 0 0.0294118 0.0147059 0.0441176 0.0735294 0.0441176 0.25 0.264706 0.205882 0.0588235 0.0147059 0 0 0 0 0 

2240 2228 1602 88 0 0.718133 0 0 0 0 0 0 0 0 0 0 0 0 0 0 0 0 0 0.0144928 0 0.0289855 0.0289855 0.115942 0.15942 0.26087 0.217391 0.130435 0.0434783 0 0 0 0 0 0 

2208 2194 1602 94 0 0.729262 0 0 0 0 0 0 0 0 0 0 0 0 0 0 0 0 0 0 0 0.0147059 0.0588235 0.0735294 0.147059 0.235294 0.235294 0.147059 0.0588235 0.0294118 0 0 0 0 0 

2176 2166 1602 97 0 0.738689 0 0 0 0 0 0 0 0 0 0 0 0 0 0 0 0 0 0 0 0 0.0298507 0.0746269 0.149254 0.268657 0.179104 0.164179 0.0746269 0.0597015 0 0 0 0 0 

2176 2164 1602 94 0 0.739372 0 0 0 0 0 0 0 0 0 0 0 0 0 0 0 0 0 0 0 0.0149254 0.0298507 0.0746269 0.134328 0.164179 0.298507 0.164179 0.0746269 0.0298507 0.0149254 0 0 0 0 

2208 2193 1602 90 0 0.729594 0 0 0 0 0 0 0 0 0 0 0 0 0 0 0 0 0 0 0 0 0.0294118 0.0441176 0.25 0.264706 0.205882 0.117647 0.0588235 0.0294118 0 0 0 0 0 

