2208 2197 1602 85 0 0.728266 0 0 0 0 0 0 0 0 0 0 0 0 0 0 0 0 0 0 0 0.0294118 0.0294118 0.117647 0.147059 0.220588 0.220588 0.176471 0.0147059 0.0147059 0.0147059 0.0147059 0 0 0 

2240 2232 1602 91 0 0.716846 0 0 0 0 0 0 0 0 0 0 0 0 0 0 0 0 0 0 0.0289855 0 0.0289855 0.130435 0.130435 0.347826 0.202899 0.101449 0.0289855 0 0 0 0 0 0 

2208 2191 1603 101 0 0.73026 0 0 0 0 0 0 0 0 0 0 0 0 0 0 0 0 0 0 0.0294118 0.0294118 0.0294118 0.0294118 0.102941 0.294118 0.25 0.132353 0.0588235 0.0441176 0 0 0 0 0 

2240 2219 1603 100 0 0.721045 0 0 0 0 0 0 0 0 0 0 0 0 0 0 0 0 0 0 0.0144928 0 0.057971 0.101449 0.130435 0.26087 0.26087 0.130435 0.0434783 0 0 0 0 0 0 

2240 2212 1603 99 0 0.723327 0 0 0 0 0 0 0 0 0 0 0 0 0 0 0 0 0.0144928 0 0 0.0144928 0.057971 0.0869565 0.144928 0.246377 0.188406 0.130435 0.0869565 0.0289855 0 0 0 0 0 

2304 2280 1603 100 0 0.701754 0 0 0 0 0 0 0 0 0 0 0 0 0 0 0 0 0 0 0.028169 0.0140845 0.056338 0.126761 0.267606 0.309859 0.0985915 0.056338 0.028169 0.0140845 0 0 0 0 0 

2208 2180 1603 101 0 0.733945 0 0 0 0 0 0 0 0 0 0 0 0 0 0 0 0 0 0 0 0 0.0147059 0.102941 0.161765 0.235294 0.161765 0.25 0.0441176 0.0147059 0.0147059 0 0 0 0 

2208 2196 1603 99 0 0.728597 0 0 0 0 0 0 0 0 0 0 0 0 0 0 0 0 0 0 0 0.0147059 0.0441176 0.0735294 0.176471 0.220588 0.235294 0.161765 0.0588235 0.0147059 0 0 0 0 0 

2208 2190 1602 94 0 0.730594 0 0 0 0 0 0 0 0 0 0 0 0 0 0 0 0 0 0.0147059 0 0.0147059 0.0588235 0.0735294 0.102941 0.161765 0.279412 0.25 0.0294118 0.0147059 0 0 0 0 0 

2176 2169 1601 97 0 0.737667 0 0 0 0 0 0 0 0 0 0 0 0 0 0 0 0 0 0 0.0149254 0.0149254 0.0149254 0.0298507 0.104478 0.313433 0.253731 0.179104 0.0447761 0.0149254 0.0149254 0 0 0 0 

