2208 2188 1603 100 0 0.731261 0 0 0 0 0 0 0 0 0 0 0 0 0 0 0 0 0 0 0.0147059 0 0.0147059 0.0588235 0.176471 0.220588 0.294118 0.147059 0.0735294 0 0 0 0 0 0 

2240 2220 1602 94 0 0.720721 0 0 0 0 0 0 0 0 0 0 0 0 0 0 0 0 0 0 0 0.0289855 0.057971 0.057971 0.217391 0.188406 0.275362 0.130435 0.0434783 0 0 0 0 0 0 

2208 2181 1602 88 0 0.733608 0 0 0 0 0 0 0 0 0 0 0 0 0 0 0 0 0 0 0 0 0.0294118 0.117647 0.102941 0.279412 0.191176 0.161765 0.0735294 0.0441176 0 0 0 0 0 

2176 2160 1601 79 0 0.740741 0 0 0 0 0 0 0 0 0 0 0 0 0 0 0 0 0 0 0 0 0.0149254 0.0447761 0.164179 0.298507 0.179104 0.149254 0.134328 0 0.0149254 0 0 0 0 

2208 2200 1601 88 0 0.727273 0 0 0 0 0 0 0 0 0 0 0 0 0 0 0 0 0 0 0 0 0.0588235 0.102941 0.147059 0.308824 0.117647 0.191176 0.0588235 0.0147059 0 0 0 0 0 

2208 2197 1602 90 0 0.728266 0 0 0 0 0 0 0 0 0 0 0 0 0 0 0 0 0 0.0294118 0.0147059 0.0147059 0.0147059 0.0735294 0.191176 0.117647 0.25 0.205882 0.0735294 0.0147059 0 0 0 0 0 

2176 2169 1600 88 0 0.737667 0 0 0 0 0 0 0 0 0 0 0 0 0 0 0 0 0 0 0 0 0 0.0447761 0.179104 0.268657 0.268657 0.19403 0.0298507 0.0149254 0 0 0 0 0 

2208 2190 1602 92 0 0.730594 0 0 0 0 0 0 0 0 0 0 0 0 0 0 0 0 0 0 0 0 0.0294118 0.0882353 0.147059 0.25 0.264706 0.176471 0.0294118 0.0147059 0 0 0 0 0 

2208 2191 1602 91 0 0.73026 0 0 0 0 0 0 0 0 0 0 0 0 0 0 0 0 0 0 0 0.0294118 0.0147059 0.0588235 0.205882 0.205882 0.205882 0.220588 0.0588235 0 0 0 0 0 0 

2208 2181 1602 95 0 0.733608 0 0 0 0 0 0 0 0 0 0 0 0 0 0 0 0 0 0.0147059 0.0147059 0 0.0147059 0.102941 0.117647 0.220588 0.161765 0.235294 0.0882353 0.0294118 0 0 0 0 0 

