2240 2213 1602 88 0 0.723 0 0 0 0 0 0 0 0 0 0 0 0 0 0 0 0 0 0 0 0.0289855 0.057971 0.0724638 0.173913 0.246377 0.202899 0.115942 0.0869565 0.0144928 0 0 0 0 0 

2240 2214 1603 99 0 0.722674 0 0 0 0 0 0 0 0 0 0 0 0 0 0 0 0 0 0 0 0.0434783 0.0724638 0.057971 0.115942 0.188406 0.333333 0.130435 0.057971 0 0 0 0 0 0 

2240 2220 1602 96 0 0.720721 0 0 0 0 0 0 0 0 0 0 0 0 0 0 0 0 0 0 0 0.0289855 0.0434783 0.101449 0.144928 0.304348 0.173913 0.144928 0.057971 0 0 0 0 0 0 

2208 2203 1600 96 0 0.726282 0 0 0 0 0 0 0 0 0 0 0 0 0 0 0 0 0 0 0.0147059 0 0.0147059 0.117647 0.117647 0.323529 0.220588 0.161765 0.0294118 0 0 0 0 0 0 

2240 2214 1602 97 0 0.722674 0 0 0 0 0 0 0 0 0 0 0 0 0 0 0 0 0 0.0144928 0 0 0.0724638 0.0869565 0.144928 0.289855 0.173913 0.0869565 0.115942 0.0144928 0 0 0 0 0 

2272 2255 1603 102 0 0.709534 0 0 0 0 0 0 0 0 0 0 0 0 0 0 0 0 0 0 0 0.0142857 0.0428571 0.214286 0.228571 0.142857 0.242857 0.0857143 0.0142857 0 0.0142857 0 0 0 0 

2176 2156 1602 85 0 0.742115 0 0 0 0 0 0 0 0 0 0 0 0 0 0 0 0 0 0 0 0.0149254 0 0.0597015 0.19403 0.0746269 0.283582 0.313433 0.0447761 0.0149254 0 0 0 0 0 

2176 2158 1602 96 0 0.741427 0 0 0 0 0 0 0 0 0 0 0 0 0 0 0 0 0 0 0 0 0.0447761 0.0447761 0.134328 0.253731 0.208955 0.119403 0.164179 0.0298507 0 0 0 0 0 

2176 2157 1602 89 0 0.741771 0 0 0 0 0 0 0 0 0 0 0 0 0 0 0 0 0 0 0 0 0.0447761 0.0149254 0.119403 0.253731 0.283582 0.179104 0.0597015 0.0447761 0 0 0 0 0 

2208 2198 1603 99 0 0.727934 0 0 0 0 0 0 0 0 0 0 0 0 0 0 0 0 0 0 0 0.0147059 0.0441176 0.0735294 0.235294 0.191176 0.191176 0.147059 0.0735294 0.0294118 0 0 0 0 0 

