2240 2222 1602 96 0 0.720072 0 0 0 0 0 0 0 0 0 0 0 0 0 0 0 0 0 0 0 0.0144928 0.0289855 0.101449 0.246377 0.217391 0.231884 0.101449 0.057971 0 0 0 0 0 0 

2240 2217 1602 96 0 0.721696 0 0 0 0 0 0 0 0 0 0 0 0 0 0 0 0 0 0 0 0.0144928 0.057971 0.0869565 0.144928 0.304348 0.202899 0.144928 0.0289855 0.0144928 0 0 0 0 0 

2208 2190 1602 95 0 0.730594 0 0 0 0 0 0 0 0 0 0 0 0 0 0 0 0 0 0 0 0.0147059 0.0588235 0.0441176 0.161765 0.264706 0.176471 0.191176 0.0735294 0.0147059 0 0 0 0 0 

2144 2136 1602 89 0 0.749064 0 0 0 0 0 0 0 0 0 0 0 0 0 0 0 0 0 0 0.0151515 0.030303 0.030303 0.030303 0.121212 0.0909091 0.227273 0.272727 0.121212 0.0606061 0 0 0 0 0 

2208 2201 1602 95 0 0.726942 0 0 0 0 0 0 0 0 0 0 0 0 0 0 0 0 0 0 0.0147059 0.0147059 0.0294118 0.0882353 0.205882 0.264706 0.161765 0.0882353 0.0882353 0.0294118 0.0147059 0 0 0 0 

2176 2169 1601 97 0 0.737667 0 0 0 0 0 0 0 0 0 0 0 0 0 0 0 0 0 0 0 0.0149254 0.0447761 0.149254 0.0746269 0.149254 0.223881 0.208955 0.0895522 0.0298507 0.0149254 0 0 0 0 

2208 2189 1602 86 0 0.730927 0 0 0 0 0 0 0 0 0 0 0 0 0 0 0 0 0 0 0.0147059 0 0.0735294 0.0294118 0.176471 0.161765 0.308824 0.132353 0.0882353 0.0147059 0 0 0 0 0 

2208 2200 1600 86 0 0.727273 0 0 0 0 0 0 0 0 0 0 0 0 0 0 0 0 0 0 0 0.0147059 0.0588235 0.0882353 0.176471 0.235294 0.191176 0.147059 0.0588235 0.0147059 0.0147059 0 0 0 0 

2240 2220 1602 91 0 0.720721 0 0 0 0 0 0 0 0 0 0 0 0 0 0 0 0 0 0.0144928 0.0144928 0.0144928 0.0289855 0.101449 0.246377 0.144928 0.188406 0.15942 0.057971 0.0289855 0 0 0 0 0 

2240 2214 1602 91 0 0.722674 0 0 0 0 0 0 0 0 0 0 0 0 0 0 0 0 0 0 0 0 0.0724638 0.15942 0.130435 0.217391 0.144928 0.202899 0.0434783 0.0289855 0 0 0 0 0 

