2272 2243 1602 93 0 0.71333 0 0 0 0 0 0 0 0 0 0 0 0 0 0 0 0 0 0.0285714 0 0.0285714 0.0714286 0.114286 0.114286 0.242857 0.2 0.128571 0.0571429 0.0142857 0 0 0 0 0 

2208 2191 1602 87 0 0.73026 0 0 0 0 0 0 0 0 0 0 0 0 0 0 0 0 0 0 0.0147059 0.0147059 0.0147059 0.117647 0.132353 0.220588 0.205882 0.161765 0.117647 0 0 0 0 0 0 

2208 2197 1602 96 0 0.728266 0 0 0 0 0 0 0 0 0 0 0 0 0 0 0 0 0 0 0 0 0.0441176 0.0882353 0.220588 0.205882 0.176471 0.205882 0.0441176 0.0147059 0 0 0 0 0 

2208 2187 1602 95 0 0.731596 0 0 0 0 0 0 0 0 0 0 0 0 0 0 0 0 0 0 0 0.0147059 0.0441176 0.0441176 0.205882 0.191176 0.264706 0.117647 0.0882353 0.0294118 0 0 0 0 0 

2240 2224 1602 85 0 0.719424 0 0 0 0 0 0 0 0 0 0 0 0 0 0 0 0 0 0 0 0 0.0434783 0.101449 0.231884 0.289855 0.15942 0.130435 0.0434783 0 0 0 0 0 0 

2208 2198 1603 103 0 0.727934 0 0 0 0 0 0 0 0 0 0 0 0 0 0 0 0 0 0 0 0 0.0294118 0.132353 0.235294 0.161765 0.147059 0.220588 0.0441176 0.0294118 0 0 0 0 0 

2208 2181 1602 92 0 0.733608 0 0 0 0 0 0 0 0 0 0 0 0 0 0 0 0 0 0 0.0147059 0.0294118 0.0294118 0.0441176 0.132353 0.191176 0.294118 0.161765 0.0588235 0.0294118 0.0147059 0 0 0 0 

2208 2184 1602 95 0 0.732601 0 0 0 0 0 0 0 0 0 0 0 0 0 0 0 0 0 0 0.0147059 0.0294118 0.0588235 0.0588235 0.102941 0.102941 0.338235 0.220588 0.0441176 0.0294118 0 0 0 0 0 

2176 2156 1601 78 0 0.742115 0 0 0 0 0 0 0 0 0 0 0 0 0 0 0 0 0 0 0 0 0.0298507 0.0597015 0.104478 0.253731 0.268657 0.104478 0.164179 0.0149254 0 0 0 0 0 

2208 2185 1603 100 0 0.732265 0 0 0 0 0 0 0 0 0 0 0 0 0 0 0 0 0 0 0.0294118 0.0294118 0.0294118 0.0882353 0.102941 0.205882 0.191176 0.147059 0.117647 0.0588235 0 0 0 0 0 

