2240 2214 1602 97 0 0.722674 0 0 0 0 0 0 0 0 0 0 0 0 0 0 0 0 0 0.0144928 0 0 0.057971 0.057971 0.246377 0.231884 0.130435 0.188406 0.0434783 0.0289855 0 0 0 0 0 

2208 2194 1602 83 0 0.729262 0 0 0 0 0 0 0 0 0 0 0 0 0 0 0 0 0 0 0.0294118 0 0.0147059 0.132353 0.102941 0.191176 0.294118 0.176471 0.0294118 0.0294118 0 0 0 0 0 

2208 2183 1603 99 0 0.732936 0 0 0 0 0 0 0 0 0 0 0 0 0 0 0 0 0 0.0147059 0 0 0.0147059 0.0588235 0.132353 0.308824 0.205882 0.161765 0.0882353 0.0147059 0 0 0 0 0 

2208 2180 1602 96 0 0.733945 0 0 0 0 0 0 0 0 0 0 0 0 0 0 0 0 0 0 0 0 0.0147059 0.102941 0.102941 0.294118 0.191176 0.235294 0.0441176 0.0147059 0 0 0 0 0 

2208 2191 1602 93 0 0.73026 0 0 0 0 0 0 0 0 0 0 0 0 0 0 0 0 0 0.0147059 0 0 0.0147059 0.102941 0.102941 0.308824 0.235294 0.117647 0.102941 0 0 0 0 0 0 

2208 2198 1602 92 0 0.727934 0 0 0 0 0 0 0 0 0 0 0 0 0 0 0 0 0 0 0 0 0.117647 0.0882353 0.117647 0.191176 0.191176 0.191176 0.102941 0 0 0 0 0 0 

2208 2198 1602 92 0 0.727934 0 0 0 0 0 0 0 0 0 0 0 0 0 0 0 0 0 0 0.0147059 0.0147059 0.0294118 0.132353 0.117647 0.176471 0.279412 0.161765 0.0588235 0.0147059 0 0 0 0 0 

2208 2195 1602 97 0 0.728929 0 0 0 0 0 0 0 0 0 0 0 0 0 0 0 0 0 0 0 0.0294118 0.0294118 0.132353 0.0735294 0.25 0.279412 0.102941 0.0735294 0.0294118 0 0 0 0 0 

2208 2200 1602 86 0 0.727273 0 0 0 0 0 0 0 0 0 0 0 0 0 0 0 0 0 0.0147059 0 0.0294118 0.0294118 0.132353 0.117647 0.161765 0.264706 0.161765 0.0588235 0.0294118 0 0 0 0 0 

2176 2146 1601 80 0 0.745573 0 0 0 0 0 0 0 0 0 0 0 0 0 0 0 0 0 0 0.0149254 0 0.0149254 0.0597015 0.0597015 0.268657 0.19403 0.238806 0.119403 0.0149254 0.0149254 0 0 0 0 

