2240 2214 1603 103 0 0.722674 0 0 0 0 0 0 0 0 0 0 0 0 0 0 0 0 0 0 0.0289855 0.0289855 0.0289855 0.0724638 0.217391 0.188406 0.15942 0.144928 0.115942 0.0144928 0 0 0 0 0 

2240 2228 1602 97 0 0.718133 0 0 0 0 0 0 0 0 0 0 0 0 0 0 0 0 0 0 0.0144928 0.0289855 0.057971 0.101449 0.188406 0.231884 0.15942 0.15942 0.0289855 0.0289855 0 0 0 0 0 

2208 2198 1602 97 0 0.727934 0 0 0 0 0 0 0 0 0 0 0 0 0 0 0 0 0 0 0 0 0.0147059 0.132353 0.25 0.161765 0.220588 0.132353 0.0441176 0.0441176 0 0 0 0 0 

2208 2179 1602 95 0 0.734282 0 0 0 0 0 0 0 0 0 0 0 0 0 0 0 0 0 0 0.0147059 0 0.0147059 0.117647 0.147059 0.117647 0.25 0.264706 0.0588235 0.0147059 0 0 0 0 0 

2208 2189 1602 91 0 0.730927 0 0 0 0 0 0 0 0 0 0 0 0 0 0 0 0 0 0.0147059 0 0.0147059 0.0147059 0.0588235 0.220588 0.147059 0.25 0.220588 0.0441176 0 0.0147059 0 0 0 0 

2240 2216 1602 94 0 0.722022 0 0 0 0 0 0 0 0 0 0 0 0 0 0 0 0 0 0 0 0.0289855 0.0289855 0.130435 0.202899 0.217391 0.130435 0.188406 0.0289855 0.0434783 0 0 0 0 0 

2208 2187 1603 106 0 0.731596 0 0 0 0 0 0 0 0 0 0 0 0 0 0 0 0 0 0 0.0147059 0.0147059 0.0441176 0.0588235 0.161765 0.205882 0.25 0.0735294 0.147059 0.0294118 0 0 0 0 0 

2176 2169 1600 95 0 0.737667 0 0 0 0 0 0 0 0 0 0 0 0 0 0 0 0 0 0 0 0 0 0.119403 0.149254 0.179104 0.298507 0.164179 0.0597015 0.0298507 0 0 0 0 0 

2240 2217 1602 95 0 0.721696 0 0 0 0 0 0 0 0 0 0 0 0 0 0 0 0 0 0.0144928 0.0289855 0.0144928 0.0289855 0.0434783 0.15942 0.275362 0.246377 0.101449 0.0869565 0 0 0 0 0 0 

2240 2215 1602 92 0 0.722348 0 0 0 0 0 0 0 0 0 0 0 0 0 0 0 0 0.0144928 0 0.0289855 0 0.0289855 0.0724638 0.130435 0.188406 0.347826 0.188406 0 0 0 0 0 0 0 

