2240 2215 1602 98 0 0.722348 0 0 0 0 0 0 0 0 0 0 0 0 0 0 0 0 0 0.0144928 0.0289855 0.0434783 0.057971 0.0434783 0.130435 0.144928 0.26087 0.202899 0.0434783 0.0289855 0 0 0 0 0 

2240 2218 1602 96 0 0.721371 0 0 0 0 0 0 0 0 0 0 0 0 0 0 0 0 0 0 0 0 0.0869565 0.057971 0.217391 0.231884 0.231884 0.101449 0.057971 0.0144928 0 0 0 0 0 

2176 2157 1602 90 0 0.741771 0 0 0 0 0 0 0 0 0 0 0 0 0 0 0 0 0 0 0 0 0.0149254 0.0447761 0.134328 0.19403 0.313433 0.238806 0.0447761 0.0149254 0 0 0 0 0 

2208 2193 1603 100 0 0.729594 0 0 0 0 0 0 0 0 0 0 0 0 0 0 0 0 0 0.0147059 0 0.0147059 0.0294118 0.0735294 0.132353 0.235294 0.25 0.176471 0.0588235 0.0147059 0 0 0 0 0 

2208 2194 1602 89 0 0.729262 0 0 0 0 0 0 0 0 0 0 0 0 0 0 0 0 0 0 0 0 0.0147059 0.102941 0.147059 0.308824 0.220588 0.147059 0.0588235 0 0 0 0 0 0 

2208 2188 1602 89 0 0.731261 0 0 0 0 0 0 0 0 0 0 0 0 0 0 0 0 0.0147059 0 0 0 0 0.0735294 0.220588 0.176471 0.279412 0.176471 0.0294118 0.0147059 0.0147059 0 0 0 0 

2240 2218 1602 96 0 0.721371 0 0 0 0 0 0 0 0 0 0 0 0 0 0 0 0 0 0 0 0.0289855 0.0144928 0.057971 0.188406 0.275362 0.362319 0.0434783 0.0289855 0 0 0 0 0 0 

2240 2234 1601 90 0 0.716204 0 0 0 0 0 0 0 0 0 0 0 0 0 0 0 0 0 0 0 0.0289855 0.0434783 0.15942 0.144928 0.289855 0.144928 0.15942 0.0289855 0 0 0 0 0 0 

2176 2170 1602 93 0 0.737327 0 0 0 0 0 0 0 0 0 0 0 0 0 0 0 0 0 0 0 0.0149254 0.0149254 0.0298507 0.208955 0.238806 0.208955 0.19403 0.0597015 0.0298507 0 0 0 0 0 

2240 2216 1603 99 0 0.722022 0 0 0 0 0 0 0 0 0 0 0 0 0 0 0 0 0 0 0 0.0434783 0.0724638 0.057971 0.130435 0.217391 0.289855 0.144928 0.0144928 0.0144928 0.0144928 0 0 0 0 

