2208 2194 1602 90 0 0.729262 0 0 0 0 0 0 0 0 0 0 0 0 0 0 0 0 0 0 0.0147059 0 0.0588235 0.147059 0.102941 0.191176 0.191176 0.176471 0.0735294 0.0441176 0 0 0 0 0 

2208 2185 1602 86 0 0.732265 0 0 0 0 0 0 0 0 0 0 0 0 0 0 0 0 0 0 0 0.0147059 0.0882353 0.0294118 0.0882353 0.279412 0.235294 0.161765 0.0735294 0.0294118 0 0 0 0 0 

2208 2180 1602 90 0 0.733945 0 0 0 0 0 0 0 0 0 0 0 0 0 0 0 0 0 0 0 0.0147059 0.0147059 0.0882353 0.176471 0.132353 0.294118 0.176471 0.102941 0 0 0 0 0 0 

2240 2212 1602 94 0 0.723327 0 0 0 0 0 0 0 0 0 0 0 0 0 0 0 0 0 0 0 0 0.057971 0.101449 0.188406 0.173913 0.275362 0.15942 0.0434783 0 0 0 0 0 0 

2240 2214 1603 102 0 0.722674 0 0 0 0 0 0 0 0 0 0 0 0 0 0 0 0 0 0 0 0.0289855 0.0144928 0.101449 0.173913 0.318841 0.144928 0.130435 0.0724638 0.0144928 0 0 0 0 0 

2240 2220 1603 99 0 0.720721 0 0 0 0 0 0 0 0 0 0 0 0 0 0 0 0 0 0 0 0.0289855 0.0434783 0.0869565 0.217391 0.188406 0.246377 0.130435 0.0434783 0.0144928 0 0 0 0 0 

2208 2194 1603 102 0 0.729262 0 0 0 0 0 0 0 0 0 0 0 0 0 0 0 0 0 0 0 0 0.0147059 0.0882353 0.220588 0.161765 0.294118 0.205882 0.0147059 0 0 0 0 0 0 

2208 2193 1602 91 0 0.729594 0 0 0 0 0 0 0 0 0 0 0 0 0 0 0 0 0 0 0 0.0147059 0.0294118 0.117647 0.147059 0.205882 0.205882 0.220588 0.0441176 0.0147059 0 0 0 0 0 

2208 2193 1602 91 0 0.729594 0 0 0 0 0 0 0 0 0 0 0 0 0 0 0 0 0 0 0 0.0294118 0.0147059 0.0588235 0.147059 0.338235 0.191176 0.132353 0.0735294 0.0147059 0 0 0 0 0 

2208 2200 1603 104 0 0.727273 0 0 0 0 0 0 0 0 0 0 0 0 0 0 0 0 0.0147059 0 0 0 0.0294118 0.117647 0.161765 0.220588 0.235294 0.132353 0.0441176 0.0441176 0 0 0 0 0 

