2208 2199 1601 90 0 0.727603 0 0 0 0 0 0 0 0 0 0 0 0 0 0 0 0 0 0 0.0147059 0.0147059 0.0294118 0.0882353 0.147059 0.279412 0.205882 0.102941 0.117647 0 0 0 0 0 0 

2176 2163 1602 84 0 0.739713 0 0 0 0 0 0 0 0 0 0 0 0 0 0 0 0 0 0 0 0 0.0298507 0.0149254 0.238806 0.238806 0.179104 0.179104 0.0597015 0.0298507 0.0298507 0 0 0 0 

2240 2223 1602 93 0 0.719748 0 0 0 0 0 0 0 0 0 0 0 0 0 0 0 0 0.0144928 0 0 0.0434783 0.0289855 0.0724638 0.173913 0.26087 0.188406 0.15942 0.057971 0 0 0 0 0 0 

2272 2247 1603 98 0 0.712061 0 0 0 0 0 0 0 0 0 0 0 0 0 0 0 0 0 0 0.0285714 0.0142857 0.1 0.0857143 0.185714 0.185714 0.171429 0.2 0.0285714 0 0 0 0 0 0 

2208 2193 1602 89 0 0.729594 0 0 0 0 0 0 0 0 0 0 0 0 0 0 0 0 0 0 0 0.0147059 0.0441176 0.0882353 0.117647 0.235294 0.279412 0.147059 0.0735294 0 0 0 0 0 0 

2208 2192 1602 93 0 0.729927 0 0 0 0 0 0 0 0 0 0 0 0 0 0 0 0.0147059 0 0 0 0.0147059 0.0441176 0.0735294 0.132353 0.205882 0.235294 0.176471 0.0882353 0.0147059 0 0 0 0 0 

2240 2218 1603 100 0 0.721371 0 0 0 0 0 0 0 0 0 0 0 0 0 0 0 0 0 0.0144928 0 0.0724638 0.0289855 0.0724638 0.144928 0.173913 0.26087 0.144928 0.057971 0.0289855 0 0 0 0 0 

2240 2219 1602 86 0 0.721045 0 0 0 0 0 0 0 0 0 0 0 0 0 0 0 0 0 0 0 0.0289855 0.0434783 0.101449 0.144928 0.246377 0.275362 0.101449 0.057971 0 0 0 0 0 0 

2208 2200 1601 95 0 0.727273 0 0 0 0 0 0 0 0 0 0 0 0 0 0 0 0 0 0 0 0.0294118 0.0147059 0.161765 0.117647 0.161765 0.294118 0.147059 0.0735294 0 0 0 0 0 0 

2208 2201 1602 88 0 0.726942 0 0 0 0 0 0 0 0 0 0 0 0 0 0 0 0 0 0 0 0.0294118 0.0147059 0.132353 0.191176 0.205882 0.176471 0.117647 0.132353 0 0 0 0 0 0 

