2208 2191 1602 96 0 0.73026 0 0 0 0 0 0 0 0 0 0 0 0 0 0 0 0 0 0 0 0 0.0294118 0.0735294 0.205882 0.220588 0.264706 0.147059 0.0294118 0.0147059 0.0147059 0 0 0 0 

2240 2213 1602 96 0 0.723 0 0 0 0 0 0 0 0 0 0 0 0 0 0 0 0 0 0 0.0144928 0.0144928 0.0724638 0.0289855 0.217391 0.144928 0.304348 0.15942 0.0289855 0.0144928 0 0 0 0 0 

2240 2218 1602 97 0 0.721371 0 0 0 0 0 0 0 0 0 0 0 0 0 0 0 0 0 0 0 0 0.0434783 0.115942 0.217391 0.26087 0.173913 0.115942 0.0434783 0.0289855 0 0 0 0 0 

2240 2212 1603 101 0 0.723327 0 0 0 0 0 0 0 0 0 0 0 0 0 0 0 0 0 0 0.0144928 0.0144928 0.0289855 0.0724638 0.217391 0.188406 0.26087 0.130435 0.057971 0.0144928 0 0 0 0 0 

2240 2216 1603 100 0 0.722022 0 0 0 0 0 0 0 0 0 0 0 0 0 0 0 0 0 0 0 0 0.0144928 0.188406 0.173913 0.231884 0.173913 0.144928 0.0434783 0.0289855 0 0 0 0 0 

2240 2215 1602 92 0 0.722348 0 0 0 0 0 0 0 0 0 0 0 0 0 0 0 0 0 0 0 0.057971 0.0144928 0.101449 0.115942 0.246377 0.304348 0.0724638 0.0869565 0 0 0 0 0 0 

2208 2190 1602 94 0 0.730594 0 0 0 0 0 0 0 0 0 0 0 0 0 0 0 0 0 0 0.0147059 0.0147059 0.0441176 0.0735294 0.147059 0.220588 0.205882 0.176471 0.0735294 0.0147059 0.0147059 0 0 0 0 

2240 2217 1602 98 0 0.721696 0 0 0 0 0 0 0 0 0 0 0 0 0 0 0 0 0 0.0144928 0 0.0289855 0 0.101449 0.231884 0.15942 0.26087 0.15942 0.0289855 0.0144928 0 0 0 0 0 

2208 2187 1602 88 0 0.731596 0 0 0 0 0 0 0 0 0 0 0 0 0 0 0 0 0 0 0 0.0147059 0.0441176 0.0588235 0.161765 0.264706 0.191176 0.191176 0.0147059 0.0441176 0.0147059 0 0 0 0 

2176 2167 1602 93 0 0.738348 0 0 0 0 0 0 0 0 0 0 0 0 0 0 0 0 0 0 0.0298507 0 0.0149254 0.0298507 0.164179 0.179104 0.313433 0.164179 0.0746269 0.0298507 0 0 0 0 0 

