2240 2230 1603 100 0 0.717489 0 0 0 0 0 0 0 0 0 0 0 0 0 0 0 0 0 0 0 0.057971 0.0724638 0.115942 0.15942 0.202899 0.15942 0.130435 0.0724638 0.0289855 0 0 0 0 0 

2240 2219 1603 103 0 0.721045 0 0 0 0 0 0 0 0 0 0 0 0 0 0 0 0 0 0 0 0.0434783 0.0289855 0.115942 0.15942 0.217391 0.188406 0.217391 0.0144928 0.0144928 0 0 0 0 0 

2208 2195 1602 91 0 0.728929 0 0 0 0 0 0 0 0 0 0 0 0 0 0 0 0 0 0 0 0.0147059 0.0588235 0.0735294 0.191176 0.191176 0.191176 0.191176 0.0735294 0.0147059 0 0 0 0 0 

2208 2187 1603 102 0 0.731596 0 0 0 0 0 0 0 0 0 0 0 0 0 0 0 0 0 0 0 0.0147059 0.0441176 0.0735294 0.117647 0.205882 0.294118 0.176471 0.0735294 0 0 0 0 0 0 

2240 2221 1603 100 0 0.720396 0 0 0 0 0 0 0 0 0 0 0 0 0 0 0 0 0 0 0.0144928 0.0289855 0.0434783 0.115942 0.173913 0.15942 0.202899 0.231884 0.0144928 0.0144928 0 0 0 0 0 

2208 2197 1602 93 0 0.728266 0 0 0 0 0 0 0 0 0 0 0 0 0 0 0 0 0 0 0 0.0147059 0.0441176 0.0588235 0.176471 0.264706 0.220588 0.147059 0.0735294 0 0 0 0 0 0 

2208 2201 1600 93 0 0.726942 0 0 0 0 0 0 0 0 0 0 0 0 0 0 0 0 0 0 0 0 0.0147059 0.102941 0.176471 0.308824 0.25 0.0882353 0.0441176 0.0147059 0 0 0 0 0 

2176 2166 1601 86 0 0.738689 0 0 0 0 0 0 0 0 0 0 0 0 0 0 0 0 0 0 0 0.0149254 0.0149254 0.0597015 0.164179 0.19403 0.223881 0.238806 0.0895522 0 0 0 0 0 0 

2240 2218 1602 97 0 0.721371 0 0 0 0 0 0 0 0 0 0 0 0 0 0 0 0 0 0.0144928 0 0.0434783 0.057971 0.0724638 0.0724638 0.333333 0.15942 0.202899 0.0289855 0 0.0144928 0 0 0 0 

2240 2222 1602 91 0 0.720072 0 0 0 0 0 0 0 0 0 0 0 0 0 0 0 0 0 0 0 0.0289855 0.0144928 0.130435 0.217391 0.202899 0.231884 0.115942 0.0434783 0.0144928 0 0 0 0 0 

