2240 2215 1602 95 0 0.722348 0 0 0 0 0 0 0 0 0 0 0 0 0 0 0 0 0 0 0 0.0144928 0.0434783 0.0724638 0.231884 0.217391 0.202899 0.173913 0.0434783 0 0 0 0 0 0 

2208 2199 1601 92 0 0.727603 0 0 0 0 0 0 0 0 0 0 0 0 0 0 0 0 0 0 0 0 0.0588235 0.0735294 0.117647 0.323529 0.220588 0.176471 0.0294118 0 0 0 0 0 0 

2240 2220 1602 94 0 0.720721 0 0 0 0 0 0 0 0 0 0 0 0 0 0 0 0 0 0 0.0144928 0 0.0724638 0.115942 0.130435 0.26087 0.217391 0.101449 0.0724638 0.0144928 0 0 0 0 0 

2208 2179 1602 94 0 0.734282 0 0 0 0 0 0 0 0 0 0 0 0 0 0 0 0 0 0 0 0 0 0.0882353 0.191176 0.176471 0.323529 0.117647 0.0882353 0.0147059 0 0 0 0 0 

2208 2195 1602 94 0 0.728929 0 0 0 0 0 0 0 0 0 0 0 0 0 0 0 0 0 0 0 0 0.0294118 0.0441176 0.294118 0.205882 0.235294 0.0882353 0.0735294 0.0294118 0 0 0 0 0 

2240 2218 1602 94 0 0.721371 0 0 0 0 0 0 0 0 0 0 0 0 0 0 0 0 0 0.0144928 0 0.0289855 0.0289855 0.15942 0.188406 0.0869565 0.26087 0.115942 0.0869565 0.0289855 0 0 0 0 0 

2208 2191 1603 101 0 0.73026 0 0 0 0 0 0 0 0 0 0 0 0 0 0 0 0 0 0 0 0.0294118 0.0588235 0.102941 0.0735294 0.220588 0.220588 0.176471 0.117647 0 0 0 0 0 0 

2240 2215 1603 101 0 0.722348 0 0 0 0 0 0 0 0 0 0 0 0 0 0 0 0 0 0 0 0.0289855 0.0434783 0.0724638 0.231884 0.217391 0.188406 0.115942 0.0724638 0.0289855 0 0 0 0 0 

2240 2217 1602 94 0 0.721696 0 0 0 0 0 0 0 0 0 0 0 0 0 0 0 0 0 0 0 0 0.0434783 0.144928 0.188406 0.231884 0.217391 0.057971 0.101449 0.0144928 0 0 0 0 0 

2208 2197 1602 85 0 0.728266 0 0 0 0 0 0 0 0 0 0 0 0 0 0 0 0 0 0 0 0 0.0294118 0.117647 0.176471 0.205882 0.279412 0.132353 0.0441176 0 0.0147059 0 0 0 0 

