2208 2189 1602 95 0 0.730927 0 0 0 0 0 0 0 0 0 0 0 0 0 0 0 0 0 0 0 0.0294118 0.0147059 0.117647 0.0882353 0.205882 0.352941 0.117647 0.0588235 0 0 0.0147059 0 0 0 

2208 2185 1602 94 0 0.732265 0 0 0 0 0 0 0 0 0 0 0 0 0 0 0 0 0 0 0 0.0147059 0.0441176 0.0735294 0.0735294 0.367647 0.161765 0.117647 0.147059 0 0 0 0 0 0 

2208 2186 1602 84 0 0.73193 0 0 0 0 0 0 0 0 0 0 0 0 0 0 0.0147059 0 0 0.0147059 0 0.0147059 0.0294118 0.0588235 0.117647 0.161765 0.235294 0.294118 0.0441176 0.0147059 0 0 0 0 0 

2240 2212 1602 86 0 0.723327 0 0 0 0 0 0 0 0 0 0 0 0 0 0 0 0 0 0.0144928 0.0144928 0 0.0289855 0.0724638 0.115942 0.333333 0.231884 0.130435 0.057971 0 0 0 0 0 0 

2176 2161 1602 90 0 0.740398 0 0 0 0 0 0 0 0 0 0 0 0 0 0 0 0 0 0 0 0 0.0149254 0.104478 0.104478 0.238806 0.19403 0.238806 0.0746269 0.0298507 0 0 0 0 0 

2272 2243 1602 93 0 0.71333 0 0 0 0 0 0 0 0 0 0 0 0 0 0 0 0 0 0 0 0.0142857 0.0571429 0.114286 0.214286 0.271429 0.185714 0.1 0.0428571 0 0 0 0 0 0 

2272 2249 1603 100 0 0.711427 0 0 0 0 0 0 0 0 0 0 0 0 0 0 0 0 0 0 0.0142857 0.0571429 0.0571429 0.157143 0.1 0.214286 0.2 0.142857 0.0571429 0 0 0 0 0 0 

2208 2193 1602 94 0 0.729594 0 0 0 0 0 0 0 0 0 0 0 0 0 0 0 0 0 0 0.0147059 0 0.0147059 0.102941 0.102941 0.308824 0.279412 0.0882353 0.0735294 0.0147059 0 0 0 0 0 

2240 2228 1602 95 0 0.718133 0 0 0 0 0 0 0 0 0 0 0 0 0 0 0 0 0 0.0144928 0 0.0289855 0.0289855 0.0869565 0.202899 0.289855 0.188406 0.101449 0.0289855 0.0289855 0 0 0 0 0 

2240 2219 1602 95 0 0.721045 0 0 0 0 0 0 0 0 0 0 0 0 0 0 0 0 0 0 0 0 0.0289855 0.144928 0.173913 0.26087 0.231884 0.115942 0.0289855 0.0144928 0 0 0 0 0 

