2240 2219 1602 94 0 0.721045 0 0 0 0 0 0 0 0 0 0 0 0 0 0 0 0 0 0 0 0.0289855 0.0724638 0.144928 0.130435 0.15942 0.246377 0.101449 0.101449 0.0144928 0 0 0 0 0 

2240 2212 1602 89 0 0.723327 0 0 0 0 0 0 0 0 0 0 0 0 0 0 0 0 0 0 0.0144928 0.0144928 0.0289855 0.0869565 0.15942 0.231884 0.26087 0.15942 0.0434783 0 0 0 0 0 0 

2240 2232 1600 84 0 0.716846 0 0 0 0 0 0 0 0 0 0 0 0 0 0 0 0 0 0 0.0144928 0.0289855 0.0144928 0.144928 0.217391 0.202899 0.173913 0.173913 0.0289855 0 0 0 0 0 0 

2240 2232 1601 96 0 0.716846 0 0 0 0 0 0 0 0 0 0 0 0 0 0 0 0 0 0 0.0144928 0.0144928 0.0289855 0.0869565 0.289855 0.231884 0.188406 0.0869565 0.0434783 0.0144928 0 0 0 0 0 

2240 2214 1603 101 0 0.722674 0 0 0 0 0 0 0 0 0 0 0 0 0 0 0 0 0 0.0144928 0 0.0144928 0.0289855 0.115942 0.101449 0.289855 0.275362 0.101449 0.0144928 0.0289855 0.0144928 0 0 0 0 

2208 2189 1602 93 0 0.730927 0 0 0 0 0 0 0 0 0 0 0 0 0 0 0 0 0 0 0 0 0.0441176 0.102941 0.132353 0.264706 0.176471 0.191176 0.0735294 0.0147059 0 0 0 0 0 

2240 2219 1602 91 0 0.721045 0 0 0 0 0 0 0 0 0 0 0 0 0 0 0 0 0 0 0.0144928 0.0144928 0.0289855 0.101449 0.202899 0.26087 0.173913 0.115942 0.0724638 0.0144928 0 0 0 0 0 

2208 2192 1602 94 0 0.729927 0 0 0 0 0 0 0 0 0 0 0 0 0 0 0 0 0 0 0 0 0.0147059 0.132353 0.147059 0.279412 0.176471 0.176471 0.0441176 0.0294118 0 0 0 0 0 

2240 2216 1602 92 0 0.722022 0 0 0 0 0 0 0 0 0 0 0 0 0 0 0 0 0 0 0 0 0.0434783 0.115942 0.202899 0.231884 0.202899 0.15942 0.0289855 0.0144928 0 0 0 0 0 

2208 2195 1602 89 0 0.728929 0 0 0 0 0 0 0 0 0 0 0 0 0 0 0 0 0 0 0.0147059 0.0147059 0.0147059 0.0588235 0.220588 0.176471 0.308824 0.117647 0.0441176 0.0294118 0 0 0 0 0 

