2240 2232 1600 101 0 0.716846 0 0 0 0 0 0 0 0 0 0 0 0 0 0 0 0 0 0 0.0144928 0.0289855 0.0869565 0.0434783 0.188406 0.275362 0.231884 0.0434783 0.057971 0.0289855 0 0 0 0 0 

2240 2221 1602 93 0 0.720396 0 0 0 0 0 0 0 0 0 0 0 0 0 0 0 0 0 0.0144928 0.0144928 0 0.057971 0.15942 0.0869565 0.231884 0.202899 0.15942 0.0434783 0.0289855 0 0 0 0 0 

2176 2148 1602 84 0 0.744879 0 0 0 0 0 0 0 0 0 0 0 0 0 0 0 0 0 0 0 0 0.0298507 0.0597015 0.119403 0.179104 0.283582 0.149254 0.119403 0.0597015 0 0 0 0 0 

2208 2190 1602 98 0 0.730594 0 0 0 0 0 0 0 0 0 0 0 0 0 0 0 0 0 0 0 0.0147059 0 0.117647 0.161765 0.25 0.191176 0.176471 0.0882353 0 0 0 0 0 0 

2208 2185 1602 96 0 0.732265 0 0 0 0 0 0 0 0 0 0 0 0 0 0 0 0 0 0 0 0.0294118 0.0441176 0.0735294 0.147059 0.191176 0.235294 0.117647 0.147059 0.0147059 0 0 0 0 0 

2208 2192 1603 102 0 0.729927 0 0 0 0 0 0 0 0 0 0 0 0 0 0 0 0 0 0 0.0294118 0.0147059 0.0294118 0.0441176 0.161765 0.191176 0.25 0.220588 0.0441176 0.0147059 0 0 0 0 0 

2240 2234 1601 88 0 0.716204 0 0 0 0 0 0 0 0 0 0 0 0 0 0 0 0 0 0 0.0144928 0 0.0724638 0.130435 0.231884 0.173913 0.188406 0.130435 0.057971 0 0 0 0 0 0 

2208 2180 1602 94 0 0.733945 0 0 0 0 0 0 0 0 0 0 0 0 0 0 0 0 0 0 0 0.0294118 0.0735294 0.0294118 0.147059 0.161765 0.25 0.176471 0.0882353 0.0441176 0 0 0 0 0 

2176 2170 1602 91 0 0.737327 0 0 0 0 0 0 0 0 0 0 0 0 0 0 0 0 0 0 0 0.0447761 0.0298507 0.0597015 0.149254 0.149254 0.223881 0.208955 0.119403 0.0149254 0 0 0 0 0 

2208 2183 1602 93 0 0.732936 0 0 0 0 0 0 0 0 0 0 0 0 0 0 0 0 0 0 0.0294118 0.0147059 0.0441176 0.0735294 0.132353 0.132353 0.235294 0.220588 0.0882353 0.0147059 0.0147059 0 0 0 0 

