2240 2218 1602 87 0 0.721371 0 0 0 0 0 0 0 0 0 0 0 0 0 0 0 0 0 0 0 0 0.101449 0.0869565 0.188406 0.173913 0.26087 0.101449 0.0724638 0.0144928 0 0 0 0 0 

2240 2228 1603 99 0 0.718133 0 0 0 0 0 0 0 0 0 0 0 0 0 0 0 0 0 0 0.0434783 0.0144928 0.0289855 0.0724638 0.202899 0.217391 0.246377 0.115942 0.057971 0 0 0 0 0 0 

2240 2221 1602 98 0 0.720396 0 0 0 0 0 0 0 0 0 0 0 0 0 0 0 0 0 0 0 0.0144928 0.057971 0.115942 0.217391 0.173913 0.202899 0.144928 0.0724638 0 0 0 0 0 0 

2208 2193 1603 101 0 0.729594 0 0 0 0 0 0 0 0 0 0 0 0 0 0 0 0 0 0 0 0 0.0735294 0.0588235 0.161765 0.220588 0.235294 0.161765 0.0882353 0 0 0 0 0 0 

2240 2214 1602 92 0 0.722674 0 0 0 0 0 0 0 0 0 0 0 0 0 0 0 0 0 0 0 0.057971 0.0724638 0.144928 0.0869565 0.15942 0.173913 0.144928 0.144928 0.0144928 0 0 0 0 0 

2240 2236 1601 100 0 0.715564 0 0 0 0 0 0 0 0 0 0 0 0 0 0 0 0 0 0 0.0144928 0.0289855 0.0434783 0.101449 0.217391 0.231884 0.217391 0.0869565 0.057971 0 0 0 0 0 0 

2208 2196 1602 91 0 0.728597 0 0 0 0 0 0 0 0 0 0 0 0 0 0 0 0 0 0 0.0294118 0 0.0147059 0.0882353 0.147059 0.25 0.220588 0.205882 0.0294118 0.0147059 0 0 0 0 0 

2240 2222 1603 100 0 0.720072 0 0 0 0 0 0 0 0 0 0 0 0 0 0 0 0 0 0 0.0144928 0.0144928 0.0434783 0.101449 0.173913 0.217391 0.26087 0.130435 0.0289855 0.0144928 0 0 0 0 0 

2208 2193 1602 95 0 0.729594 0 0 0 0 0 0 0 0 0 0 0 0 0 0 0 0 0 0 0 0 0.0294118 0.0588235 0.176471 0.308824 0.205882 0.191176 0.0147059 0.0147059 0 0 0 0 0 

2240 2216 1602 93 0 0.722022 0 0 0 0 0 0 0 0 0 0 0 0 0 0 0 0 0 0.0144928 0.0144928 0 0.057971 0.0869565 0.15942 0.217391 0.217391 0.15942 0.057971 0.0144928 0 0 0 0 0 

