2208 2192 1602 93 0 0.729927 0 0 0 0 0 0 0 0 0 0 0 0 0 0 0 0 0 0 0 0.0147059 0.0294118 0.0588235 0.191176 0.205882 0.25 0.220588 0.0294118 0 0 0 0 0 0 

2240 2222 1603 102 0 0.720072 0 0 0 0 0 0 0 0 0 0 0 0 0 0 0 0 0.0144928 0.0144928 0 0.0144928 0.0434783 0.0869565 0.115942 0.289855 0.173913 0.217391 0.0289855 0 0 0 0 0 0 

2208 2179 1602 97 0 0.734282 0 0 0 0 0 0 0 0 0 0 0 0 0 0 0 0 0 0 0 0 0.0588235 0.0882353 0.132353 0.147059 0.323529 0.117647 0.102941 0.0147059 0.0147059 0 0 0 0 

2240 2214 1602 92 0 0.722674 0 0 0 0 0 0 0 0 0 0 0 0 0 0 0 0 0 0 0 0 0.057971 0.0724638 0.246377 0.202899 0.275362 0.0724638 0.0289855 0.0289855 0.0144928 0 0 0 0 

2208 2190 1602 96 0 0.730594 0 0 0 0 0 0 0 0 0 0 0 0 0 0 0 0 0 0 0 0.0441176 0.0147059 0.0588235 0.161765 0.235294 0.235294 0.147059 0.0882353 0.0147059 0 0 0 0 0 

2240 2231 1602 96 0 0.717167 0 0 0 0 0 0 0 0 0 0 0 0 0 0 0 0 0 0 0 0.0289855 0.0869565 0.130435 0.15942 0.217391 0.173913 0.115942 0.0724638 0.0144928 0 0 0 0 0 

2240 2216 1603 99 0 0.722022 0 0 0 0 0 0 0 0 0 0 0 0 0 0 0 0 0.0144928 0.0144928 0 0.0289855 0.0144928 0.0869565 0.130435 0.173913 0.347826 0.144928 0.0434783 0 0 0 0 0 0 

2208 2184 1602 96 0 0.732601 0 0 0 0 0 0 0 0 0 0 0 0 0 0 0 0 0 0 0 0 0.0294118 0.0882353 0.117647 0.338235 0.191176 0.102941 0.102941 0.0294118 0 0 0 0 0 

2208 2195 1602 96 0 0.728929 0 0 0 0 0 0 0 0 0 0 0 0 0 0 0 0 0 0 0 0.0147059 0.0735294 0.0735294 0.132353 0.279412 0.147059 0.205882 0.0147059 0.0588235 0 0 0 0 0 

2208 2193 1602 94 0 0.729594 0 0 0 0 0 0 0 0 0 0 0 0 0 0 0 0 0 0 0 0.0294118 0.0441176 0.0882353 0.176471 0.191176 0.205882 0.147059 0.0735294 0.0294118 0.0147059 0 0 0 0 

