2240 2231 1602 106 0 0.717167 0 0 0 0 0 0 0 0 0 0 0 0 0 0 0 0 0 0 0.0144928 0.057971 0.057971 0.0144928 0.26087 0.202899 0.188406 0.130435 0.0724638 0 0 0 0 0 0 

2208 2192 1603 100 0 0.729927 0 0 0 0 0 0 0 0 0 0 0 0 0 0 0 0 0 0 0.0147059 0.0294118 0.0441176 0.0588235 0.147059 0.205882 0.235294 0.147059 0.0735294 0.0441176 0 0 0 0 0 

2208 2187 1602 93 0 0.731596 0 0 0 0 0 0 0 0 0 0 0 0 0 0 0 0 0 0 0 0 0.102941 0.0735294 0.161765 0.132353 0.176471 0.220588 0.132353 0 0 0 0 0 0 

2240 2216 1603 100 0 0.722022 0 0 0 0 0 0 0 0 0 0 0 0 0 0 0 0 0 0 0.0144928 0.0289855 0.0289855 0.130435 0.115942 0.231884 0.202899 0.173913 0.0724638 0 0 0 0 0 0 

2208 2191 1603 102 0 0.73026 0 0 0 0 0 0 0 0 0 0 0 0 0 0 0 0 0 0 0.0147059 0 0.0147059 0.102941 0.117647 0.308824 0.191176 0.161765 0.0735294 0.0147059 0 0 0 0 0 

2208 2197 1602 90 0 0.728266 0 0 0 0 0 0 0 0 0 0 0 0 0 0 0 0 0 0 0.0147059 0.0147059 0.0294118 0.132353 0.0882353 0.235294 0.25 0.161765 0.0441176 0.0294118 0 0 0 0 0 

2208 2181 1602 98 0 0.733608 0 0 0 0 0 0 0 0 0 0 0 0 0 0 0 0 0 0.0147059 0 0.0147059 0.0588235 0.102941 0.0735294 0.176471 0.235294 0.176471 0.0882353 0.0588235 0 0 0 0 0 

2208 2202 1600 94 0 0.726612 0 0 0 0 0 0 0 0 0 0 0 0 0 0 0 0 0 0 0 0.0294118 0.0735294 0.0882353 0.176471 0.117647 0.279412 0.147059 0.0588235 0.0294118 0 0 0 0 0 

2208 2186 1602 95 0 0.73193 0 0 0 0 0 0 0 0 0 0 0 0 0 0 0 0 0 0 0 0.0294118 0.0441176 0.0294118 0.191176 0.176471 0.235294 0.220588 0.0588235 0.0147059 0 0 0 0 0 

2240 2223 1602 95 0 0.719748 0 0 0 0 0 0 0 0 0 0 0 0 0 0 0 0 0 0 0.0144928 0.0289855 0.0289855 0.0869565 0.26087 0.15942 0.231884 0.101449 0.0724638 0.0144928 0 0 0 0 0 

