2208 2197 1602 96 0 0.728266 0 0 0 0 0 0 0 0 0 0 0 0 0 0 0 0 0 0 0 0.0294118 0.0441176 0.0588235 0.176471 0.294118 0.161765 0.102941 0.102941 0.0294118 0 0 0 0 0 

2208 2198 1602 83 0 0.727934 0 0 0 0 0 0 0 0 0 0 0 0 0 0 0 0 0 0.0147059 0 0.0147059 0.0441176 0.0882353 0.147059 0.191176 0.205882 0.264706 0.0147059 0.0147059 0 0 0 0 0 

2240 2211 1602 97 0 0.723654 0 0 0 0 0 0 0 0 0 0 0 0 0 0 0 0 0 0 0 0.0144928 0.0434783 0.130435 0.144928 0.26087 0.15942 0.144928 0.0869565 0.0144928 0 0 0 0 0 

2176 2171 1600 94 0 0.736988 0 0 0 0 0 0 0 0 0 0 0 0 0 0 0 0 0 0 0 0.0149254 0.0447761 0.0597015 0.104478 0.208955 0.298507 0.179104 0.0895522 0 0 0 0 0 0 

2208 2191 1602 96 0 0.73026 0 0 0 0 0 0 0 0 0 0 0 0 0 0 0 0 0 0 0 0.0294118 0.0735294 0.102941 0.117647 0.102941 0.264706 0.205882 0.0882353 0.0147059 0 0 0 0 0 

2208 2186 1602 91 0 0.73193 0 0 0 0 0 0 0 0 0 0 0 0 0 0 0 0 0 0 0 0.0294118 0.0441176 0.0147059 0.147059 0.279412 0.264706 0.132353 0.0588235 0.0147059 0.0147059 0 0 0 0 

2240 2220 1603 101 0 0.720721 0 0 0 0 0 0 0 0 0 0 0 0 0 0 0 0 0 0 0.0144928 0.0144928 0.0434783 0.101449 0.188406 0.231884 0.188406 0.144928 0.057971 0.0144928 0 0 0 0 0 

2208 2201 1602 94 0 0.726942 0 0 0 0 0 0 0 0 0 0 0 0 0 0 0 0 0 0 0 0.0294118 0.0294118 0.0882353 0.161765 0.294118 0.161765 0.147059 0.0735294 0.0147059 0 0 0 0 0 

2240 2231 1602 95 0 0.717167 0 0 0 0 0 0 0 0 0 0 0 0 0 0 0 0 0 0 0 0.0289855 0.0434783 0.0869565 0.275362 0.217391 0.15942 0.144928 0.0434783 0 0 0 0 0 0 

2208 2187 1602 95 0 0.731596 0 0 0 0 0 0 0 0 0 0 0 0 0 0 0 0 0 0 0 0 0.0588235 0.0588235 0.132353 0.235294 0.264706 0.191176 0.0588235 0 0 0 0 0 0 

