2240 2223 1602 92 0 0.719748 0 0 0 0 0 0 0 0 0 0 0 0 0 0 0 0 0 0 0.0144928 0.0144928 0.0724638 0.101449 0.173913 0.246377 0.173913 0.115942 0.0434783 0.0289855 0.0144928 0 0 0 0 

2240 2212 1603 100 0 0.723327 0 0 0 0 0 0 0 0 0 0 0 0 0 0 0 0 0 0 0 0.0144928 0.0144928 0.115942 0.173913 0.246377 0.246377 0.130435 0.057971 0 0 0 0 0 0 

2208 2182 1602 95 0 0.733272 0 0 0 0 0 0 0 0 0 0 0 0 0 0 0 0 0 0 0 0.0147059 0.0147059 0.0588235 0.147059 0.264706 0.220588 0.220588 0.0588235 0 0 0 0 0 0 

2208 2200 1600 94 0 0.727273 0 0 0 0 0 0 0 0 0 0 0 0 0 0 0 0 0 0 0.0147059 0 0.0147059 0.102941 0.205882 0.191176 0.25 0.176471 0.0441176 0 0 0 0 0 0 

2240 2221 1602 98 0 0.720396 0 0 0 0 0 0 0 0 0 0 0 0 0 0 0 0 0 0.0144928 0 0 0.0869565 0.057971 0.130435 0.318841 0.26087 0.057971 0.0434783 0.0289855 0 0 0 0 0 

2208 2188 1602 91 0 0.731261 0 0 0 0 0 0 0 0 0 0 0 0 0 0 0 0 0 0 0 0.0441176 0.0147059 0.147059 0.0588235 0.220588 0.205882 0.205882 0.0882353 0 0.0147059 0 0 0 0 

2208 2199 1602 95 0 0.727603 0 0 0 0 0 0 0 0 0 0 0 0 0 0 0 0 0 0 0 0.0294118 0.0441176 0.0882353 0.132353 0.205882 0.294118 0.132353 0.0735294 0 0 0 0 0 0 

2208 2184 1602 96 0 0.732601 0 0 0 0 0 0 0 0 0 0 0 0 0 0 0 0 0 0.0147059 0 0 0.0147059 0.117647 0.102941 0.264706 0.205882 0.161765 0.0882353 0.0294118 0 0 0 0 0 

2272 2248 1602 89 0 0.711744 0 0 0 0 0 0 0 0 0 0 0 0 0 0 0 0 0 0.0142857 0.0142857 0.0285714 0.0285714 0.128571 0.2 0.2 0.228571 0.114286 0.0428571 0 0 0 0 0 0 

2208 2192 1602 98 0 0.729927 0 0 0 0 0 0 0 0 0 0 0 0 0 0 0 0 0 0 0 0.0147059 0.0588235 0.0588235 0.191176 0.235294 0.147059 0.176471 0.102941 0.0147059 0 0 0 0 0 

