2208 2185 1602 88 0 0.732265 0 0 0 0 0 0 0 0 0 0 0 0 0 0 0 0 0 0 0 0.0147059 0.0294118 0.0441176 0.117647 0.279412 0.264706 0.235294 0.0147059 0 0 0 0 0 0 

2240 2226 1602 93 0 0.718778 0 0 0 0 0 0 0 0 0 0 0 0 0 0 0 0 0 0.0144928 0 0.0144928 0.0869565 0.0434783 0.246377 0.202899 0.202899 0.101449 0.057971 0.0289855 0 0 0 0 0 

2176 2159 1602 88 0 0.741084 0 0 0 0 0 0 0 0 0 0 0 0 0 0 0 0 0 0 0 0 0.0149254 0.0895522 0.134328 0.149254 0.298507 0.19403 0.119403 0 0 0 0 0 0 

2208 2186 1602 82 0 0.73193 0 0 0 0 0 0 0 0 0 0 0 0 0 0 0 0 0 0 0.0147059 0 0.0588235 0.0588235 0.147059 0.191176 0.220588 0.235294 0.0588235 0.0147059 0 0 0 0 0 

2240 2211 1602 97 0 0.723654 0 0 0 0 0 0 0 0 0 0 0 0 0 0 0 0 0 0 0 0 0.0289855 0.217391 0.130435 0.130435 0.231884 0.202899 0.0434783 0.0144928 0 0 0 0 0 

2240 2214 1602 97 0 0.722674 0 0 0 0 0 0 0 0 0 0 0 0 0 0 0 0 0 0 0 0.0144928 0.0434783 0.144928 0.15942 0.173913 0.231884 0.15942 0.0724638 0 0 0 0 0 0 

2240 2219 1602 96 0 0.721045 0 0 0 0 0 0 0 0 0 0 0 0 0 0 0 0 0 0 0.0144928 0.0289855 0.0434783 0.0869565 0.231884 0.173913 0.173913 0.15942 0.057971 0.0289855 0 0 0 0 0 

2240 2222 1603 100 0 0.720072 0 0 0 0 0 0 0 0 0 0 0 0 0 0 0 0 0 0 0.0144928 0.0289855 0.0869565 0.0724638 0.101449 0.333333 0.144928 0.130435 0.0434783 0.0289855 0.0144928 0 0 0 0 

2240 2227 1602 92 0 0.718455 0 0 0 0 0 0 0 0 0 0 0 0 0 0 0 0 0 0 0 0.0289855 0.057971 0.130435 0.173913 0.231884 0.188406 0.101449 0.0724638 0.0144928 0 0 0 0 0 

2208 2200 1602 92 0 0.727273 0 0 0 0 0 0 0 0 0 0 0 0 0 0 0 0 0 0 0.0147059 0.0294118 0.0441176 0.0588235 0.191176 0.176471 0.25 0.117647 0.117647 0 0 0 0 0 0 

