2208 2185 1602 94 0 0.732265 0 0 0 0 0 0 0 0 0 0 0 0 0 0 0 0 0 0 0 0.0147059 0.0294118 0.0882353 0.161765 0.191176 0.279412 0.102941 0.102941 0.0294118 0 0 0 0 0 

2208 2198 1602 99 0 0.727934 0 0 0 0 0 0 0 0 0 0 0 0 0 0 0 0 0 0.0147059 0 0 0.0147059 0.161765 0.161765 0.191176 0.176471 0.176471 0.0735294 0.0294118 0 0 0 0 0 

2240 2221 1602 95 0 0.720396 0 0 0 0 0 0 0 0 0 0 0 0 0 0 0 0 0 0 0.0144928 0.0289855 0.057971 0.057971 0.130435 0.347826 0.173913 0.115942 0.057971 0.0144928 0 0 0 0 0 

2208 2182 1602 86 0 0.733272 0 0 0 0 0 0 0 0 0 0 0 0 0 0 0 0 0 0.0147059 0 0.0147059 0.0147059 0.0882353 0.117647 0.25 0.161765 0.220588 0.117647 0 0 0 0 0 0 

2240 2223 1603 111 0 0.719748 0 0 0 0 0 0 0 0 0 0 0 0 0 0 0 0 0 0.0144928 0 0 0.057971 0.130435 0.101449 0.289855 0.231884 0.130435 0.0289855 0.0144928 0 0 0 0 0 

2240 2219 1602 90 0 0.721045 0 0 0 0 0 0 0 0 0 0 0 0 0 0 0 0 0 0 0 0 0.0869565 0.144928 0.0869565 0.217391 0.304348 0.0869565 0.0724638 0 0 0 0 0 0 

2240 2216 1602 98 0 0.722022 0 0 0 0 0 0 0 0 0 0 0 0 0 0 0 0 0 0 0.0144928 0.0144928 0.0144928 0.0724638 0.217391 0.26087 0.188406 0.202899 0.0144928 0 0 0 0 0 0 

2208 2184 1602 93 0 0.732601 0 0 0 0 0 0 0 0 0 0 0 0 0 0 0 0 0 0 0 0.0147059 0 0.0588235 0.132353 0.308824 0.279412 0.161765 0.0294118 0.0147059 0 0 0 0 0 

2208 2192 1602 97 0 0.729927 0 0 0 0 0 0 0 0 0 0 0 0 0 0 0 0 0 0 0.0147059 0 0 0.0882353 0.132353 0.338235 0.220588 0.132353 0.0735294 0 0 0 0 0 0 

2240 2217 1603 104 0 0.721696 0 0 0 0 0 0 0 0 0 0 0 0 0 0 0 0 0 0 0 0.0289855 0.057971 0.130435 0.144928 0.144928 0.289855 0.115942 0.0724638 0.0144928 0 0 0 0 0 

