2176 2167 1602 96 0 0.738348 0 0 0 0 0 0 0 0 0 0 0 0 0 0 0 0 0 0 0.0149254 0 0.0298507 0.0447761 0.104478 0.268657 0.283582 0.149254 0.0746269 0.0298507 0 0 0 0 0 

2240 2215 1602 98 0 0.722348 0 0 0 0 0 0 0 0 0 0 0 0 0 0 0 0 0 0.0144928 0.0144928 0 0.057971 0.0434783 0.202899 0.231884 0.231884 0.101449 0.101449 0 0 0 0 0 0 

2208 2193 1602 85 0 0.729594 0 0 0 0 0 0 0 0 0 0 0 0 0 0 0 0 0 0 0 0 0 0.0882353 0.191176 0.279412 0.25 0.147059 0.0441176 0 0 0 0 0 0 

2208 2196 1602 91 0 0.728597 0 0 0 0 0 0 0 0 0 0 0 0 0 0 0 0 0 0 0 0 0.0294118 0.0882353 0.220588 0.220588 0.220588 0.132353 0.0882353 0 0 0 0 0 0 

2208 2190 1603 99 0 0.730594 0 0 0 0 0 0 0 0 0 0 0 0 0 0 0 0 0 0 0 0 0.0294118 0.0882353 0.147059 0.308824 0.161765 0.191176 0.0588235 0.0147059 0 0 0 0 0 

2208 2200 1602 102 0 0.727273 0 0 0 0 0 0 0 0 0 0 0 0 0 0 0 0 0 0.0147059 0 0 0.0441176 0.132353 0.117647 0.220588 0.191176 0.205882 0.0735294 0 0 0 0 0 0 

2208 2182 1602 96 0 0.733272 0 0 0 0 0 0 0 0 0 0 0 0 0 0 0 0 0 0 0 0 0.0294118 0.0735294 0.161765 0.25 0.220588 0.176471 0.0588235 0.0294118 0 0 0 0 0 

2240 2217 1602 89 0 0.721696 0 0 0 0 0 0 0 0 0 0 0 0 0 0 0 0 0 0 0.057971 0.0144928 0.0289855 0.0724638 0.173913 0.173913 0.231884 0.15942 0.057971 0.0289855 0 0 0 0 0 

2272 2248 1603 99 0 0.711744 0 0 0 0 0 0 0 0 0 0 0 0 0 0 0 0 0 0.0142857 0.0142857 0 0.0857143 0.0857143 0.214286 0.2 0.242857 0.114286 0 0.0285714 0 0 0 0 0 

2208 2195 1603 99 0 0.728929 0 0 0 0 0 0 0 0 0 0 0 0 0 0 0 0 0 0 0 0.0147059 0.0147059 0.117647 0.205882 0.205882 0.220588 0.117647 0.0441176 0.0441176 0.0147059 0 0 0 0 

