2208 2187 1603 101 0 0.731596 0 0 0 0 0 0 0 0 0 0 0 0 0 0 0 0 0 0 0 0 0.0294118 0.0588235 0.147059 0.279412 0.294118 0.117647 0.0588235 0.0147059 0 0 0 0 0 

2240 2216 1602 89 0 0.722022 0 0 0 0 0 0 0 0 0 0 0 0 0 0 0 0 0 0 0.0289855 0.0144928 0.0434783 0.057971 0.202899 0.188406 0.217391 0.202899 0.0434783 0 0 0 0 0 0 

2240 2229 1602 92 0 0.717811 0 0 0 0 0 0 0 0 0 0 0 0 0 0 0 0 0 0 0 0.0144928 0.0869565 0.115942 0.173913 0.246377 0.15942 0.130435 0.0724638 0 0 0 0 0 0 

2208 2200 1602 97 0 0.727273 0 0 0 0 0 0 0 0 0 0 0 0 0 0 0 0 0 0 0.0147059 0 0.0147059 0.0882353 0.161765 0.279412 0.235294 0.191176 0.0147059 0 0 0 0 0 0 

2240 2230 1602 97 0 0.717489 0 0 0 0 0 0 0 0 0 0 0 0 0 0 0 0 0 0.0144928 0 0 0.0434783 0.115942 0.246377 0.231884 0.188406 0.0724638 0.0869565 0 0 0 0 0 0 

2208 2198 1602 97 0 0.727934 0 0 0 0 0 0 0 0 0 0 0 0 0 0 0 0 0 0 0 0 0.0588235 0.132353 0.102941 0.235294 0.235294 0.161765 0.0735294 0 0 0 0 0 0 

2208 2182 1602 88 0 0.733272 0 0 0 0 0 0 0 0 0 0 0 0 0 0 0 0 0 0 0 0.0147059 0.0441176 0.0882353 0.0882353 0.220588 0.25 0.205882 0.0882353 0 0 0 0 0 0 

2240 2216 1602 89 0 0.722022 0 0 0 0 0 0 0 0 0 0 0 0 0 0 0 0 0 0 0.0289855 0.0434783 0.0289855 0.115942 0.188406 0.115942 0.202899 0.15942 0.057971 0.057971 0 0 0 0 0 

2208 2194 1602 90 0 0.729262 0 0 0 0 0 0 0 0 0 0 0 0 0 0 0 0 0 0 0 0 0.0294118 0.102941 0.176471 0.235294 0.264706 0.0882353 0.0882353 0.0147059 0 0 0 0 0 

2208 2199 1601 85 0 0.727603 0 0 0 0 0 0 0 0 0 0 0 0 0 0 0 0 0 0.0147059 0.0147059 0 0.0147059 0.117647 0.161765 0.176471 0.279412 0.132353 0.0735294 0.0147059 0 0 0 0 0 

