2240 2224 1602 92 0 0.719424 0 0 0 0 0 0 0 0 0 0 0 0 0 0 0 0 0 0 0 0.0144928 0.0724638 0.101449 0.15942 0.289855 0.231884 0.0434783 0.057971 0.0144928 0.0144928 0 0 0 0 

2208 2198 1602 90 0 0.727934 0 0 0 0 0 0 0 0 0 0 0 0 0 0 0 0 0 0 0 0 0.0588235 0.102941 0.176471 0.176471 0.308824 0.0735294 0.0735294 0.0294118 0 0 0 0 0 

2240 2214 1602 94 0 0.722674 0 0 0 0 0 0 0 0 0 0 0 0 0 0 0 0 0 0 0.0144928 0.0289855 0.0434783 0.0724638 0.144928 0.26087 0.202899 0.15942 0.0724638 0 0 0 0 0 0 

2240 2213 1603 99 0 0.723 0 0 0 0 0 0 0 0 0 0 0 0 0 0 0 0 0 0 0.0289855 0.0144928 0.057971 0.057971 0.15942 0.246377 0.188406 0.130435 0.101449 0.0144928 0 0 0 0 0 

2208 2191 1602 86 0 0.73026 0 0 0 0 0 0 0 0 0 0 0 0 0 0 0 0 0 0 0 0.0147059 0.0294118 0.0735294 0.176471 0.205882 0.279412 0.147059 0.0588235 0.0147059 0 0 0 0 0 

2208 2197 1602 97 0 0.728266 0 0 0 0 0 0 0 0 0 0 0 0 0 0 0 0 0 0 0 0.0294118 0.0588235 0.0294118 0.147059 0.308824 0.191176 0.147059 0.0882353 0 0 0 0 0 0 

2208 2184 1602 88 0 0.732601 0 0 0 0 0 0 0 0 0 0 0 0 0 0 0 0 0 0 0 0.0147059 0.0588235 0.0882353 0.117647 0.161765 0.308824 0.117647 0.102941 0.0294118 0 0 0 0 0 

2176 2162 1602 92 0 0.740056 0 0 0 0 0 0 0 0 0 0 0 0 0 0 0 0 0 0 0.0149254 0.0149254 0.0149254 0.0597015 0.119403 0.164179 0.298507 0.179104 0.134328 0 0 0 0 0 0 

2208 2192 1602 92 0 0.729927 0 0 0 0 0 0 0 0 0 0 0 0 0 0 0 0 0 0 0 0.0441176 0.0588235 0.0294118 0.176471 0.176471 0.205882 0.25 0.0294118 0.0294118 0 0 0 0 0 

2240 2214 1603 104 0 0.722674 0 0 0 0 0 0 0 0 0 0 0 0 0 0 0 0 0 0 0 0.0434783 0.0144928 0.0724638 0.15942 0.26087 0.304348 0.0869565 0.0434783 0.0144928 0 0 0 0 0 

