2208 2193 1602 96 0 0.729594 0 0 0 0 0 0 0 0 0 0 0 0 0 0 0 0 0 0 0.0147059 0.0147059 0.0441176 0.0882353 0.132353 0.205882 0.205882 0.220588 0.0588235 0.0147059 0 0 0 0 0 

2208 2183 1602 92 0 0.732936 0 0 0 0 0 0 0 0 0 0 0 0 0 0 0 0 0 0 0 0.0147059 0.0441176 0.117647 0.117647 0.161765 0.220588 0.205882 0.102941 0.0147059 0 0 0 0 0 

2240 2222 1602 95 0 0.720072 0 0 0 0 0 0 0 0 0 0 0 0 0 0 0 0 0 0 0 0 0.0289855 0.130435 0.231884 0.275362 0.15942 0.101449 0.057971 0.0144928 0 0 0 0 0 

2208 2195 1603 104 0 0.728929 0 0 0 0 0 0 0 0 0 0 0 0 0 0 0 0 0 0 0 0 0.0441176 0.117647 0.161765 0.25 0.147059 0.176471 0.0882353 0.0147059 0 0 0 0 0 

2176 2163 1602 83 0 0.739713 0 0 0 0 0 0 0 0 0 0 0 0 0 0 0 0 0 0 0 0.0149254 0.0149254 0.0298507 0.134328 0.238806 0.298507 0.19403 0.0597015 0.0149254 0 0 0 0 0 

2208 2191 1602 91 0 0.73026 0 0 0 0 0 0 0 0 0 0 0 0 0 0 0 0 0 0 0 0.0147059 0.0882353 0.0735294 0.132353 0.25 0.147059 0.132353 0.117647 0.0441176 0 0 0 0 0 

2240 2214 1602 96 0 0.722674 0 0 0 0 0 0 0 0 0 0 0 0 0 0 0 0 0 0.0144928 0.0144928 0.0289855 0.057971 0.130435 0.0869565 0.173913 0.188406 0.188406 0.101449 0.0144928 0 0 0 0 0 

2240 2211 1602 96 0 0.723654 0 0 0 0 0 0 0 0 0 0 0 0 0 0 0 0 0 0 0 0 0.0434783 0.130435 0.15942 0.202899 0.246377 0.173913 0.0434783 0 0 0 0 0 0 

2208 2201 1601 92 0 0.726942 0 0 0 0 0 0 0 0 0 0 0 0 0 0 0 0 0 0.0147059 0 0 0.0588235 0.0882353 0.132353 0.25 0.220588 0.176471 0.0441176 0.0147059 0 0 0 0 0 

2208 2191 1602 91 0 0.73026 0 0 0 0 0 0 0 0 0 0 0 0 0 0 0 0 0 0 0 0.0294118 0.0294118 0.117647 0.117647 0.25 0.191176 0.161765 0.0441176 0.0441176 0.0147059 0 0 0 0 

