2240 2225 1602 94 0 0.719101 0 0 0 0 0 0 0 0 0 0 0 0 0 0 0 0 0 0 0.0144928 0.0144928 0.057971 0.15942 0.173913 0.101449 0.231884 0.202899 0.0434783 0 0 0 0 0 0 

2208 2198 1603 102 0 0.727934 0 0 0 0 0 0 0 0 0 0 0 0 0 0 0 0 0 0 0 0.0294118 0.0588235 0.0735294 0.176471 0.147059 0.308824 0.0588235 0.147059 0 0 0 0 0 0 

2240 2225 1602 98 0 0.719101 0 0 0 0 0 0 0 0 0 0 0 0 0 0 0 0 0 0 0 0.0289855 0.0724638 0.130435 0.144928 0.231884 0.144928 0.173913 0.0724638 0 0 0 0 0 0 

2240 2213 1603 101 0 0.723 0 0 0 0 0 0 0 0 0 0 0 0 0 0 0 0 0 0 0 0.0289855 0.0434783 0.0724638 0.217391 0.217391 0.202899 0.144928 0.0289855 0.0289855 0.0144928 0 0 0 0 

2240 2225 1603 100 0 0.719101 0 0 0 0 0 0 0 0 0 0 0 0 0 0 0 0 0 0 0 0 0.0434783 0.15942 0.231884 0.188406 0.202899 0.0724638 0.0869565 0.0144928 0 0 0 0 0 

2208 2194 1602 97 0 0.729262 0 0 0 0 0 0 0 0 0 0 0 0 0 0 0 0 0 0 0.0147059 0.0147059 0 0.0735294 0.191176 0.235294 0.235294 0.191176 0.0294118 0.0147059 0 0 0 0 0 

2208 2186 1602 87 0 0.73193 0 0 0 0 0 0 0 0 0 0 0 0 0 0 0 0 0 0 0 0 0.0441176 0.0735294 0.147059 0.235294 0.235294 0.205882 0.0441176 0.0147059 0 0 0 0 0 

2240 2223 1602 95 0 0.719748 0 0 0 0 0 0 0 0 0 0 0 0 0 0 0 0 0 0 0 0.057971 0.0434783 0.0434783 0.188406 0.318841 0.188406 0.057971 0.0724638 0.0289855 0 0 0 0 0 

2208 2194 1602 89 0 0.729262 0 0 0 0 0 0 0 0 0 0 0 0 0 0 0 0 0 0 0 0.0294118 0.0147059 0.0882353 0.176471 0.25 0.191176 0.147059 0.0882353 0.0147059 0 0 0 0 0 

2208 2190 1602 98 0 0.730594 0 0 0 0 0 0 0 0 0 0 0 0 0 0 0 0 0 0 0 0.0147059 0.0441176 0.102941 0.176471 0.147059 0.220588 0.191176 0.0882353 0.0147059 0 0 0 0 0 

