2240 2217 1603 109 0 0.721696 0 0 0 0 0 0 0 0 0 0 0 0 0 0 0 0 0 0 0.0144928 0 0.0289855 0.15942 0.15942 0.188406 0.217391 0.188406 0.0289855 0.0144928 0 0 0 0 0 

2176 2169 1601 87 0 0.737667 0 0 0 0 0 0 0 0 0 0 0 0 0 0 0 0 0 0 0 0.0149254 0.0149254 0.0597015 0.134328 0.283582 0.208955 0.179104 0.0895522 0.0149254 0 0 0 0 0 

2240 2224 1603 102 0 0.719424 0 0 0 0 0 0 0 0 0 0 0 0 0 0 0.0144928 0 0 0.0144928 0.0144928 0.0144928 0.0724638 0.0869565 0.101449 0.188406 0.246377 0.144928 0.101449 0 0 0 0 0 0 

2240 2221 1602 91 0 0.720396 0 0 0 0 0 0 0 0 0 0 0 0 0 0 0 0 0 0.0144928 0.0144928 0 0.0289855 0.115942 0.217391 0.15942 0.231884 0.15942 0.057971 0 0 0 0 0 0 

2208 2200 1602 98 0 0.727273 0 0 0 0 0 0 0 0 0 0 0 0 0 0 0 0 0 0 0.0147059 0 0.0735294 0.0588235 0.102941 0.308824 0.235294 0.147059 0.0441176 0.0147059 0 0 0 0 0 

2240 2215 1602 91 0 0.722348 0 0 0 0 0 0 0 0 0 0 0 0 0 0 0 0 0 0 0 0.0724638 0.0434783 0.0869565 0.115942 0.231884 0.231884 0.0869565 0.101449 0.0289855 0 0 0 0 0 

2208 2194 1602 90 0 0.729262 0 0 0 0 0 0 0 0 0 0 0 0 0 0 0 0 0 0 0 0 0.0735294 0.0588235 0.176471 0.191176 0.264706 0.176471 0.0441176 0.0147059 0 0 0 0 0 

2240 2215 1602 85 0 0.722348 0 0 0 0 0 0 0 0 0 0 0 0 0 0 0 0 0 0 0 0.0144928 0.0869565 0.0724638 0.130435 0.304348 0.15942 0.144928 0.0869565 0 0 0 0 0 0 

2240 2220 1602 96 0 0.720721 0 0 0 0 0 0 0 0 0 0 0 0 0 0 0 0 0 0.0144928 0 0 0.0869565 0.057971 0.188406 0.231884 0.26087 0.057971 0.0869565 0.0144928 0 0 0 0 0 

2240 2213 1602 92 0 0.723 0 0 0 0 0 0 0 0 0 0 0 0 0 0 0 0 0 0 0 0.0144928 0.0434783 0.101449 0.173913 0.188406 0.289855 0.144928 0.0434783 0 0 0 0 0 0 

