2272 2252 1602 98 0 0.71048 0 0 0 0 0 0 0 0 0 0 0 0 0 0 0 0 0 0 0 0.0571429 0.0714286 0.0714286 0.214286 0.257143 0.2 0.1 0.0142857 0 0.0142857 0 0 0 0 

2208 2202 1602 98 0 0.726612 0 0 0 0 0 0 0 0 0 0 0 0 0 0 0 0 0 0 0.0147059 0 0.0588235 0.0735294 0.191176 0.264706 0.161765 0.132353 0.0735294 0.0294118 0 0 0 0 0 

2240 2213 1602 94 0 0.723 0 0 0 0 0 0 0 0 0 0 0 0 0 0 0 0 0 0 0 0.0289855 0.0434783 0.144928 0.130435 0.202899 0.173913 0.202899 0.057971 0.0144928 0 0 0 0 0 

2176 2169 1602 96 0 0.737667 0 0 0 0 0 0 0 0 0 0 0 0 0 0 0 0 0 0 0 0.0149254 0.0149254 0.0746269 0.134328 0.238806 0.283582 0.104478 0.104478 0.0298507 0 0 0 0 0 

2208 2199 1600 94 0 0.727603 0 0 0 0 0 0 0 0 0 0 0 0 0 0 0 0 0 0 0 0.0294118 0 0.161765 0.205882 0.176471 0.147059 0.147059 0.102941 0.0294118 0 0 0 0 0 

2144 2136 1602 87 0 0.749064 0 0 0 0 0 0 0 0 0 0 0 0 0 0 0 0 0 0 0 0 0 0.0606061 0.151515 0.151515 0.257576 0.227273 0.136364 0.0151515 0 0 0 0 0 

2272 2247 1603 98 0 0.712061 0 0 0 0 0 0 0 0 0 0 0 0 0 0 0 0 0 0 0.0285714 0.0285714 0.0571429 0.0571429 0.228571 0.2 0.285714 0.0714286 0.0285714 0.0142857 0 0 0 0 0 

2208 2196 1602 96 0 0.728597 0 0 0 0 0 0 0 0 0 0 0 0 0 0 0 0 0 0 0 0.0147059 0.0441176 0.0882353 0.220588 0.147059 0.220588 0.176471 0.0735294 0.0147059 0 0 0 0 0 

2240 2227 1602 97 0 0.718455 0 0 0 0 0 0 0 0 0 0 0 0 0 0 0 0 0 0 0.0144928 0 0.0434783 0.115942 0.173913 0.275362 0.246377 0.101449 0.0144928 0.0144928 0 0 0 0 0 

2208 2202 1601 92 0 0.726612 0 0 0 0 0 0 0 0 0 0 0 0 0 0 0 0 0 0 0 0.0294118 0.0588235 0.102941 0.161765 0.235294 0.176471 0.0735294 0.147059 0 0.0147059 0 0 0 0 

