2208 2197 1602 93 0 0.728266 0 0 0 0 0 0 0 0 0 0 0 0 0 0 0 0 0 0 0 0.0147059 0.0294118 0.0882353 0.205882 0.205882 0.205882 0.191176 0.0441176 0.0147059 0 0 0 0 0 

2240 2215 1602 97 0 0.722348 0 0 0 0 0 0 0 0 0 0 0 0 0 0 0 0 0 0 0.0144928 0 0.101449 0.0434783 0.202899 0.188406 0.202899 0.15942 0.0869565 0 0 0 0 0 0 

2208 2189 1602 96 0 0.730927 0 0 0 0 0 0 0 0 0 0 0 0 0 0 0 0 0 0 0.0294118 0 0 0.102941 0.161765 0.191176 0.264706 0.147059 0.0882353 0.0147059 0 0 0 0 0 

2208 2201 1603 99 0 0.726942 0 0 0 0 0 0 0 0 0 0 0 0 0 0 0 0 0 0 0 0.0147059 0.0588235 0.0294118 0.235294 0.235294 0.235294 0.102941 0.0588235 0.0294118 0 0 0 0 0 

2240 2213 1602 94 0 0.723 0 0 0 0 0 0 0 0 0 0 0 0 0 0 0 0 0 0.0144928 0 0.0144928 0.0434783 0.0724638 0.188406 0.173913 0.275362 0.173913 0.0434783 0 0 0 0 0 0 

2240 2216 1602 97 0 0.722022 0 0 0 0 0 0 0 0 0 0 0 0 0 0 0 0 0 0 0.0144928 0.0144928 0.0434783 0.0869565 0.217391 0.231884 0.130435 0.173913 0.0724638 0.0144928 0 0 0 0 0 

2208 2199 1602 87 0 0.727603 0 0 0 0 0 0 0 0 0 0 0 0 0 0 0 0 0 0 0 0 0.0294118 0.147059 0.176471 0.220588 0.220588 0.0882353 0.102941 0 0.0147059 0 0 0 0 

2208 2187 1603 105 0 0.731596 0 0 0 0 0 0 0 0 0 0 0 0 0 0 0 0 0 0 0 0.0147059 0.117647 0.0588235 0.0588235 0.161765 0.323529 0.147059 0.0882353 0.0294118 0 0 0 0 0 

2176 2164 1602 96 0 0.739372 0 0 0 0 0 0 0 0 0 0 0 0 0 0 0 0 0 0 0.0149254 0 0.0149254 0.0597015 0.164179 0.179104 0.268657 0.179104 0.0895522 0.0298507 0 0 0 0 0 

2240 2234 1600 90 0 0.716204 0 0 0 0 0 0 0 0 0 0 0 0 0 0 0 0 0 0 0.0724638 0.0144928 0.0434783 0.115942 0.115942 0.15942 0.289855 0.115942 0.0724638 0 0 0 0 0 0 

