2240 2214 1602 95 0 0.722674 0 0 0 0 0 0 0 0 0 0 0 0 0 0 0 0 0 0 0 0.0144928 0.0869565 0.0869565 0.130435 0.304348 0.144928 0.101449 0.115942 0.0144928 0 0 0 0 0 

2208 2185 1603 104 0 0.732265 0 0 0 0 0 0 0 0 0 0 0 0 0 0 0 0 0 0 0 0 0.0735294 0.0441176 0.161765 0.264706 0.161765 0.161765 0.102941 0.0294118 0 0 0 0 0 

2208 2198 1602 90 0 0.727934 0 0 0 0 0 0 0 0 0 0 0 0 0 0 0 0 0 0.0147059 0 0.0294118 0 0.0735294 0.176471 0.235294 0.264706 0.117647 0.0882353 0 0 0 0 0 0 

2176 2158 1602 92 0 0.741427 0 0 0 0 0 0 0 0 0 0 0 0 0 0 0 0 0 0 0 0.0149254 0.0149254 0.0597015 0.208955 0.134328 0.238806 0.179104 0.0746269 0.0597015 0.0149254 0 0 0 0 

2240 2222 1603 105 0 0.720072 0 0 0 0 0 0 0 0 0 0 0 0 0 0 0 0 0 0 0 0.0144928 0.0434783 0.101449 0.173913 0.289855 0.202899 0.130435 0.0434783 0 0 0 0 0 0 

2208 2197 1602 91 0 0.728266 0 0 0 0 0 0 0 0 0 0 0 0 0 0 0 0 0 0 0.0147059 0.0147059 0.0294118 0.0588235 0.235294 0.161765 0.25 0.147059 0.0735294 0.0147059 0 0 0 0 0 

2240 2211 1602 86 0 0.723654 0 0 0 0 0 0 0 0 0 0 0 0 0 0 0 0 0 0 0 0.0144928 0.0289855 0.101449 0.144928 0.246377 0.275362 0.173913 0.0144928 0 0 0 0 0 0 

2240 2211 1602 86 0 0.723654 0 0 0 0 0 0 0 0 0 0 0 0 0 0 0 0 0 0 0 0 0.057971 0.115942 0.188406 0.202899 0.173913 0.188406 0.0724638 0 0 0 0 0 0 

2208 2187 1602 97 0 0.731596 0 0 0 0 0 0 0 0 0 0 0 0 0 0 0 0 0 0 0 0.0735294 0.0294118 0.0294118 0.102941 0.235294 0.235294 0.191176 0.0882353 0.0147059 0 0 0 0 0 

2208 2198 1602 96 0 0.727934 0 0 0 0 0 0 0 0 0 0 0 0 0 0 0 0 0 0 0 0.0294118 0.0147059 0.0882353 0.147059 0.235294 0.308824 0.117647 0.0588235 0 0 0 0 0 0 

