2208 2195 1602 98 0 0.728929 0 0 0 0 0 0 0 0 0 0 0 0 0 0 0 0 0 0 0 0 0.0882353 0.0882353 0.132353 0.279412 0.0882353 0.235294 0.0588235 0.0294118 0 0 0 0 0 

2240 2214 1602 96 0 0.722674 0 0 0 0 0 0 0 0 0 0 0 0 0 0 0 0 0.0144928 0 0.0144928 0.0144928 0.0434783 0.115942 0.101449 0.15942 0.318841 0.15942 0.0434783 0.0144928 0 0 0 0 0 

2208 2186 1602 96 0 0.73193 0 0 0 0 0 0 0 0 0 0 0 0 0 0 0 0 0 0 0 0 0.0441176 0.0882353 0.191176 0.147059 0.25 0.191176 0.0735294 0.0147059 0 0 0 0 0 

2208 2204 1600 106 0 0.725953 0 0 0 0 0 0 0 0 0 0 0 0 0 0 0 0 0 0 0 0.0294118 0.0588235 0.0588235 0.220588 0.25 0.147059 0.102941 0.102941 0.0147059 0.0147059 0 0 0 0 

2208 2199 1602 96 0 0.727603 0 0 0 0 0 0 0 0 0 0 0 0 0 0 0 0 0 0 0 0 0.0147059 0.102941 0.191176 0.294118 0.176471 0.191176 0.0147059 0.0147059 0 0 0 0 0 

2208 2180 1602 83 0 0.733945 0 0 0 0 0 0 0 0 0 0 0 0 0 0 0 0 0 0 0.0147059 0 0.0441176 0.0588235 0.220588 0.117647 0.279412 0.102941 0.102941 0.0441176 0.0147059 0 0 0 0 

2208 2198 1602 96 0 0.727934 0 0 0 0 0 0 0 0 0 0 0 0 0 0 0 0 0 0 0.0147059 0.0147059 0.0588235 0.0735294 0.205882 0.176471 0.176471 0.161765 0.0735294 0.0441176 0 0 0 0 0 

2240 2215 1602 96 0 0.722348 0 0 0 0 0 0 0 0 0 0 0 0 0 0 0 0 0 0 0.0289855 0 0.0289855 0.0724638 0.15942 0.333333 0.173913 0.144928 0.0434783 0.0144928 0 0 0 0 0 

2208 2194 1602 89 0 0.729262 0 0 0 0 0 0 0 0 0 0 0 0 0 0 0 0 0 0 0 0.0294118 0.0441176 0.0735294 0.147059 0.264706 0.161765 0.176471 0.0882353 0.0147059 0 0 0 0 0 

2240 2215 1602 93 0 0.722348 0 0 0 0 0 0 0 0 0 0 0 0 0 0 0 0 0.0144928 0 0 0.0289855 0.0434783 0.0869565 0.15942 0.275362 0.130435 0.144928 0.0869565 0.0289855 0 0 0 0 0 

