2208 2197 1602 93 0 0.728266 0 0 0 0 0 0 0 0 0 0 0 0 0 0 0 0 0 0 0.0294118 0.0147059 0.0441176 0.102941 0.102941 0.117647 0.367647 0.147059 0.0588235 0.0147059 0 0 0 0 0 

2208 2197 1602 91 0 0.728266 0 0 0 0 0 0 0 0 0 0 0 0 0 0 0 0 0 0 0.0147059 0.0147059 0.0735294 0.0441176 0.147059 0.220588 0.25 0.132353 0.0882353 0.0147059 0 0 0 0 0 

2240 2233 1602 94 0 0.716525 0 0 0 0 0 0 0 0 0 0 0 0 0 0 0 0 0 0 0.0144928 0.0434783 0.057971 0.0869565 0.115942 0.26087 0.289855 0.115942 0.0144928 0 0 0 0 0 0 

2208 2189 1602 97 0 0.730927 0 0 0 0 0 0 0 0 0 0 0 0 0 0 0 0 0 0 0.0294118 0 0.0735294 0.0588235 0.117647 0.25 0.147059 0.176471 0.117647 0.0294118 0 0 0 0 0 

2208 2195 1602 94 0 0.728929 0 0 0 0 0 0 0 0 0 0 0 0 0 0 0 0 0 0 0.0147059 0.0588235 0 0.117647 0.102941 0.205882 0.25 0.102941 0.117647 0.0294118 0 0 0 0 0 

2208 2195 1602 92 0 0.728929 0 0 0 0 0 0 0 0 0 0 0 0 0 0 0 0 0 0 0.0147059 0.0147059 0.0147059 0.0882353 0.161765 0.279412 0.191176 0.161765 0.0294118 0.0294118 0.0147059 0 0 0 0 

2208 2189 1602 94 0 0.730927 0 0 0 0 0 0 0 0 0 0 0 0 0 0 0 0 0 0 0 0.0147059 0.0294118 0.0735294 0.205882 0.191176 0.205882 0.176471 0.102941 0 0 0 0 0 0 

2208 2193 1602 83 0 0.729594 0 0 0 0 0 0 0 0 0 0 0 0 0 0 0 0 0 0 0 0.0147059 0.0294118 0.0735294 0.191176 0.235294 0.25 0.0882353 0.102941 0.0147059 0 0 0 0 0 

2208 2192 1602 90 0 0.729927 0 0 0 0 0 0 0 0 0 0 0 0 0 0 0 0 0 0 0 0.0441176 0 0.0882353 0.132353 0.279412 0.191176 0.191176 0.0588235 0.0147059 0 0 0 0 0 

2208 2191 1602 90 0 0.73026 0 0 0 0 0 0 0 0 0 0 0 0 0 0 0 0 0 0 0 0.0294118 0.0441176 0.0588235 0.147059 0.235294 0.205882 0.191176 0.0882353 0 0 0 0 0 0 

