2208 2201 1600 92 0 0.726942 0 0 0 0 0 0 0 0 0 0 0 0 0 0 0 0 0 0 0 0.0294118 0.0294118 0.102941 0.147059 0.25 0.205882 0.161765 0.0735294 0 0 0 0 0 0 

2208 2195 1602 88 0 0.728929 0 0 0 0 0 0 0 0 0 0 0 0 0 0 0 0 0 0 0 0.0294118 0.0147059 0.0735294 0.235294 0.205882 0.147059 0.205882 0.0882353 0 0 0 0 0 0 

2208 2190 1602 94 0 0.730594 0 0 0 0 0 0 0 0 0 0 0 0 0 0 0 0 0 0 0 0.0147059 0.0441176 0.0735294 0.147059 0.25 0.191176 0.191176 0.0882353 0 0 0 0 0 0 

2240 2216 1602 93 0 0.722022 0 0 0 0 0 0 0 0 0 0 0 0 0 0 0 0 0 0 0 0.0289855 0.0724638 0.101449 0.101449 0.217391 0.275362 0.144928 0.057971 0 0 0 0 0 0 

2176 2162 1602 90 0 0.740056 0 0 0 0 0 0 0 0 0 0 0 0 0 0 0 0 0 0 0 0.0298507 0 0.0746269 0.149254 0.149254 0.268657 0.238806 0.0447761 0.0447761 0 0 0 0 0 

2208 2194 1602 91 0 0.729262 0 0 0 0 0 0 0 0 0 0 0 0 0 0 0 0 0 0 0.0147059 0.0147059 0.0294118 0.0735294 0.220588 0.176471 0.205882 0.147059 0.0882353 0.0294118 0 0 0 0 0 

2240 2229 1602 97 0 0.717811 0 0 0 0 0 0 0 0 0 0 0 0 0 0 0 0 0 0 0 0.0144928 0.115942 0.0869565 0.0724638 0.304348 0.289855 0.0724638 0.0434783 0 0 0 0 0 0 

2208 2189 1602 90 0 0.730927 0 0 0 0 0 0 0 0 0 0 0 0 0 0 0 0 0 0 0 0 0.0294118 0.0588235 0.205882 0.235294 0.25 0.147059 0.0588235 0.0147059 0 0 0 0 0 

2208 2184 1603 99 0 0.732601 0 0 0 0 0 0 0 0 0 0 0 0 0 0 0 0 0 0 0 0 0.0147059 0.0882353 0.147059 0.264706 0.279412 0.102941 0.0735294 0.0294118 0 0 0 0 0 

2208 2193 1602 93 0 0.729594 0 0 0 0 0 0 0 0 0 0 0 0 0 0 0 0 0 0 0 0.0147059 0.0294118 0.132353 0.191176 0.176471 0.132353 0.205882 0.102941 0.0147059 0 0 0 0 0 

