2208 2184 1602 96 0 0.732601 0 0 0 0 0 0 0 0 0 0 0 0 0 0 0 0 0 0 0 0.0294118 0.0441176 0.0882353 0.147059 0.191176 0.161765 0.205882 0.0882353 0.0441176 0 0 0 0 0 

2240 2215 1602 98 0 0.722348 0 0 0 0 0 0 0 0 0 0 0 0 0 0 0 0 0.0144928 0 0 0.0289855 0.0144928 0.15942 0.144928 0.144928 0.26087 0.144928 0.0724638 0 0.0144928 0 0 0 0 

2208 2189 1602 91 0 0.730927 0 0 0 0 0 0 0 0 0 0 0 0 0 0 0 0 0 0 0 0.0147059 0.0735294 0.0441176 0.220588 0.102941 0.264706 0.176471 0.0735294 0.0294118 0 0 0 0 0 

2176 2169 1601 96 0 0.737667 0 0 0 0 0 0 0 0 0 0 0 0 0 0 0 0 0 0 0 0 0.0149254 0.0597015 0.179104 0.223881 0.223881 0.253731 0.0298507 0.0149254 0 0 0 0 0 

2208 2196 1602 96 0 0.728597 0 0 0 0 0 0 0 0 0 0 0 0 0 0 0 0 0 0 0 0.0294118 0.0147059 0.0441176 0.205882 0.264706 0.25 0.147059 0.0147059 0.0147059 0.0147059 0 0 0 0 

2176 2167 1601 93 0 0.738348 0 0 0 0 0 0 0 0 0 0 0 0 0 0 0 0 0 0 0 0 0.0298507 0.0746269 0.149254 0.19403 0.298507 0.164179 0.0298507 0.0597015 0 0 0 0 0 

2208 2201 1601 89 0 0.726942 0 0 0 0 0 0 0 0 0 0 0 0 0 0 0 0 0 0 0 0 0.0147059 0.147059 0.147059 0.352941 0.161765 0.0588235 0.102941 0 0 0.0147059 0 0 0 

2240 2228 1602 93 0 0.718133 0 0 0 0 0 0 0 0 0 0 0 0 0 0 0 0 0 0 0.0144928 0 0.101449 0.057971 0.217391 0.173913 0.26087 0.144928 0.0289855 0 0 0 0 0 0 

2208 2193 1602 92 0 0.729594 0 0 0 0 0 0 0 0 0 0 0 0 0 0 0 0 0 0 0 0 0.0588235 0.0588235 0.161765 0.279412 0.205882 0.147059 0.0882353 0 0 0 0 0 0 

2176 2166 1602 91 0 0.738689 0 0 0 0 0 0 0 0 0 0 0 0 0 0 0 0 0 0 0 0 0.0298507 0.104478 0.0746269 0.223881 0.328358 0.104478 0.119403 0.0149254 0 0 0 0 0 

