2240 2223 1603 102 0 0.719748 0 0 0 0 0 0 0 0 0 0 0 0 0 0 0 0 0 0 0.0144928 0.0289855 0.0289855 0.15942 0.115942 0.173913 0.26087 0.188406 0.0289855 0 0 0 0 0 0 

2208 2190 1602 94 0 0.730594 0 0 0 0 0 0 0 0 0 0 0 0 0 0 0 0 0 0 0 0.0147059 0.0294118 0.0588235 0.117647 0.411765 0.161765 0.0735294 0.102941 0.0294118 0 0 0 0 0 

2240 2222 1602 92 0 0.720072 0 0 0 0 0 0 0 0 0 0 0 0 0 0 0 0 0 0 0 0.0144928 0.0434783 0.0869565 0.217391 0.275362 0.217391 0.057971 0.0869565 0 0 0 0 0 0 

2240 2235 1601 92 0 0.715884 0 0 0 0 0 0 0 0 0 0 0 0 0 0 0 0 0 0 0.0289855 0.0434783 0.057971 0.101449 0.144928 0.275362 0.130435 0.115942 0.101449 0 0 0 0 0 0 

2208 2199 1602 91 0 0.727603 0 0 0 0 0 0 0 0 0 0 0 0 0 0 0 0 0 0 0.0147059 0.0147059 0.0147059 0.117647 0.176471 0.161765 0.279412 0.147059 0.0588235 0.0147059 0 0 0 0 0 

2240 2213 1602 88 0 0.723 0 0 0 0 0 0 0 0 0 0 0 0 0 0 0 0.0144928 0 0 0.0144928 0 0.0144928 0.101449 0.173913 0.304348 0.130435 0.144928 0.0724638 0.0289855 0 0 0 0 0 

2208 2194 1602 98 0 0.729262 0 0 0 0 0 0 0 0 0 0 0 0 0 0 0 0 0 0 0.0147059 0 0.0147059 0.132353 0.117647 0.205882 0.279412 0.191176 0.0441176 0 0 0 0 0 0 

2240 2230 1602 94 0 0.717489 0 0 0 0 0 0 0 0 0 0 0 0 0 0 0 0 0 0 0.0144928 0.0434783 0.0434783 0.0869565 0.188406 0.289855 0.15942 0.0869565 0.0434783 0.0434783 0 0 0 0 0 

2208 2199 1602 87 0 0.727603 0 0 0 0 0 0 0 0 0 0 0 0 0 0 0 0 0 0.0147059 0 0.0147059 0.0294118 0.0735294 0.147059 0.25 0.294118 0.0882353 0.0735294 0.0147059 0 0 0 0 0 

2208 2185 1602 88 0 0.732265 0 0 0 0 0 0 0 0 0 0 0 0 0 0 0 0 0 0 0 0.0147059 0 0.0882353 0.264706 0.147059 0.117647 0.294118 0.0735294 0 0 0 0 0 0 

