2208 2184 1603 100 0 0.732601 0 0 0 0 0 0 0 0 0 0 0 0 0 0 0 0 0 0 0.0147059 0.0147059 0.0588235 0.0147059 0.132353 0.220588 0.279412 0.161765 0.0882353 0.0147059 0 0 0 0 0 

2240 2216 1602 90 0 0.722022 0 0 0 0 0 0 0 0 0 0 0 0 0 0 0 0 0 0 0.0144928 0.0289855 0.0289855 0.130435 0.144928 0.202899 0.217391 0.15942 0.0434783 0.0289855 0 0 0 0 0 

2208 2194 1602 86 0 0.729262 0 0 0 0 0 0 0 0 0 0 0 0 0 0 0 0 0 0.0147059 0.0147059 0 0.0294118 0.102941 0.161765 0.191176 0.191176 0.191176 0.0735294 0.0294118 0 0 0 0 0 

2208 2191 1602 87 0 0.73026 0 0 0 0 0 0 0 0 0 0 0 0 0 0 0 0 0 0 0.0147059 0.0147059 0 0.117647 0.161765 0.191176 0.279412 0.117647 0.0735294 0.0147059 0.0147059 0 0 0 0 

2208 2179 1602 88 0 0.734282 0 0 0 0 0 0 0 0 0 0 0 0 0 0 0 0 0 0 0 0 0.0441176 0.0588235 0.0882353 0.323529 0.220588 0.176471 0.0735294 0.0147059 0 0 0 0 0 

2208 2197 1602 88 0 0.728266 0 0 0 0 0 0 0 0 0 0 0 0 0 0 0 0 0.0147059 0 0 0 0.0294118 0.117647 0.132353 0.25 0.205882 0.147059 0.102941 0 0 0 0 0 0 

2208 2197 1602 97 0 0.728266 0 0 0 0 0 0 0 0 0 0 0 0 0 0 0 0 0 0 0 0.0147059 0.0441176 0.0882353 0.176471 0.205882 0.25 0.117647 0.102941 0 0 0 0 0 0 

2240 2223 1603 99 0 0.719748 0 0 0 0 0 0 0 0 0 0 0 0 0 0 0 0 0 0 0.0144928 0.0289855 0.0434783 0.057971 0.217391 0.231884 0.217391 0.115942 0.0724638 0 0 0 0 0 0 

2208 2203 1601 89 0 0.726282 0 0 0 0 0 0 0 0 0 0 0 0 0 0 0 0 0 0 0 0.0441176 0.0441176 0.0735294 0.147059 0.264706 0.176471 0.161765 0.0882353 0 0 0 0 0 0 

2208 2191 1602 97 0 0.73026 0 0 0 0 0 0 0 0 0 0 0 0 0 0 0 0 0 0 0 0.0294118 0.0441176 0.102941 0.102941 0.205882 0.235294 0.191176 0.0735294 0.0147059 0 0 0 0 0 

