2240 2232 1602 96 0 0.716846 0 0 0 0 0 0 0 0 0 0 0 0 0 0 0 0 0 0.0144928 0.0144928 0.0144928 0.0289855 0.0869565 0.217391 0.275362 0.188406 0.101449 0.057971 0 0 0 0 0 0 

2208 2200 1601 95 0 0.727273 0 0 0 0 0 0 0 0 0 0 0 0 0 0 0 0 0 0.0147059 0.0147059 0 0.0441176 0.0588235 0.176471 0.25 0.191176 0.191176 0.0294118 0.0147059 0.0147059 0 0 0 0 

2240 2216 1603 102 0 0.722022 0 0 0 0 0 0 0 0 0 0 0 0 0 0 0 0 0 0 0.0289855 0 0.057971 0.101449 0.15942 0.144928 0.275362 0.173913 0.057971 0 0 0 0 0 0 

2208 2179 1602 94 0 0.734282 0 0 0 0 0 0 0 0 0 0 0 0 0 0 0 0 0 0 0.0147059 0.0147059 0.0441176 0.0588235 0.102941 0.25 0.132353 0.308824 0.0441176 0.0294118 0 0 0 0 0 

2208 2194 1603 102 0 0.729262 0 0 0 0 0 0 0 0 0 0 0 0 0 0 0 0 0 0 0 0 0.0294118 0.147059 0.117647 0.25 0.235294 0.132353 0.0588235 0.0147059 0.0147059 0 0 0 0 

2240 2219 1603 101 0 0.721045 0 0 0 0 0 0 0 0 0 0 0 0 0 0 0 0 0 0 0 0.0144928 0.0289855 0.15942 0.115942 0.289855 0.246377 0.0869565 0.0144928 0.0289855 0.0144928 0 0 0 0 

2240 2212 1602 88 0 0.723327 0 0 0 0 0 0 0 0 0 0 0 0 0 0 0 0 0 0 0 0 0.0434783 0.144928 0.144928 0.217391 0.246377 0.130435 0.0724638 0 0 0 0 0 0 

2240 2213 1602 97 0 0.723 0 0 0 0 0 0 0 0 0 0 0 0 0 0 0 0 0 0 0.0144928 0.0434783 0.0289855 0.057971 0.173913 0.202899 0.231884 0.202899 0.0434783 0 0 0 0 0 0 

2208 2191 1602 94 0 0.73026 0 0 0 0 0 0 0 0 0 0 0 0 0 0 0 0 0 0 0.0147059 0 0 0.132353 0.117647 0.279412 0.25 0.117647 0.0441176 0.0441176 0 0 0 0 0 

2240 2222 1603 100 0 0.720072 0 0 0 0 0 0 0 0 0 0 0 0 0 0 0 0 0 0 0.0144928 0.0144928 0.0289855 0.115942 0.246377 0.15942 0.188406 0.15942 0.0724638 0 0 0 0 0 0 

