2208 2201 1601 94 0 0.726942 0 0 0 0 0 0 0 0 0 0 0 0 0 0 0 0 0 0 0 0.0294118 0.0147059 0.102941 0.147059 0.235294 0.279412 0.147059 0.0441176 0 0 0 0 0 0 

2208 2183 1602 97 0 0.732936 0 0 0 0 0 0 0 0 0 0 0 0 0 0 0 0 0 0 0 0.0147059 0.0441176 0.117647 0.161765 0.191176 0.0588235 0.25 0.161765 0 0 0 0 0 0 

2240 2211 1602 95 0 0.723654 0 0 0 0 0 0 0 0 0 0 0 0 0 0 0 0 0 0 0.0144928 0.0434783 0.0434783 0.0724638 0.15942 0.202899 0.217391 0.115942 0.115942 0.0144928 0 0 0 0 0 

2208 2200 1602 93 0 0.727273 0 0 0 0 0 0 0 0 0 0 0 0 0 0 0 0 0 0 0 0.0294118 0.0147059 0.0882353 0.176471 0.279412 0.161765 0.205882 0.0294118 0.0147059 0 0 0 0 0 

2176 2164 1602 90 0 0.739372 0 0 0 0 0 0 0 0 0 0 0 0 0 0 0 0 0 0 0.0149254 0.0149254 0.0447761 0.0298507 0.149254 0.149254 0.238806 0.238806 0.104478 0.0149254 0 0 0 0 0 

2240 2226 1602 96 0 0.718778 0 0 0 0 0 0 0 0 0 0 0 0 0 0 0 0 0 0 0 0.0144928 0.0724638 0.0724638 0.289855 0.188406 0.173913 0.101449 0.057971 0.0289855 0 0 0 0 0 

2240 2226 1603 104 0 0.718778 0 0 0 0 0 0 0 0 0 0 0 0 0 0 0 0 0 0 0 0.0289855 0.101449 0.0724638 0.202899 0.188406 0.173913 0.144928 0.0724638 0.0144928 0 0 0 0 0 

2240 2217 1602 98 0 0.721696 0 0 0 0 0 0 0 0 0 0 0 0 0 0 0 0 0 0 0 0.0144928 0.057971 0.0869565 0.202899 0.202899 0.26087 0.0869565 0.0869565 0 0 0 0 0 0 

2240 2227 1602 91 0 0.718455 0 0 0 0 0 0 0 0 0 0 0 0 0 0 0 0 0 0.0144928 0 0 0.0289855 0.217391 0.202899 0.130435 0.188406 0.130435 0.057971 0.0144928 0.0144928 0 0 0 0 

2240 2226 1602 91 0 0.718778 0 0 0 0 0 0 0 0 0 0 0 0 0 0 0 0 0 0 0.0144928 0 0.0724638 0.130435 0.15942 0.217391 0.217391 0.130435 0.0434783 0.0144928 0 0 0 0 0 

