2208 2193 1603 101 0 0.729594 0 0 0 0 0 0 0 0 0 0 0 0 0 0 0 0 0 0 0 0 0 0.102941 0.161765 0.308824 0.235294 0.147059 0.0147059 0.0294118 0 0 0 0 0 

2240 2219 1602 97 0 0.721045 0 0 0 0 0 0 0 0 0 0 0 0 0 0 0 0 0 0 0 0 0.0289855 0.130435 0.246377 0.144928 0.304348 0.115942 0 0.0289855 0 0 0 0 0 

2208 2197 1602 90 0 0.728266 0 0 0 0 0 0 0 0 0 0 0 0 0 0 0 0 0 0 0 0.0441176 0.0294118 0.0735294 0.161765 0.161765 0.323529 0.132353 0.0588235 0.0147059 0 0 0 0 0 

2208 2186 1602 93 0 0.73193 0 0 0 0 0 0 0 0 0 0 0 0 0 0 0 0 0 0 0.0147059 0 0.0441176 0.0588235 0.220588 0.176471 0.161765 0.205882 0.0882353 0.0294118 0 0 0 0 0 

2208 2191 1602 98 0 0.73026 0 0 0 0 0 0 0 0 0 0 0 0 0 0 0 0 0 0 0.0147059 0 0.0294118 0.117647 0.191176 0.147059 0.25 0.117647 0.0882353 0.0441176 0 0 0 0 0 

2176 2164 1602 90 0 0.739372 0 0 0 0 0 0 0 0 0 0 0 0 0 0 0 0 0 0 0 0 0 0.134328 0.0895522 0.253731 0.238806 0.134328 0.134328 0.0149254 0 0 0 0 0 

2208 2188 1602 94 0 0.731261 0 0 0 0 0 0 0 0 0 0 0 0 0 0 0 0 0.0147059 0 0 0.0147059 0.0441176 0.0735294 0.176471 0.132353 0.220588 0.220588 0.0735294 0.0294118 0 0 0 0 0 

2208 2181 1602 98 0 0.733608 0 0 0 0 0 0 0 0 0 0 0 0 0 0 0 0 0 0 0 0 0.0441176 0.0735294 0.147059 0.220588 0.279412 0.102941 0.102941 0.0294118 0 0 0 0 0 

2240 2212 1602 98 0 0.723327 0 0 0 0 0 0 0 0 0 0 0 0 0 0 0 0 0 0 0.0289855 0.0144928 0.057971 0.101449 0.130435 0.173913 0.231884 0.144928 0.115942 0 0 0 0 0 0 

2208 2201 1601 98 0 0.726942 0 0 0 0 0 0 0 0 0 0 0 0 0 0 0 0 0 0 0.0147059 0.0147059 0.0882353 0.0294118 0.176471 0.205882 0.235294 0.132353 0.0882353 0.0147059 0 0 0 0 0 

