2240 2220 1602 92 0 0.720721 0 0 0 0 0 0 0 0 0 0 0 0 0 0 0 0 0 0 0.0144928 0 0.0724638 0.115942 0.130435 0.231884 0.231884 0.15942 0.0289855 0.0144928 0 0 0 0 0 

2240 2225 1602 98 0 0.719101 0 0 0 0 0 0 0 0 0 0 0 0 0 0 0 0 0 0 0.0434783 0 0.057971 0.130435 0.101449 0.202899 0.304348 0.0724638 0.0724638 0.0144928 0 0 0 0 0 

2240 2219 1602 95 0 0.721045 0 0 0 0 0 0 0 0 0 0 0 0 0 0 0 0 0 0 0.0144928 0.0289855 0.057971 0.0869565 0.188406 0.188406 0.15942 0.202899 0.0724638 0 0 0 0 0 0 

2240 2227 1603 100 0 0.718455 0 0 0 0 0 0 0 0 0 0 0 0 0 0 0 0 0 0 0.0144928 0.0144928 0.0289855 0.130435 0.173913 0.275362 0.15942 0.173913 0.0144928 0.0144928 0 0 0 0 0 

2208 2188 1602 92 0 0.731261 0 0 0 0 0 0 0 0 0 0 0 0 0 0 0 0 0 0 0 0.0294118 0.0441176 0.0735294 0.0882353 0.264706 0.205882 0.220588 0.0735294 0 0 0 0 0 0 

2208 2198 1602 98 0 0.727934 0 0 0 0 0 0 0 0 0 0 0 0 0 0 0 0 0 0.0147059 0 0.0147059 0.0294118 0.0588235 0.176471 0.205882 0.294118 0.161765 0.0294118 0.0147059 0 0 0 0 0 

2208 2188 1602 94 0 0.731261 0 0 0 0 0 0 0 0 0 0 0 0 0 0 0 0 0 0 0.0147059 0.0147059 0.0147059 0.0147059 0.264706 0.220588 0.191176 0.147059 0.102941 0.0147059 0 0 0 0 0 

2240 2224 1603 100 0 0.719424 0 0 0 0 0 0 0 0 0 0 0 0 0 0 0 0 0 0 0 0.0144928 0.0724638 0.130435 0.115942 0.26087 0.217391 0.144928 0.0289855 0.0144928 0 0 0 0 0 

2208 2192 1602 85 0 0.729927 0 0 0 0 0 0 0 0 0 0 0 0 0 0 0 0 0 0 0 0 0.0294118 0.0882353 0.191176 0.279412 0.132353 0.191176 0.0882353 0 0 0 0 0 0 

2176 2170 1602 103 0 0.737327 0 0 0 0 0 0 0 0 0 0 0 0 0 0 0 0 0 0 0 0.0149254 0.0149254 0.0597015 0.149254 0.253731 0.238806 0.149254 0.104478 0.0149254 0 0 0 0 0 

