2240 2221 1602 95 0 0.720396 0 0 0 0 0 0 0 0 0 0 0 0 0 0 0 0 0 0 0 0 0.057971 0.101449 0.202899 0.246377 0.202899 0.15942 0.0289855 0 0 0 0 0 0 

2176 2168 1601 89 0 0.738007 0 0 0 0 0 0 0 0 0 0 0 0 0 0 0 0 0 0 0 0.0149254 0.0447761 0.0895522 0.0746269 0.223881 0.238806 0.19403 0.104478 0.0149254 0 0 0 0 0 

2240 2215 1602 92 0 0.722348 0 0 0 0 0 0 0 0 0 0 0 0 0 0 0 0 0 0 0.0144928 0.0144928 0.057971 0.0724638 0.15942 0.188406 0.304348 0.144928 0.0434783 0 0 0 0 0 0 

2272 2244 1602 98 0 0.713012 0 0 0 0 0 0 0 0 0 0 0 0 0 0 0 0 0 0 0 0.0428571 0.0428571 0.1 0.242857 0.228571 0.171429 0.114286 0.0571429 0 0 0 0 0 0 

2176 2162 1601 77 0 0.740056 0 0 0 0 0 0 0 0 0 0 0 0 0 0 0 0 0 0 0 0.0149254 0.0149254 0.0298507 0.238806 0.149254 0.208955 0.238806 0.0746269 0.0298507 0 0 0 0 0 

2240 2212 1602 98 0 0.723327 0 0 0 0 0 0 0 0 0 0 0 0 0 0 0 0 0 0 0.0144928 0.0144928 0.0724638 0.0289855 0.202899 0.217391 0.202899 0.173913 0.0724638 0 0 0 0 0 0 

2240 2221 1602 94 0 0.720396 0 0 0 0 0 0 0 0 0 0 0 0 0 0 0 0 0 0 0 0.0144928 0.115942 0.0869565 0.144928 0.246377 0.144928 0.15942 0.057971 0.0289855 0 0 0 0 0 

2240 2213 1602 93 0 0.723 0 0 0 0 0 0 0 0 0 0 0 0 0 0 0 0 0 0.0144928 0.0144928 0 0.0434783 0.0869565 0.101449 0.289855 0.304348 0.0869565 0.0289855 0.0144928 0 0.0144928 0 0 0 

2240 2211 1602 97 0 0.723654 0 0 0 0 0 0 0 0 0 0 0 0 0 0 0 0 0 0 0 0.0144928 0.0724638 0.0869565 0.15942 0.231884 0.188406 0.15942 0.0724638 0.0144928 0 0 0 0 0 

2176 2160 1602 82 0 0.740741 0 0 0 0 0 0 0 0 0 0 0 0 0 0 0 0 0 0 0 0 0 0.104478 0.119403 0.238806 0.208955 0.208955 0.104478 0.0149254 0 0 0 0 0 

