2208 2185 1602 91 0 0.732265 0 0 0 0 0 0 0 0 0 0 0 0 0 0 0 0 0 0 0.0294118 0.0147059 0.0147059 0.0882353 0.117647 0.191176 0.191176 0.294118 0.0441176 0.0147059 0 0 0 0 0 

2240 2215 1602 86 0 0.722348 0 0 0 0 0 0 0 0 0 0 0 0 0 0 0 0 0 0 0 0.0289855 0.057971 0.057971 0.173913 0.202899 0.289855 0.15942 0.0289855 0 0 0 0 0 0 

2240 2212 1602 85 0 0.723327 0 0 0 0 0 0 0 0 0 0 0 0 0 0 0 0 0 0 0 0.0434783 0.0144928 0.0869565 0.15942 0.231884 0.231884 0.217391 0.0144928 0 0 0 0 0 0 

2240 2226 1603 99 0 0.718778 0 0 0 0 0 0 0 0 0 0 0 0 0 0 0 0 0 0 0 0.0289855 0.0434783 0.115942 0.217391 0.231884 0.115942 0.202899 0.0289855 0.0144928 0 0 0 0 0 

2240 2222 1602 95 0 0.720072 0 0 0 0 0 0 0 0 0 0 0 0 0 0 0 0 0 0 0 0.0289855 0.101449 0.101449 0.130435 0.202899 0.231884 0.0869565 0.101449 0.0144928 0 0 0 0 0 

2208 2190 1603 99 0 0.730594 0 0 0 0 0 0 0 0 0 0 0 0 0 0 0 0 0 0 0 0.0147059 0.0294118 0.0588235 0.220588 0.205882 0.176471 0.205882 0.0882353 0 0 0 0 0 0 

2208 2183 1602 97 0 0.732936 0 0 0 0 0 0 0 0 0 0 0 0 0 0 0 0 0 0 0 0.0441176 0.0147059 0.117647 0.0882353 0.220588 0.220588 0.132353 0.132353 0.0294118 0 0 0 0 0 

2176 2164 1602 92 0 0.739372 0 0 0 0 0 0 0 0 0 0 0 0 0 0 0 0 0 0 0 0.0149254 0.0298507 0.0597015 0.134328 0.164179 0.268657 0.238806 0.0895522 0 0 0 0 0 0 

2240 2212 1602 95 0 0.723327 0 0 0 0 0 0 0 0 0 0 0 0 0 0 0 0 0 0 0.0144928 0.0289855 0.0724638 0.057971 0.202899 0.173913 0.173913 0.173913 0.057971 0.0289855 0.0144928 0 0 0 0 

2208 2194 1602 94 0 0.729262 0 0 0 0 0 0 0 0 0 0 0 0 0 0 0 0 0 0 0 0 0.0441176 0.102941 0.161765 0.220588 0.25 0.132353 0.0735294 0.0147059 0 0 0 0 0 

