2208 2198 1602 95 0 0.727934 0 0 0 0 0 0 0 0 0 0 0 0 0 0 0 0 0 0 0.0294118 0 0.0441176 0.0735294 0.161765 0.161765 0.323529 0.132353 0.0588235 0.0147059 0 0 0 0 0 

2208 2187 1602 92 0 0.731596 0 0 0 0 0 0 0 0 0 0 0 0 0 0 0 0 0 0 0 0.0147059 0.0147059 0.0882353 0.147059 0.279412 0.161765 0.235294 0.0441176 0.0147059 0 0 0 0 0 

2240 2219 1602 94 0 0.721045 0 0 0 0 0 0 0 0 0 0 0 0 0 0 0 0 0 0 0.0144928 0.0724638 0 0.057971 0.217391 0.173913 0.231884 0.188406 0.0289855 0.0144928 0 0 0 0 0 

2208 2203 1600 86 0 0.726282 0 0 0 0 0 0 0 0 0 0 0 0 0 0 0 0 0 0 0 0.0294118 0.0294118 0.0735294 0.220588 0.205882 0.205882 0.176471 0.0588235 0 0 0 0 0 0 

2240 2227 1602 92 0 0.718455 0 0 0 0 0 0 0 0 0 0 0 0 0 0 0 0 0 0 0 0.0289855 0.057971 0.0869565 0.217391 0.217391 0.202899 0.144928 0.0434783 0 0 0 0 0 0 

2176 2164 1602 96 0 0.739372 0 0 0 0 0 0 0 0 0 0 0 0 0 0 0 0 0 0 0 0 0 0.0597015 0.208955 0.253731 0.179104 0.164179 0.104478 0.0298507 0 0 0 0 0 

2272 2244 1603 102 0 0.713012 0 0 0 0 0 0 0 0 0 0 0 0 0 0 0 0.0142857 0 0 0.0142857 0.0428571 0.0571429 0.0714286 0.171429 0.2 0.228571 0.142857 0.0571429 0 0 0 0 0 0 

2240 2218 1603 101 0 0.721371 0 0 0 0 0 0 0 0 0 0 0 0 0 0 0 0 0 0 0 0 0.0289855 0.130435 0.202899 0.231884 0.231884 0.144928 0 0.0289855 0 0 0 0 0 

2208 2179 1602 91 0 0.734282 0 0 0 0 0 0 0 0 0 0 0 0 0 0 0 0 0 0 0 0 0 0.0735294 0.176471 0.264706 0.25 0.117647 0.117647 0 0 0 0 0 0 

2208 2185 1602 90 0 0.732265 0 0 0 0 0 0 0 0 0 0 0 0 0 0 0 0 0 0 0 0 0.0147059 0.132353 0.176471 0.220588 0.176471 0.132353 0.117647 0.0294118 0 0 0 0 0 

