2240 2228 1602 90 0 0.718133 0 0 0 0 0 0 0 0 0 0 0 0 0 0 0 0 0 0 0.0144928 0 0.0289855 0.144928 0.173913 0.231884 0.304348 0.057971 0.0434783 0 0 0 0 0 0 

2240 2218 1603 103 0 0.721371 0 0 0 0 0 0 0 0 0 0 0 0 0 0 0 0 0 0 0 0.0289855 0.057971 0.0724638 0.202899 0.217391 0.217391 0.144928 0.0289855 0.0144928 0.0144928 0 0 0 0 

2208 2193 1602 84 0 0.729594 0 0 0 0 0 0 0 0 0 0 0 0 0 0 0 0 0 0 0 0.0147059 0.0147059 0.0735294 0.235294 0.161765 0.25 0.205882 0.0441176 0 0 0 0 0 0 

2240 2220 1603 101 0 0.720721 0 0 0 0 0 0 0 0 0 0 0 0 0 0 0 0 0 0.0144928 0.0144928 0 0.0289855 0.115942 0.188406 0.202899 0.231884 0.130435 0.057971 0.0144928 0 0 0 0 0 

2240 2222 1602 98 0 0.720072 0 0 0 0 0 0 0 0 0 0 0 0 0 0 0 0 0 0 0.0144928 0.0289855 0.0289855 0.115942 0.173913 0.217391 0.217391 0.15942 0.0144928 0.0289855 0 0 0 0 0 

2240 2224 1602 89 0 0.719424 0 0 0 0 0 0 0 0 0 0 0 0 0 0 0 0 0 0 0.0144928 0 0.0869565 0.115942 0.144928 0.202899 0.231884 0.144928 0.057971 0 0 0 0 0 0 

2240 2227 1602 92 0 0.718455 0 0 0 0 0 0 0 0 0 0 0 0 0 0 0.0144928 0 0 0 0.0144928 0.0144928 0.057971 0.0724638 0.15942 0.275362 0.188406 0.115942 0.0869565 0 0 0 0 0 0 

2208 2190 1602 82 0 0.730594 0 0 0 0 0 0 0 0 0 0 0 0 0 0 0 0 0 0 0 0.0147059 0.0294118 0.117647 0.132353 0.235294 0.176471 0.205882 0.0735294 0.0147059 0 0 0 0 0 

2208 2179 1602 88 0 0.734282 0 0 0 0 0 0 0 0 0 0 0 0 0 0 0 0 0 0 0 0 0.0735294 0.0735294 0.132353 0.161765 0.25 0.176471 0.117647 0.0147059 0 0 0 0 0 

2176 2166 1602 84 0 0.738689 0 0 0 0 0 0 0 0 0 0 0 0 0 0 0 0 0 0 0 0 0.0447761 0.0895522 0.104478 0.164179 0.358209 0.119403 0.0895522 0.0149254 0.0149254 0 0 0 0 

