2208 2179 1602 91 0 0.734282 0 0 0 0 0 0 0 0 0 0 0 0 0 0 0 0 0 0 0 0 0.0147059 0.0441176 0.191176 0.279412 0.264706 0.0735294 0.102941 0.0294118 0 0 0 0 0 

2208 2196 1602 95 0 0.728597 0 0 0 0 0 0 0 0 0 0 0 0 0 0 0 0 0 0 0 0.0294118 0.0441176 0.0588235 0.147059 0.294118 0.161765 0.176471 0.0882353 0 0 0 0 0 0 

2240 2219 1603 99 0 0.721045 0 0 0 0 0 0 0 0 0 0 0 0 0 0 0 0 0 0 0 0.0144928 0.0434783 0.0724638 0.217391 0.275362 0.188406 0.15942 0.0144928 0 0.0144928 0 0 0 0 

2240 2211 1602 94 0 0.723654 0 0 0 0 0 0 0 0 0 0 0 0 0 0 0 0 0 0 0 0.0144928 0.0434783 0.101449 0.101449 0.275362 0.333333 0.0724638 0.0434783 0.0144928 0 0 0 0 0 

2208 2204 1600 99 0 0.725953 0 0 0 0 0 0 0 0 0 0 0 0 0 0 0 0 0 0 0 0.0294118 0.0441176 0.0882353 0.205882 0.205882 0.132353 0.220588 0.0735294 0 0 0 0 0 0 

2208 2199 1603 99 0 0.727603 0 0 0 0 0 0 0 0 0 0 0 0 0 0 0 0 0 0 0 0.0147059 0.0147059 0.176471 0.117647 0.220588 0.25 0.102941 0.0588235 0.0441176 0 0 0 0 0 

2208 2192 1602 90 0 0.729927 0 0 0 0 0 0 0 0 0 0 0 0 0 0 0 0 0 0 0 0.0147059 0.0588235 0.147059 0.102941 0.147059 0.279412 0.132353 0.0588235 0.0588235 0 0 0 0 0 

2240 2217 1603 99 0 0.721696 0 0 0 0 0 0 0 0 0 0 0 0 0 0 0 0 0 0 0 0.0144928 0.0724638 0.0724638 0.202899 0.246377 0.15942 0.144928 0.0724638 0.0144928 0 0 0 0 0 

2208 2193 1602 93 0 0.729594 0 0 0 0 0 0 0 0 0 0 0 0 0 0 0 0 0 0 0 0.0294118 0.0588235 0.0882353 0.176471 0.176471 0.191176 0.147059 0.0735294 0.0441176 0.0147059 0 0 0 0 

2240 2224 1603 99 0 0.719424 0 0 0 0 0 0 0 0 0 0 0 0 0 0 0 0 0 0 0 0.0144928 0.0289855 0.101449 0.188406 0.333333 0.173913 0.115942 0.0434783 0 0 0 0 0 0 

