2208 2183 1603 105 0 0.732936 0 0 0 0 0 0 0 0 0 0 0 0 0 0 0 0 0 0 0 0.0294118 0.0147059 0.117647 0.117647 0.191176 0.235294 0.176471 0.0882353 0.0147059 0.0147059 0 0 0 0 

2208 2200 1602 96 0 0.727273 0 0 0 0 0 0 0 0 0 0 0 0 0 0 0 0 0 0 0 0 0.0441176 0.117647 0.161765 0.205882 0.279412 0.147059 0.0147059 0.0294118 0 0 0 0 0 

2240 2222 1603 99 0 0.720072 0 0 0 0 0 0 0 0 0 0 0 0 0 0 0 0 0 0 0.0289855 0.0289855 0.057971 0.057971 0.15942 0.217391 0.246377 0.130435 0.057971 0.0144928 0 0 0 0 0 

2208 2197 1602 95 0 0.728266 0 0 0 0 0 0 0 0 0 0 0 0 0 0 0 0 0 0 0.0294118 0 0.0441176 0.0588235 0.117647 0.264706 0.264706 0.161765 0.0588235 0 0 0 0 0 0 

2208 2193 1602 87 0 0.729594 0 0 0 0 0 0 0 0 0 0 0 0 0 0 0 0 0 0 0.0147059 0 0.0147059 0.117647 0.191176 0.25 0.205882 0.0441176 0.0882353 0.0735294 0 0 0 0 0 

2208 2191 1602 94 0 0.73026 0 0 0 0 0 0 0 0 0 0 0 0 0 0 0 0 0 0 0.0147059 0 0.0147059 0.117647 0.161765 0.176471 0.25 0.205882 0.0441176 0.0147059 0 0 0 0 0 

2208 2198 1600 94 0 0.727934 0 0 0 0 0 0 0 0 0 0 0 0 0 0 0 0 0 0 0 0.0147059 0.0294118 0.117647 0.161765 0.220588 0.235294 0.132353 0.0735294 0.0147059 0 0 0 0 0 

2272 2262 1603 109 0 0.707339 0 0 0 0 0 0 0 0 0 0 0 0 0 0 0 0 0 0 0 0.1 0.0714286 0.1 0.185714 0.157143 0.242857 0.1 0.0285714 0.0142857 0 0 0 0 0 

2208 2188 1602 90 0 0.731261 0 0 0 0 0 0 0 0 0 0 0 0 0 0 0 0 0 0 0 0 0 0.132353 0.161765 0.235294 0.220588 0.176471 0.0588235 0.0147059 0 0 0 0 0 

2272 2247 1603 104 0 0.712061 0 0 0 0 0 0 0 0 0 0 0 0 0 0 0 0 0 0 0.0142857 0.0142857 0.0571429 0.185714 0.142857 0.242857 0.128571 0.171429 0.0285714 0.0142857 0 0 0 0 0 

