2208 2179 1602 86 0 0.734282 0 0 0 0 0 0 0 0 0 0 0 0 0 0 0 0 0 0 0.0147059 0 0.0147059 0.0588235 0.147059 0.264706 0.264706 0.132353 0.0441176 0.0588235 0 0 0 0 0 

2240 2211 1602 90 0 0.723654 0 0 0 0 0 0 0 0 0 0 0 0 0 0 0 0 0 0 0.0144928 0 0.101449 0.0869565 0.130435 0.115942 0.318841 0.15942 0.0724638 0 0 0 0 0 0 

2208 2194 1602 94 0 0.729262 0 0 0 0 0 0 0 0 0 0 0 0 0 0 0 0 0 0 0.0147059 0 0.0147059 0.132353 0.205882 0.0882353 0.294118 0.191176 0.0294118 0.0294118 0 0 0 0 0 

2240 2223 1602 97 0 0.719748 0 0 0 0 0 0 0 0 0 0 0 0 0 0 0 0 0 0 0 0.0144928 0.0724638 0.0869565 0.144928 0.318841 0.202899 0.0869565 0.0724638 0 0 0 0 0 0 

2272 2249 1602 98 0 0.711427 0 0 0 0 0 0 0 0 0 0 0 0 0 0 0 0 0 0 0.0428571 0.0142857 0.0571429 0.1 0.185714 0.214286 0.242857 0.1 0.0285714 0.0142857 0 0 0 0 0 

2240 2216 1603 100 0 0.722022 0 0 0 0 0 0 0 0 0 0 0 0 0 0 0 0 0 0 0.0144928 0.0144928 0.0869565 0.0724638 0.130435 0.246377 0.202899 0.144928 0.057971 0.0289855 0 0 0 0 0 

2240 2213 1602 96 0 0.723 0 0 0 0 0 0 0 0 0 0 0 0 0 0 0 0 0 0 0 0.0289855 0.057971 0.130435 0.15942 0.15942 0.246377 0.101449 0.0724638 0.0289855 0.0144928 0 0 0 0 

2208 2182 1602 93 0 0.733272 0 0 0 0 0 0 0 0 0 0 0 0 0 0 0 0 0.0147059 0 0 0 0.0294118 0.0294118 0.132353 0.279412 0.323529 0.0882353 0.0735294 0.0147059 0.0147059 0 0 0 0 

2240 2219 1603 99 0 0.721045 0 0 0 0 0 0 0 0 0 0 0 0 0 0 0 0 0 0.0144928 0 0.0144928 0.0144928 0.0869565 0.173913 0.289855 0.26087 0.101449 0.0289855 0.0144928 0 0 0 0 0 

2240 2213 1602 98 0 0.723 0 0 0 0 0 0 0 0 0 0 0 0 0 0 0 0 0 0 0.0144928 0 0.0869565 0.057971 0.144928 0.202899 0.318841 0.101449 0.0724638 0 0 0 0 0 0 

