2240 2214 1602 90 0 0.722674 0 0 0 0 0 0 0 0 0 0 0 0 0 0 0 0 0 0 0.0289855 0 0.0724638 0.0724638 0.144928 0.202899 0.246377 0.15942 0.0724638 0 0 0 0 0 0 

2176 2164 1602 96 0 0.739372 0 0 0 0 0 0 0 0 0 0 0 0 0 0 0 0 0 0 0 0 0.0298507 0.0597015 0.179104 0.208955 0.19403 0.223881 0.0597015 0.0447761 0 0 0 0 0 

2240 2215 1603 99 0 0.722348 0 0 0 0 0 0 0 0 0 0 0 0 0 0 0 0 0 0 0 0.0289855 0.0289855 0.0724638 0.217391 0.246377 0.188406 0.15942 0.0434783 0.0144928 0 0 0 0 0 

2240 2212 1602 90 0 0.723327 0 0 0 0 0 0 0 0 0 0 0 0 0 0 0 0 0 0 0 0.0434783 0.0434783 0.0724638 0.231884 0.15942 0.188406 0.130435 0.130435 0 0 0 0 0 0 

2208 2189 1602 91 0 0.730927 0 0 0 0 0 0 0 0 0 0 0 0 0 0 0 0 0 0 0 0.0147059 0.0588235 0.0735294 0.161765 0.191176 0.205882 0.205882 0.0735294 0 0.0147059 0 0 0 0 

2272 2249 1603 98 0 0.711427 0 0 0 0 0 0 0 0 0 0 0 0 0 0 0 0 0 0.0142857 0 0.0428571 0.0142857 0.128571 0.214286 0.242857 0.2 0.1 0.0285714 0.0142857 0 0 0 0 0 

2240 2223 1602 91 0 0.719748 0 0 0 0 0 0 0 0 0 0 0 0 0 0 0 0 0 0 0.0144928 0.0289855 0.0434783 0.0869565 0.275362 0.15942 0.15942 0.144928 0.0289855 0.057971 0 0 0 0 0 

2240 2231 1601 85 0 0.717167 0 0 0 0 0 0 0 0 0 0 0 0 0 0 0 0 0 0.0144928 0 0.0144928 0.0289855 0.0869565 0.231884 0.304348 0.15942 0.115942 0.0434783 0 0 0 0 0 0 

2240 2211 1602 90 0 0.723654 0 0 0 0 0 0 0 0 0 0 0 0 0 0 0 0 0 0 0 0.0144928 0.0289855 0.115942 0.173913 0.231884 0.231884 0.130435 0.057971 0.0144928 0 0 0 0 0 

2176 2157 1602 82 0 0.741771 0 0 0 0 0 0 0 0 0 0 0 0 0 0 0 0 0 0 0 0.0149254 0 0.0298507 0.149254 0.253731 0.298507 0.0895522 0.149254 0.0149254 0 0 0 0 0 

