2208 2181 1602 90 0 0.733608 0 0 0 0 0 0 0 0 0 0 0 0 0 0 0 0 0 0 0 0.0294118 0.0294118 0.0882353 0.132353 0.161765 0.25 0.191176 0.102941 0.0147059 0 0 0 0 0 

2240 2219 1602 85 0 0.721045 0 0 0 0 0 0 0 0 0 0 0 0 0 0 0 0 0 0.0144928 0 0.0289855 0.0434783 0.115942 0.15942 0.202899 0.15942 0.217391 0.0434783 0.0144928 0 0 0 0 0 

2208 2203 1602 100 0 0.726282 0 0 0 0 0 0 0 0 0 0 0 0 0 0 0 0 0 0 0.0147059 0 0.0588235 0.132353 0.102941 0.279412 0.191176 0.102941 0.0735294 0.0441176 0 0 0 0 0 

2240 2221 1602 97 0 0.720396 0 0 0 0 0 0 0 0 0 0 0 0 0 0 0 0 0 0 0.0144928 0 0.0289855 0.101449 0.217391 0.246377 0.246377 0.0869565 0.0434783 0.0144928 0 0 0 0 0 

2240 2215 1603 99 0 0.722348 0 0 0 0 0 0 0 0 0 0 0 0 0 0 0 0 0 0 0.0144928 0.0144928 0.101449 0.0434783 0.130435 0.275362 0.173913 0.144928 0.0869565 0.0144928 0 0 0 0 0 

2208 2191 1602 96 0 0.73026 0 0 0 0 0 0 0 0 0 0 0 0 0 0 0 0 0 0.0147059 0 0 0.0588235 0.0588235 0.191176 0.176471 0.235294 0.147059 0.0882353 0.0294118 0 0 0 0 0 

2208 2185 1602 96 0 0.732265 0 0 0 0 0 0 0 0 0 0 0 0 0 0 0 0 0 0 0.0147059 0 0.0294118 0.0735294 0.102941 0.279412 0.25 0.191176 0.0294118 0.0294118 0 0 0 0 0 

2240 2213 1602 91 0 0.723 0 0 0 0 0 0 0 0 0 0 0 0 0 0 0 0 0 0 0.0144928 0.0289855 0.0289855 0.057971 0.173913 0.275362 0.202899 0.15942 0.0434783 0.0144928 0 0 0 0 0 

2240 2215 1603 106 0 0.722348 0 0 0 0 0 0 0 0 0 0 0 0 0 0 0 0 0 0 0 0.057971 0.0289855 0.101449 0.144928 0.217391 0.188406 0.173913 0.0869565 0 0 0 0 0 0 

2176 2165 1602 82 0 0.73903 0 0 0 0 0 0 0 0 0 0 0 0 0 0 0 0 0 0 0 0 0 0.104478 0.179104 0.134328 0.298507 0.19403 0.0597015 0.0298507 0 0 0 0 0 

