2208 2192 1602 94 0 0.729927 0 0 0 0 0 0 0 0 0 0 0 0 0 0 0 0 0 0 0 0.0441176 0.0294118 0.0588235 0.161765 0.205882 0.25 0.132353 0.117647 0 0 0 0 0 0 

2240 2230 1602 97 0 0.717489 0 0 0 0 0 0 0 0 0 0 0 0 0 0 0 0 0.0144928 0 0 0.0144928 0.0144928 0.173913 0.202899 0.231884 0.15942 0.0869565 0.0869565 0.0144928 0 0 0 0 0 

2208 2202 1600 90 0 0.726612 0 0 0 0 0 0 0 0 0 0 0 0 0 0 0 0 0 0 0 0.0294118 0.0147059 0.102941 0.205882 0.205882 0.220588 0.147059 0.0588235 0.0147059 0 0 0 0 0 

2208 2182 1602 98 0 0.733272 0 0 0 0 0 0 0 0 0 0 0 0 0 0 0 0 0 0.0147059 0 0 0.0294118 0.0441176 0.161765 0.220588 0.235294 0.220588 0.0735294 0 0 0 0 0 0 

2240 2220 1603 111 0 0.720721 0 0 0 0 0 0 0 0 0 0 0 0 0 0 0 0 0 0.0144928 0.0289855 0.0289855 0.0434783 0.0869565 0.173913 0.144928 0.188406 0.188406 0.0869565 0.0144928 0 0 0 0 0 

2240 2228 1602 96 0 0.718133 0 0 0 0 0 0 0 0 0 0 0 0 0 0 0 0 0 0 0.0289855 0 0.0434783 0.115942 0.130435 0.333333 0.202899 0.0869565 0.0434783 0.0144928 0 0 0 0 0 

2208 2185 1602 97 0 0.732265 0 0 0 0 0 0 0 0 0 0 0 0 0 0 0 0 0 0 0 0.0294118 0.0588235 0.0588235 0.176471 0.161765 0.205882 0.147059 0.132353 0.0294118 0 0 0 0 0 

2208 2201 1601 91 0 0.726942 0 0 0 0 0 0 0 0 0 0 0 0 0 0 0 0 0 0 0 0.0147059 0.0441176 0.147059 0.117647 0.205882 0.235294 0.161765 0.0588235 0.0147059 0 0 0 0 0 

2208 2196 1603 100 0 0.728597 0 0 0 0 0 0 0 0 0 0 0 0 0 0 0 0 0 0 0.0147059 0.0147059 0.0147059 0.102941 0.147059 0.132353 0.367647 0.176471 0.0294118 0 0 0 0 0 0 

2240 2214 1602 91 0 0.722674 0 0 0 0 0 0 0 0 0 0 0 0 0 0 0 0 0 0 0 0.0144928 0.101449 0.101449 0.130435 0.202899 0.188406 0.188406 0.0289855 0.0434783 0 0 0 0 0 

