2208 2190 1602 95 0 0.730594 0 0 0 0 0 0 0 0 0 0 0 0 0 0 0 0 0 0 0.0147059 0 0.0735294 0.0294118 0.161765 0.220588 0.279412 0.117647 0.0735294 0.0147059 0.0147059 0 0 0 0 

2272 2245 1602 94 0 0.712695 0 0 0 0 0 0 0 0 0 0 0 0 0 0 0 0 0 0.0142857 0.0285714 0.0142857 0.0714286 0.114286 0.128571 0.271429 0.142857 0.142857 0.0428571 0.0285714 0 0 0 0 0 

2240 2216 1602 96 0 0.722022 0 0 0 0 0 0 0 0 0 0 0 0 0 0 0 0 0 0 0.0144928 0.0144928 0.0289855 0.0724638 0.188406 0.289855 0.188406 0.15942 0.0289855 0.0144928 0 0 0 0 0 

2208 2181 1602 94 0 0.733608 0 0 0 0 0 0 0 0 0 0 0 0 0 0 0 0 0 0 0 0 0.0441176 0.0735294 0.161765 0.205882 0.220588 0.191176 0.0882353 0.0147059 0 0 0 0 0 

2208 2199 1601 81 0 0.727603 0 0 0 0 0 0 0 0 0 0 0 0 0 0 0 0 0 0 0 0.0441176 0.0147059 0.117647 0.0588235 0.308824 0.25 0.161765 0.0294118 0.0147059 0 0 0 0 0 

2208 2198 1602 87 0 0.727934 0 0 0 0 0 0 0 0 0 0 0 0 0 0 0 0 0 0 0 0.0294118 0.0294118 0.0735294 0.176471 0.220588 0.264706 0.132353 0.0588235 0.0147059 0 0 0 0 0 

2240 2223 1603 99 0 0.719748 0 0 0 0 0 0 0 0 0 0 0 0 0 0 0 0 0 0 0.0144928 0.057971 0.0144928 0.0869565 0.202899 0.202899 0.173913 0.188406 0.0434783 0.0144928 0 0 0 0 0 

2208 2196 1602 93 0 0.728597 0 0 0 0 0 0 0 0 0 0 0 0 0 0 0 0 0 0 0 0.0147059 0.0294118 0.0735294 0.176471 0.25 0.264706 0.117647 0.0588235 0.0147059 0 0 0 0 0 

2208 2184 1602 90 0 0.732601 0 0 0 0 0 0 0 0 0 0 0 0 0 0 0 0 0 0 0 0 0.0294118 0.102941 0.117647 0.294118 0.205882 0.147059 0.0588235 0.0441176 0 0 0 0 0 

2208 2182 1602 91 0 0.733272 0 0 0 0 0 0 0 0 0 0 0 0 0 0 0 0 0 0 0 0 0 0.102941 0.205882 0.147059 0.235294 0.279412 0.0294118 0 0 0 0 0 0 

