2240 2213 1602 92 0 0.723 0 0 0 0 0 0 0 0 0 0 0 0 0 0 0 0 0 0 0 0.0434783 0.0144928 0.101449 0.173913 0.231884 0.231884 0.130435 0.0434783 0.0289855 0 0 0 0 0 

2208 2200 1602 85 0 0.727273 0 0 0 0 0 0 0 0 0 0 0 0 0 0 0 0 0 0 0 0.0147059 0.0588235 0.0588235 0.191176 0.220588 0.235294 0.176471 0.0147059 0.0294118 0 0 0 0 0 

2240 2216 1602 94 0 0.722022 0 0 0 0 0 0 0 0 0 0 0 0 0 0 0 0 0 0 0 0.0289855 0.0434783 0.115942 0.202899 0.15942 0.202899 0.15942 0.0869565 0 0 0 0 0 0 

2208 2186 1602 92 0 0.73193 0 0 0 0 0 0 0 0 0 0 0 0 0 0 0 0 0 0 0 0 0.0294118 0.117647 0.117647 0.25 0.235294 0.147059 0.0882353 0.0147059 0 0 0 0 0 

2208 2201 1600 94 0 0.726942 0 0 0 0 0 0 0 0 0 0 0 0 0 0 0 0 0 0 0 0.0147059 0.0294118 0.0882353 0.191176 0.25 0.191176 0.191176 0.0441176 0 0 0 0 0 0 

2208 2201 1602 105 0 0.726942 0 0 0 0 0 0 0 0 0 0 0 0 0 0 0 0 0 0.0147059 0.0147059 0.0147059 0.0294118 0.117647 0.132353 0.147059 0.264706 0.191176 0.0588235 0.0147059 0 0 0 0 0 

2240 2236 1601 99 0 0.715564 0 0 0 0 0 0 0 0 0 0 0 0 0 0 0 0 0 0 0.0144928 0.0144928 0.057971 0.130435 0.173913 0.246377 0.246377 0.057971 0.0289855 0.0289855 0 0 0 0 0 

2144 2136 1600 78 0 0.749064 0 0 0 0 0 0 0 0 0 0 0 0 0 0 0 0 0 0 0 0 0.030303 0.030303 0.136364 0.212121 0.19697 0.257576 0.0909091 0.030303 0.0151515 0 0 0 0 

2240 2215 1602 94 0 0.722348 0 0 0 0 0 0 0 0 0 0 0 0 0 0 0 0 0 0 0 0.0289855 0.0289855 0.0869565 0.144928 0.318841 0.202899 0.144928 0.0289855 0.0144928 0 0 0 0 0 

2240 2224 1602 92 0 0.719424 0 0 0 0 0 0 0 0 0 0 0 0 0 0 0 0 0 0 0 0.0434783 0.101449 0.0724638 0.173913 0.188406 0.217391 0.101449 0.057971 0.0289855 0.0144928 0 0 0 0 

