2208 2197 1602 88 0 0.728266 0 0 0 0 0 0 0 0 0 0 0 0 0 0 0 0 0 0 0 0 0.0147059 0.0735294 0.205882 0.264706 0.264706 0.147059 0.0294118 0 0 0 0 0 0 

2240 2231 1602 87 0 0.717167 0 0 0 0 0 0 0 0 0 0 0 0 0 0 0 0 0 0 0.0289855 0.0434783 0.057971 0.0869565 0.144928 0.217391 0.231884 0.101449 0.0869565 0 0 0 0 0 0 

2272 2249 1602 91 0 0.711427 0 0 0 0 0 0 0 0 0 0 0 0 0 0 0 0 0 0.0285714 0 0.0428571 0.0428571 0.142857 0.1 0.257143 0.228571 0.0857143 0.0714286 0 0 0 0 0 0 

2240 2217 1603 101 0 0.721696 0 0 0 0 0 0 0 0 0 0 0 0 0 0 0 0 0 0.0289855 0 0.0144928 0.0289855 0.101449 0.188406 0.15942 0.275362 0.0869565 0.101449 0.0144928 0 0 0 0 0 

2240 2216 1603 107 0 0.722022 0 0 0 0 0 0 0 0 0 0 0 0 0 0 0 0 0 0 0.0144928 0.0289855 0.0144928 0.0869565 0.144928 0.304348 0.231884 0.101449 0.057971 0.0144928 0 0 0 0 0 

2240 2218 1603 100 0 0.721371 0 0 0 0 0 0 0 0 0 0 0 0 0 0 0 0 0 0 0 0 0.0434783 0.0869565 0.217391 0.26087 0.217391 0.15942 0 0 0.0144928 0 0 0 0 

2240 2224 1602 90 0 0.719424 0 0 0 0 0 0 0 0 0 0 0 0 0 0 0 0.0144928 0 0.0144928 0.0144928 0.0144928 0.0434783 0.0724638 0.202899 0.15942 0.246377 0.115942 0.0869565 0.0144928 0 0 0 0 0 

2240 2229 1602 93 0 0.717811 0 0 0 0 0 0 0 0 0 0 0 0 0 0 0 0 0 0.0144928 0.0144928 0.057971 0.0724638 0.115942 0.115942 0.101449 0.217391 0.217391 0.0724638 0 0 0 0 0 0 

2240 2220 1603 100 0 0.720721 0 0 0 0 0 0 0 0 0 0 0 0 0 0 0 0 0 0 0 0.0144928 0.0724638 0.0724638 0.202899 0.217391 0.202899 0.173913 0.0434783 0 0 0 0 0 0 

2272 2258 1602 94 0 0.708592 0 0 0 0 0 0 0 0 0 0 0 0 0 0 0 0 0 0.0142857 0 0.0428571 0.0714286 0.114286 0.157143 0.328571 0.114286 0.114286 0.0285714 0.0142857 0 0 0 0 0 

