2240 2211 1602 92 0 0.723654 0 0 0 0 0 0 0 0 0 0 0 0 0 0 0 0 0 0.0144928 0 0.0289855 0.0434783 0.057971 0.15942 0.275362 0.173913 0.188406 0.0144928 0.0289855 0.0144928 0 0 0 0 

2208 2182 1602 95 0 0.733272 0 0 0 0 0 0 0 0 0 0 0 0 0 0 0 0 0 0.0147059 0 0 0 0.0735294 0.191176 0.220588 0.205882 0.205882 0.0735294 0.0147059 0 0 0 0 0 

2240 2211 1602 93 0 0.723654 0 0 0 0 0 0 0 0 0 0 0 0 0 0 0 0 0 0 0 0.0289855 0.0289855 0.057971 0.231884 0.217391 0.231884 0.115942 0.0869565 0 0 0 0 0 0 

2208 2190 1602 92 0 0.730594 0 0 0 0 0 0 0 0 0 0 0 0 0 0 0 0 0 0 0 0 0 0.0735294 0.220588 0.279412 0.191176 0.176471 0.0588235 0 0 0 0 0 0 

2240 2227 1602 95 0 0.718455 0 0 0 0 0 0 0 0 0 0 0 0 0 0 0 0 0 0.0144928 0 0.0144928 0.0289855 0.130435 0.130435 0.318841 0.217391 0.0869565 0.057971 0 0 0 0 0 0 

2240 2231 1601 89 0 0.717167 0 0 0 0 0 0 0 0 0 0 0 0 0 0 0 0 0 0 0 0.0144928 0.0289855 0.144928 0.217391 0.246377 0.202899 0.101449 0.0434783 0 0 0 0 0 0 

2208 2187 1602 97 0 0.731596 0 0 0 0 0 0 0 0 0 0 0 0 0 0 0 0 0 0 0 0 0.0441176 0.0735294 0.191176 0.25 0.220588 0.0735294 0.102941 0.0294118 0.0147059 0 0 0 0 

2176 2159 1602 89 0 0.741084 0 0 0 0 0 0 0 0 0 0 0 0 0 0 0 0 0 0 0 0 0 0.0447761 0.149254 0.283582 0.223881 0.19403 0.104478 0 0 0 0 0 0 

2208 2189 1602 90 0 0.730927 0 0 0 0 0 0 0 0 0 0 0 0 0 0 0 0 0 0 0.0147059 0.0147059 0.0735294 0.0294118 0.191176 0.191176 0.132353 0.235294 0.102941 0.0147059 0 0 0 0 0 

2240 2229 1602 92 0 0.717811 0 0 0 0 0 0 0 0 0 0 0 0 0 0 0 0 0 0.0144928 0.0144928 0.0144928 0.0289855 0.0869565 0.246377 0.188406 0.231884 0.115942 0.057971 0 0 0 0 0 0 

