2208 2190 1601 81 0 0.730594 0 0 0 0 0 0 0 0 0 0 0 0 0 0 0 0 0 0 0.0147059 0.0147059 0.0147059 0.0588235 0.205882 0.176471 0.235294 0.235294 0.0441176 0 0 0 0 0 0 

2240 2235 1601 101 0 0.715884 0 0 0 0 0 0 0 0 0 0 0 0 0 0 0 0 0 0 0.0434783 0.0289855 0.0289855 0.173913 0.130435 0.188406 0.173913 0.130435 0.101449 0 0 0 0 0 0 

2208 2196 1602 93 0 0.728597 0 0 0 0 0 0 0 0 0 0 0 0 0 0 0 0 0 0 0 0.0294118 0 0.102941 0.176471 0.235294 0.205882 0.191176 0.0588235 0 0 0 0 0 0 

2208 2189 1602 94 0 0.730927 0 0 0 0 0 0 0 0 0 0 0 0 0 0 0 0 0 0 0.0147059 0.0147059 0.0441176 0.0294118 0.176471 0.220588 0.235294 0.176471 0.0735294 0.0147059 0 0 0 0 0 

2176 2158 1601 81 0 0.741427 0 0 0 0 0 0 0 0 0 0 0 0 0 0 0 0 0 0 0 0.0149254 0 0.0597015 0.19403 0.208955 0.208955 0.134328 0.149254 0.0149254 0.0149254 0 0 0 0 

2208 2182 1602 95 0 0.733272 0 0 0 0 0 0 0 0 0 0 0 0 0 0 0 0 0 0 0.0147059 0 0.0441176 0.0294118 0.102941 0.25 0.323529 0.191176 0.0441176 0 0 0 0 0 0 

2240 2214 1602 91 0 0.722674 0 0 0 0 0 0 0 0 0 0 0 0 0 0 0 0 0 0 0.0144928 0.0144928 0.0289855 0.101449 0.144928 0.318841 0.144928 0.144928 0.0869565 0 0 0 0 0 0 

2240 2218 1602 98 0 0.721371 0 0 0 0 0 0 0 0 0 0 0 0 0 0 0 0 0 0 0.0144928 0 0.0724638 0.057971 0.202899 0.217391 0.275362 0.0869565 0.057971 0.0144928 0 0 0 0 0 

2240 2217 1603 101 0 0.721696 0 0 0 0 0 0 0 0 0 0 0 0 0 0 0 0 0 0 0 0.057971 0 0.101449 0.173913 0.26087 0.144928 0.231884 0.0144928 0.0144928 0 0 0 0 0 

2176 2167 1600 88 0 0.738348 0 0 0 0 0 0 0 0 0 0 0 0 0 0 0 0 0 0 0 0 0.0597015 0.0447761 0.119403 0.283582 0.179104 0.223881 0.0447761 0.0298507 0.0149254 0 0 0 0 

