2240 2218 1602 92 0 0.721371 0 0 0 0 0 0 0 0 0 0 0 0 0 0 0 0 0 0 0 0 0.057971 0.144928 0.115942 0.246377 0.26087 0.130435 0.0434783 0 0 0 0 0 0 

2240 2228 1602 94 0 0.718133 0 0 0 0 0 0 0 0 0 0 0 0 0 0 0 0 0 0 0.0144928 0.0434783 0.0434783 0.101449 0.130435 0.304348 0.144928 0.15942 0.057971 0 0 0 0 0 0 

2208 2195 1602 83 0 0.728929 0 0 0 0 0 0 0 0 0 0 0 0 0 0 0 0 0 0 0.0294118 0.0147059 0.0441176 0.0441176 0.176471 0.191176 0.205882 0.235294 0.0294118 0.0294118 0 0 0 0 0 

2208 2192 1602 86 0 0.729927 0 0 0 0 0 0 0 0 0 0 0 0 0 0 0 0 0 0 0 0.0147059 0.102941 0.0441176 0.147059 0.191176 0.220588 0.161765 0.0882353 0.0294118 0 0 0 0 0 

2208 2200 1602 89 0 0.727273 0 0 0 0 0 0 0 0 0 0 0 0 0 0 0 0 0 0 0.0147059 0.0294118 0.0294118 0.0294118 0.147059 0.294118 0.264706 0.161765 0.0147059 0.0147059 0 0 0 0 0 

2208 2179 1602 90 0 0.734282 0 0 0 0 0 0 0 0 0 0 0 0 0 0 0 0 0 0 0 0.0147059 0.0294118 0.117647 0.102941 0.191176 0.25 0.147059 0.132353 0.0147059 0 0 0 0 0 

2208 2204 1600 87 0 0.725953 0 0 0 0 0 0 0 0 0 0 0 0 0 0 0 0 0 0 0.0147059 0.0147059 0.0588235 0.0735294 0.191176 0.117647 0.323529 0.161765 0.0294118 0.0147059 0 0 0 0 0 

2208 2188 1602 97 0 0.731261 0 0 0 0 0 0 0 0 0 0 0 0 0 0 0 0 0 0 0 0.0147059 0.0294118 0.176471 0.117647 0.132353 0.205882 0.205882 0.0882353 0.0294118 0 0 0 0 0 

2208 2189 1602 96 0 0.730927 0 0 0 0 0 0 0 0 0 0 0 0 0 0 0 0 0 0 0 0 0.0294118 0.0735294 0.191176 0.25 0.205882 0.191176 0.0294118 0.0294118 0 0 0 0 0 

2208 2196 1602 92 0 0.728597 0 0 0 0 0 0 0 0 0 0 0 0 0 0 0 0 0 0 0.0147059 0 0.0147059 0.0882353 0.220588 0.176471 0.25 0.176471 0.0588235 0 0 0 0 0 0 

