2208 2196 1602 95 0 0.728597 0 0 0 0 0 0 0 0 0 0 0 0 0 0 0 0 0 0 0.0147059 0.0294118 0.0441176 0.0441176 0.176471 0.176471 0.294118 0.102941 0.117647 0 0 0 0 0 0 

2208 2189 1602 92 0 0.730927 0 0 0 0 0 0 0 0 0 0 0 0 0 0 0 0 0 0.0147059 0 0.0294118 0.0588235 0.0882353 0.102941 0.147059 0.220588 0.220588 0.102941 0.0147059 0 0 0 0 0 

2240 2216 1602 96 0 0.722022 0 0 0 0 0 0 0 0 0 0 0 0 0 0 0 0 0 0 0.0289855 0.0144928 0.0289855 0.101449 0.15942 0.246377 0.202899 0.115942 0.0869565 0.0144928 0 0 0 0 0 

2208 2183 1602 93 0 0.732936 0 0 0 0 0 0 0 0 0 0 0 0 0 0 0 0 0 0 0 0.0147059 0.0441176 0.0882353 0.132353 0.205882 0.220588 0.176471 0.0882353 0.0294118 0 0 0 0 0 

2240 2215 1602 94 0 0.722348 0 0 0 0 0 0 0 0 0 0 0 0 0 0 0 0 0 0 0 0 0.0289855 0.130435 0.15942 0.26087 0.246377 0.144928 0.0289855 0 0 0 0 0 0 

2208 2193 1602 96 0 0.729594 0 0 0 0 0 0 0 0 0 0 0 0 0 0 0 0 0 0 0.0294118 0.0294118 0.0294118 0.0147059 0.161765 0.235294 0.279412 0.102941 0.102941 0.0147059 0 0 0 0 0 

2208 2199 1602 96 0 0.727603 0 0 0 0 0 0 0 0 0 0 0 0 0 0 0 0 0 0 0.0147059 0.0147059 0.0441176 0.0882353 0.147059 0.191176 0.264706 0.161765 0.0735294 0 0 0 0 0 0 

2176 2166 1602 85 0 0.738689 0 0 0 0 0 0 0 0 0 0 0 0 0 0 0 0 0 0 0 0 0.0597015 0.0447761 0.19403 0.0746269 0.313433 0.208955 0.104478 0 0 0 0 0 0 

2208 2200 1603 104 0 0.727273 0 0 0 0 0 0 0 0 0 0 0 0 0 0 0 0 0 0 0.0294118 0.0147059 0.0441176 0.102941 0.176471 0.102941 0.294118 0.0882353 0.117647 0.0294118 0 0 0 0 0 

2208 2202 1601 87 0 0.726612 0 0 0 0 0 0 0 0 0 0 0 0 0 0 0 0 0 0 0 0 0.0147059 0.0735294 0.264706 0.25 0.220588 0.132353 0.0294118 0.0147059 0 0 0 0 0 

