2240 2216 1602 96 0 0.722022 0 0 0 0 0 0 0 0 0 0 0 0 0 0 0 0 0 0 0 0.0144928 0.0869565 0.0869565 0.217391 0.115942 0.202899 0.231884 0.0289855 0.0144928 0 0 0 0 0 

2272 2265 1602 105 0 0.706402 0 0 0 0 0 0 0 0 0 0 0 0 0 0 0 0 0 0.0285714 0.0142857 0.0285714 0.0714286 0.0857143 0.2 0.242857 0.185714 0.128571 0.0142857 0 0 0 0 0 0 

2240 2215 1603 98 0 0.722348 0 0 0 0 0 0 0 0 0 0 0 0 0 0 0 0 0 0 0 0.0434783 0.0434783 0.101449 0.115942 0.231884 0.246377 0.144928 0.0724638 0 0 0 0 0 0 

2208 2195 1602 84 0 0.728929 0 0 0 0 0 0 0 0 0 0 0 0 0 0 0 0 0 0 0.0147059 0 0.0147059 0.102941 0.176471 0.25 0.220588 0.132353 0.0588235 0.0294118 0 0 0 0 0 

2208 2190 1602 97 0 0.730594 0 0 0 0 0 0 0 0 0 0 0 0 0 0 0 0 0 0 0 0.0147059 0.0294118 0.0882353 0.191176 0.205882 0.220588 0.117647 0.117647 0.0147059 0 0 0 0 0 

2240 2218 1603 101 0 0.721371 0 0 0 0 0 0 0 0 0 0 0 0 0 0 0 0 0 0 0.0144928 0 0.0724638 0.15942 0.130435 0.115942 0.289855 0.130435 0.0724638 0.0144928 0 0 0 0 0 

2208 2202 1601 101 0 0.726612 0 0 0 0 0 0 0 0 0 0 0 0 0 0 0 0 0 0 0 0 0.0735294 0.0735294 0.191176 0.220588 0.205882 0.161765 0.0735294 0 0 0 0 0 0 

2240 2211 1602 94 0 0.723654 0 0 0 0 0 0 0 0 0 0 0 0 0 0 0 0 0 0 0 0.0434783 0.0144928 0.0434783 0.173913 0.333333 0.202899 0.115942 0.0724638 0 0 0 0 0 0 

2240 2230 1602 93 0 0.717489 0 0 0 0 0 0 0 0 0 0 0 0 0 0 0 0 0 0 0 0.0289855 0.0869565 0.057971 0.188406 0.304348 0.144928 0.144928 0.0289855 0.0144928 0 0 0 0 0 

2240 2220 1602 88 0 0.720721 0 0 0 0 0 0 0 0 0 0 0 0 0 0 0 0 0 0 0 0 0.057971 0.0869565 0.26087 0.246377 0.15942 0.115942 0.0289855 0.0434783 0 0 0 0 0 

