2208 2201 1600 86 0 0.726942 0 0 0 0 0 0 0 0 0 0 0 0 0 0 0 0 0 0 0 0.0294118 0.0147059 0.0735294 0.264706 0.25 0.161765 0.0588235 0.102941 0.0441176 0 0 0 0 0 

2208 2193 1602 92 0 0.729594 0 0 0 0 0 0 0 0 0 0 0 0 0 0 0 0 0 0 0 0.0147059 0.0441176 0.102941 0.117647 0.264706 0.176471 0.205882 0.0588235 0.0147059 0 0 0 0 0 

2208 2194 1602 92 0 0.729262 0 0 0 0 0 0 0 0 0 0 0 0 0 0 0 0 0 0 0 0 0.0294118 0.117647 0.191176 0.161765 0.279412 0.147059 0.0588235 0.0147059 0 0 0 0 0 

2240 2232 1600 96 0 0.716846 0 0 0 0 0 0 0 0 0 0 0 0 0 0 0 0 0 0 0 0.0289855 0.0869565 0.130435 0.173913 0.15942 0.246377 0.101449 0.057971 0.0144928 0 0 0 0 0 

2208 2197 1602 91 0 0.728266 0 0 0 0 0 0 0 0 0 0 0 0 0 0 0 0 0 0 0 0.0147059 0.0588235 0.0588235 0.0882353 0.308824 0.294118 0.147059 0.0147059 0.0147059 0 0 0 0 0 

2176 2172 1600 90 0 0.736648 0 0 0 0 0 0 0 0 0 0 0 0 0 0 0 0 0 0 0 0 0.0597015 0.0447761 0.104478 0.253731 0.223881 0.298507 0.0149254 0 0 0 0 0 0 

2240 2220 1602 98 0 0.720721 0 0 0 0 0 0 0 0 0 0 0 0 0 0 0 0 0 0 0 0.0289855 0.115942 0.0434783 0.15942 0.217391 0.217391 0.130435 0.0724638 0.0144928 0 0 0 0 0 

2208 2184 1602 95 0 0.732601 0 0 0 0 0 0 0 0 0 0 0 0 0 0 0 0 0 0 0 0.0147059 0.0294118 0.0735294 0.147059 0.279412 0.191176 0.117647 0.132353 0.0147059 0 0 0 0 0 

2208 2188 1602 97 0 0.731261 0 0 0 0 0 0 0 0 0 0 0 0 0 0 0 0 0 0 0 0 0.0588235 0.0588235 0.176471 0.235294 0.205882 0.161765 0.0882353 0.0147059 0 0 0 0 0 

2208 2192 1603 100 0 0.729927 0 0 0 0 0 0 0 0 0 0 0 0 0 0 0 0 0 0 0 0 0.0588235 0.102941 0.147059 0.220588 0.191176 0.191176 0.0588235 0.0294118 0 0 0 0 0 

