2208 2198 1603 99 0 0.727934 0 0 0 0 0 0 0 0 0 0 0 0 0 0 0 0 0 0 0 0.0147059 0.0294118 0.0735294 0.191176 0.25 0.235294 0.117647 0.0882353 0 0 0 0 0 0 

2208 2200 1602 89 0 0.727273 0 0 0 0 0 0 0 0 0 0 0 0 0 0 0 0 0 0 0 0 0.0588235 0.117647 0.147059 0.176471 0.294118 0.147059 0.0588235 0 0 0 0 0 0 

2208 2194 1602 93 0 0.729262 0 0 0 0 0 0 0 0 0 0 0 0 0 0 0 0 0 0 0 0.0294118 0.0294118 0.0882353 0.102941 0.220588 0.308824 0.191176 0.0294118 0 0 0 0 0 0 

2240 2211 1602 90 0 0.723654 0 0 0 0 0 0 0 0 0 0 0 0 0 0 0 0 0 0 0 0.0144928 0.0289855 0.15942 0.15942 0.188406 0.202899 0.15942 0.0724638 0.0144928 0 0 0 0 0 

2240 2219 1602 98 0 0.721045 0 0 0 0 0 0 0 0 0 0 0 0 0 0 0 0 0 0 0 0.0289855 0.0724638 0.130435 0.188406 0.130435 0.15942 0.217391 0.0434783 0.0289855 0 0 0 0 0 

2240 2218 1602 90 0 0.721371 0 0 0 0 0 0 0 0 0 0 0 0 0 0 0 0 0 0 0 0.0144928 0.0434783 0.101449 0.202899 0.231884 0.231884 0.130435 0.0144928 0.0144928 0.0144928 0 0 0 0 

2272 2247 1603 102 0 0.712061 0 0 0 0 0 0 0 0 0 0 0 0 0 0 0 0 0 0 0 0.0285714 0.0142857 0.128571 0.228571 0.3 0.171429 0.114286 0.0142857 0 0 0 0 0 0 

2240 2212 1602 94 0 0.723327 0 0 0 0 0 0 0 0 0 0 0 0 0 0 0 0 0 0.0144928 0.0144928 0.0144928 0.057971 0.0144928 0.15942 0.246377 0.275362 0.144928 0.057971 0 0 0 0 0 0 

2208 2194 1602 90 0 0.729262 0 0 0 0 0 0 0 0 0 0 0 0 0 0 0 0 0 0 0 0.0147059 0.0147059 0.132353 0.132353 0.264706 0.176471 0.205882 0.0441176 0 0.0147059 0 0 0 0 

2240 2225 1602 95 0 0.719101 0 0 0 0 0 0 0 0 0 0 0 0 0 0 0 0 0 0 0 0.0434783 0.0434783 0.0869565 0.246377 0.217391 0.115942 0.173913 0.057971 0.0144928 0 0 0 0 0 

