2240 2222 1602 95 0 0.720072 0 0 0 0 0 0 0 0 0 0 0 0 0 0 0 0 0 0 0 0.0144928 0.0869565 0.057971 0.173913 0.202899 0.347826 0.0724638 0.0434783 0 0 0 0 0 0 

2240 2212 1602 98 0 0.723327 0 0 0 0 0 0 0 0 0 0 0 0 0 0 0 0 0 0 0 0 0.057971 0.0869565 0.144928 0.26087 0.304348 0.101449 0.0289855 0.0144928 0 0 0 0 0 

2240 2214 1602 93 0 0.722674 0 0 0 0 0 0 0 0 0 0 0 0 0 0 0 0 0 0.0144928 0 0 0.0724638 0.057971 0.188406 0.289855 0.144928 0.130435 0.0724638 0.0289855 0 0 0 0 0 

2240 2219 1602 93 0 0.721045 0 0 0 0 0 0 0 0 0 0 0 0 0 0 0 0 0 0 0 0.0144928 0.0434783 0.115942 0.144928 0.26087 0.26087 0.115942 0.0434783 0 0 0 0 0 0 

2240 2218 1603 101 0 0.721371 0 0 0 0 0 0 0 0 0 0 0 0 0 0 0 0 0 0 0 0 0.101449 0.0869565 0.173913 0.173913 0.26087 0.144928 0.0434783 0.0144928 0 0 0 0 0 

2208 2197 1602 90 0 0.728266 0 0 0 0 0 0 0 0 0 0 0 0 0 0 0 0 0 0 0 0.0147059 0.0588235 0.0735294 0.205882 0.25 0.132353 0.117647 0.117647 0.0294118 0 0 0 0 0 

2208 2196 1603 99 0 0.728597 0 0 0 0 0 0 0 0 0 0 0 0 0 0 0 0 0 0 0 0.0294118 0.0294118 0.132353 0.176471 0.147059 0.176471 0.191176 0.102941 0.0147059 0 0 0 0 0 

2240 2217 1602 97 0 0.721696 0 0 0 0 0 0 0 0 0 0 0 0 0 0 0 0 0 0 0 0 0.0724638 0.115942 0.115942 0.275362 0.275362 0.0724638 0.057971 0.0144928 0 0 0 0 0 

2208 2190 1602 94 0 0.730594 0 0 0 0 0 0 0 0 0 0 0 0 0 0 0 0 0 0 0.0147059 0.0147059 0 0.0735294 0.117647 0.338235 0.235294 0.102941 0.102941 0 0 0 0 0 0 

2208 2194 1602 89 0 0.729262 0 0 0 0 0 0 0 0 0 0 0 0 0 0 0 0 0 0 0 0.0147059 0.0588235 0.0588235 0.191176 0.191176 0.205882 0.220588 0.0441176 0.0147059 0 0 0 0 0 

