2208 2193 1603 99 0 0.729594 0 0 0 0 0 0 0 0 0 0 0 0 0 0 0 0 0 0 0.0147059 0.0147059 0.0147059 0.117647 0.176471 0.205882 0.147059 0.191176 0.0882353 0.0294118 0 0 0 0 0 

2208 2186 1602 90 0 0.73193 0 0 0 0 0 0 0 0 0 0 0 0 0 0 0 0 0 0 0 0 0.0294118 0.0588235 0.205882 0.25 0.191176 0.176471 0.0735294 0.0147059 0 0 0 0 0 

2208 2193 1602 90 0 0.729594 0 0 0 0 0 0 0 0 0 0 0 0 0 0 0 0 0 0 0.0147059 0.0147059 0.0588235 0.0735294 0.161765 0.117647 0.308824 0.161765 0.0735294 0 0.0147059 0 0 0 0 

2208 2202 1602 92 0 0.726612 0 0 0 0 0 0 0 0 0 0 0 0 0 0 0 0 0 0 0 0.0147059 0.0294118 0.0588235 0.147059 0.367647 0.25 0.0588235 0.0735294 0 0 0 0 0 0 

2208 2182 1602 94 0 0.733272 0 0 0 0 0 0 0 0 0 0 0 0 0 0 0 0 0 0 0.0147059 0 0.0441176 0.0882353 0.147059 0.176471 0.235294 0.147059 0.117647 0.0294118 0 0 0 0 0 

2240 2227 1603 101 0 0.718455 0 0 0 0 0 0 0 0 0 0 0 0 0 0 0 0 0 0 0.0144928 0.0144928 0.0434783 0.115942 0.202899 0.202899 0.217391 0.130435 0.057971 0 0 0 0 0 0 

2240 2214 1603 99 0 0.722674 0 0 0 0 0 0 0 0 0 0 0 0 0 0 0 0 0 0 0.0144928 0 0.057971 0.0724638 0.188406 0.202899 0.246377 0.173913 0.0434783 0 0 0 0 0 0 

2240 2211 1602 89 0 0.723654 0 0 0 0 0 0 0 0 0 0 0 0 0 0 0 0 0 0 0.0144928 0.0289855 0.0869565 0.057971 0.101449 0.217391 0.246377 0.144928 0.101449 0 0 0 0 0 0 

2240 2211 1602 94 0 0.723654 0 0 0 0 0 0 0 0 0 0 0 0 0 0 0 0 0 0 0.0144928 0 0.0434783 0.115942 0.115942 0.246377 0.246377 0.188406 0.0144928 0.0144928 0 0 0 0 0 

2208 2185 1602 96 0 0.732265 0 0 0 0 0 0 0 0 0 0 0 0 0 0 0 0 0 0 0.0147059 0 0.0588235 0.0735294 0.102941 0.220588 0.279412 0.132353 0.0882353 0.0294118 0 0 0 0 0 

