2240 2230 1602 93 0 0.717489 0 0 0 0 0 0 0 0 0 0 0 0 0 0 0 0 0 0 0 0.0289855 0.0434783 0.130435 0.231884 0.188406 0.202899 0.115942 0.0289855 0.0289855 0 0 0 0 0 

2176 2170 1600 102 0 0.737327 0 0 0 0 0 0 0 0 0 0 0 0 0 0 0 0 0 0 0.0149254 0.0149254 0.0149254 0.0149254 0.134328 0.238806 0.358209 0.119403 0.0746269 0.0149254 0 0 0 0 0 

2208 2185 1602 98 0 0.732265 0 0 0 0 0 0 0 0 0 0 0 0 0 0 0 0 0 0 0.0147059 0 0.0294118 0.102941 0.132353 0.176471 0.294118 0.147059 0.0735294 0.0294118 0 0 0 0 0 

2272 2256 1602 97 0 0.70922 0 0 0 0 0 0 0 0 0 0 0 0 0 0 0 0 0 0 0.0285714 0.0285714 0.0714286 0.185714 0.0857143 0.185714 0.271429 0.114286 0.0285714 0 0 0 0 0 0 

2240 2225 1602 97 0 0.719101 0 0 0 0 0 0 0 0 0 0 0 0 0 0 0 0 0 0 0 0.0144928 0.0289855 0.130435 0.231884 0.26087 0.173913 0.0724638 0.057971 0.0289855 0 0 0 0 0 

2240 2233 1600 97 0 0.716525 0 0 0 0 0 0 0 0 0 0 0 0 0 0 0 0 0 0 0 0.0289855 0.0724638 0.15942 0.188406 0.15942 0.15942 0.15942 0.0724638 0 0 0 0 0 0 

2240 2226 1603 100 0 0.718778 0 0 0 0 0 0 0 0 0 0 0 0 0 0 0 0 0 0 0 0.0289855 0.0144928 0.0869565 0.26087 0.231884 0.202899 0.15942 0.0144928 0 0 0 0 0 0 

2208 2195 1602 98 0 0.728929 0 0 0 0 0 0 0 0 0 0 0 0 0 0 0 0 0 0 0 0.0441176 0.0294118 0.147059 0.117647 0.161765 0.220588 0.161765 0.0588235 0.0588235 0 0 0 0 0 

2208 2201 1602 91 0 0.726942 0 0 0 0 0 0 0 0 0 0 0 0 0 0 0 0 0 0.0147059 0 0.0441176 0.0441176 0.0882353 0.132353 0.176471 0.279412 0.0735294 0.117647 0.0294118 0 0 0 0 0 

2208 2189 1602 95 0 0.730927 0 0 0 0 0 0 0 0 0 0 0 0 0 0 0 0 0 0 0 0 0.0294118 0.102941 0.205882 0.161765 0.25 0.132353 0.117647 0 0 0 0 0 0 

