2208 2199 1602 92 0 0.727603 0 0 0 0 0 0 0 0 0 0 0 0 0 0 0 0 0 0 0 0.0147059 0.0588235 0.0588235 0.191176 0.235294 0.191176 0.205882 0.0147059 0.0294118 0 0 0 0 0 

2176 2165 1602 89 0 0.73903 0 0 0 0 0 0 0 0 0 0 0 0 0 0 0 0 0 0 0 0 0.0298507 0.0746269 0.179104 0.164179 0.253731 0.164179 0.104478 0.0298507 0 0 0 0 0 

2240 2222 1602 86 0 0.720072 0 0 0 0 0 0 0 0 0 0 0 0 0 0 0 0 0 0 0.0144928 0.0289855 0 0.101449 0.333333 0.0869565 0.217391 0.15942 0.0289855 0.0289855 0 0 0 0 0 

2240 2219 1602 89 0 0.721045 0 0 0 0 0 0 0 0 0 0 0 0 0 0 0 0 0 0 0.0289855 0.0144928 0.0724638 0.0434783 0.173913 0.246377 0.202899 0.115942 0.101449 0 0 0 0 0 0 

2272 2248 1603 105 0 0.711744 0 0 0 0 0 0 0 0 0 0 0 0 0 0 0 0 0 0 0.0285714 0 0.0428571 0.128571 0.185714 0.285714 0.2 0.0857143 0.0428571 0 0 0 0 0 0 

2240 2222 1603 102 0 0.720072 0 0 0 0 0 0 0 0 0 0 0 0 0 0 0 0 0 0 0.0144928 0.0289855 0.0434783 0.130435 0.115942 0.188406 0.318841 0.0869565 0.057971 0.0144928 0 0 0 0 0 

2240 2216 1602 95 0 0.722022 0 0 0 0 0 0 0 0 0 0 0 0 0 0 0 0 0 0 0 0.0289855 0.0289855 0.130435 0.144928 0.246377 0.202899 0.144928 0.0724638 0 0 0 0 0 0 

2208 2199 1602 91 0 0.727603 0 0 0 0 0 0 0 0 0 0 0 0 0 0 0 0 0 0 0 0.0294118 0.0441176 0.0882353 0.161765 0.25 0.161765 0.205882 0.0147059 0.0294118 0.0147059 0 0 0 0 

2240 2226 1602 93 0 0.718778 0 0 0 0 0 0 0 0 0 0 0 0 0 0 0 0 0 0 0 0.0144928 0.0869565 0.0869565 0.217391 0.217391 0.144928 0.188406 0.0289855 0.0144928 0 0 0 0 0 

2176 2148 1602 98 0 0.744879 0 0 0 0 0 0 0 0 0 0 0 0 0 0 0 0 0 0 0 0 0.0298507 0.0746269 0.0597015 0.253731 0.208955 0.238806 0.0895522 0.0298507 0.0149254 0 0 0 0 

