2240 2214 1602 92 0 0.722674 0 0 0 0 0 0 0 0 0 0 0 0 0 0 0 0 0 0 0 0.0144928 0.057971 0.0869565 0.144928 0.304348 0.202899 0.101449 0.0724638 0.0144928 0 0 0 0 0 

2176 2166 1602 82 0 0.738689 0 0 0 0 0 0 0 0 0 0 0 0 0 0 0 0 0 0 0.0149254 0 0.0298507 0.0597015 0.19403 0.164179 0.179104 0.19403 0.164179 0 0 0 0 0 0 

2240 2215 1602 92 0 0.722348 0 0 0 0 0 0 0 0 0 0 0 0 0 0 0 0 0 0 0.0144928 0.0144928 0.057971 0.0869565 0.173913 0.217391 0.217391 0.144928 0.0289855 0.0434783 0 0 0 0 0 

2240 2212 1602 97 0 0.723327 0 0 0 0 0 0 0 0 0 0 0 0 0 0 0 0 0 0.0144928 0 0 0.0289855 0.130435 0.202899 0.15942 0.217391 0.15942 0.0869565 0 0 0 0 0 0 

2240 2215 1602 94 0 0.722348 0 0 0 0 0 0 0 0 0 0 0 0 0 0 0 0 0 0 0 0.0144928 0.0724638 0.115942 0.130435 0.217391 0.188406 0.217391 0.0434783 0 0 0 0 0 0 

2240 2212 1602 90 0 0.723327 0 0 0 0 0 0 0 0 0 0 0 0 0 0 0 0 0 0 0.0144928 0.0144928 0.0289855 0.0724638 0.217391 0.15942 0.318841 0.115942 0.0434783 0.0144928 0 0 0 0 0 

2272 2246 1602 96 0 0.712378 0 0 0 0 0 0 0 0 0 0 0 0 0 0 0 0 0 0.0142857 0 0.0285714 0.0571429 0.0857143 0.242857 0.214286 0.171429 0.142857 0.0428571 0 0 0 0 0 0 

2208 2192 1602 96 0 0.729927 0 0 0 0 0 0 0 0 0 0 0 0 0 0 0 0 0 0 0.0147059 0.0441176 0 0.0294118 0.161765 0.25 0.264706 0.191176 0.0294118 0.0147059 0 0 0 0 0 

2208 2201 1600 93 0 0.726942 0 0 0 0 0 0 0 0 0 0 0 0 0 0 0 0 0 0 0 0.0147059 0.0294118 0.117647 0.161765 0.191176 0.279412 0.161765 0.0441176 0 0 0 0 0 0 

2240 2212 1602 92 0 0.723327 0 0 0 0 0 0 0 0 0 0 0 0 0 0 0 0 0 0.0144928 0.0289855 0.0144928 0 0.130435 0.130435 0.173913 0.318841 0.0724638 0.101449 0 0.0144928 0 0 0 0 

