2240 2215 1602 98 0 0.722348 0 0 0 0 0 0 0 0 0 0 0 0 0 0 0 0 0 0 0.0144928 0 0.0434783 0.173913 0.130435 0.173913 0.202899 0.188406 0.0724638 0 0 0 0 0 0 

2208 2188 1602 89 0 0.731261 0 0 0 0 0 0 0 0 0 0 0 0 0 0 0 0 0 0.0147059 0.0147059 0.0147059 0 0.117647 0.0882353 0.235294 0.205882 0.220588 0.0735294 0.0147059 0 0 0 0 0 

2208 2195 1602 89 0 0.728929 0 0 0 0 0 0 0 0 0 0 0 0 0 0 0 0 0 0.0147059 0 0 0.0294118 0.0588235 0.147059 0.279412 0.264706 0.161765 0.0441176 0 0 0 0 0 0 

2272 2250 1603 102 0 0.711111 0 0 0 0 0 0 0 0 0 0 0 0 0 0 0 0 0 0 0 0.0142857 0.0857143 0.114286 0.214286 0.271429 0.157143 0.0857143 0.0428571 0.0142857 0 0 0 0 0 

2240 2224 1602 92 0 0.719424 0 0 0 0 0 0 0 0 0 0 0 0 0 0 0 0 0 0 0.0144928 0 0.0434783 0.057971 0.246377 0.318841 0.144928 0.115942 0.057971 0 0 0 0 0 0 

2240 2224 1602 94 0 0.719424 0 0 0 0 0 0 0 0 0 0 0 0 0 0 0 0 0 0 0.0434783 0.0144928 0 0.144928 0.144928 0.246377 0.173913 0.173913 0.057971 0 0 0 0 0 0 

2272 2255 1603 99 0 0.709534 0 0 0 0 0 0 0 0 0 0 0 0 0 0 0 0.0142857 0 0.0142857 0.0428571 0.0142857 0.0857143 0.0714286 0.142857 0.271429 0.0857143 0.171429 0.0714286 0.0142857 0 0 0 0 0 

2240 2227 1603 101 0 0.718455 0 0 0 0 0 0 0 0 0 0 0 0 0 0 0 0 0 0 0 0.0434783 0.0289855 0.115942 0.173913 0.217391 0.246377 0.144928 0.0289855 0 0 0 0 0 0 

2176 2163 1602 98 0 0.739713 0 0 0 0 0 0 0 0 0 0 0 0 0 0 0 0 0 0 0.0149254 0.0149254 0 0.0447761 0.179104 0.19403 0.268657 0.149254 0.0895522 0.0298507 0.0149254 0 0 0 0 

2208 2187 1603 99 0 0.731596 0 0 0 0 0 0 0 0 0 0 0 0 0 0 0 0 0 0 0 0.0294118 0.0294118 0.102941 0.102941 0.205882 0.264706 0.176471 0.0441176 0.0441176 0 0 0 0 0 

