2272 2245 1603 101 0 0.712695 0 0 0 0 0 0 0 0 0 0 0 0 0 0 0 0 0 0 0.0285714 0.0285714 0.0428571 0.0857143 0.171429 0.314286 0.171429 0.0857143 0.0714286 0 0 0 0 0 0 

2176 2162 1602 91 0 0.740056 0 0 0 0 0 0 0 0 0 0 0 0 0 0 0 0 0 0 0.0149254 0 0 0.0298507 0.208955 0.19403 0.268657 0.164179 0.104478 0 0.0149254 0 0 0 0 

2240 2211 1602 96 0 0.723654 0 0 0 0 0 0 0 0 0 0 0 0 0 0 0 0 0 0 0.0144928 0.0144928 0.0289855 0.115942 0.101449 0.26087 0.26087 0.173913 0.0144928 0 0.0144928 0 0 0 0 

2272 2252 1602 92 0 0.71048 0 0 0 0 0 0 0 0 0 0 0 0 0 0 0 0 0 0 0 0.0571429 0.0428571 0.142857 0.157143 0.257143 0.214286 0.1 0.0142857 0.0142857 0 0 0 0 0 

2240 2225 1602 97 0 0.719101 0 0 0 0 0 0 0 0 0 0 0 0 0 0 0 0 0 0 0.0144928 0 0.0869565 0.0724638 0.217391 0.202899 0.231884 0.101449 0.057971 0.0144928 0 0 0 0 0 

2208 2203 1600 101 0 0.726282 0 0 0 0 0 0 0 0 0 0 0 0 0 0 0 0 0 0 0 0.0147059 0.0441176 0.117647 0.176471 0.176471 0.264706 0.117647 0.0735294 0.0147059 0 0 0 0 0 

2208 2183 1602 95 0 0.732936 0 0 0 0 0 0 0 0 0 0 0 0 0 0 0 0 0 0 0 0 0.0294118 0.0882353 0.147059 0.191176 0.308824 0.147059 0.0882353 0 0 0 0 0 0 

2240 2220 1603 103 0 0.720721 0 0 0 0 0 0 0 0 0 0 0 0 0 0 0 0 0 0 0.0289855 0 0.0144928 0.130435 0.173913 0.202899 0.275362 0.115942 0.057971 0 0 0 0 0 0 

2208 2192 1602 88 0 0.729927 0 0 0 0 0 0 0 0 0 0 0 0 0 0 0 0 0 0 0.0147059 0 0.0294118 0.102941 0.205882 0.117647 0.308824 0.0882353 0.117647 0.0147059 0 0 0 0 0 

2208 2195 1602 92 0 0.728929 0 0 0 0 0 0 0 0 0 0 0 0 0 0 0 0 0 0 0.0147059 0.0147059 0 0.132353 0.117647 0.279412 0.191176 0.176471 0.0441176 0.0294118 0 0 0 0 0 

