2240 2230 1602 91 0 0.717489 0 0 0 0 0 0 0 0 0 0 0 0 0 0 0 0 0 0 0 0.0434783 0.0434783 0.15942 0.144928 0.217391 0.173913 0.15942 0.057971 0 0 0 0 0 0 

2208 2202 1601 96 0 0.726612 0 0 0 0 0 0 0 0 0 0 0 0 0 0 0 0 0 0 0 0.0147059 0.0441176 0.0882353 0.264706 0.147059 0.176471 0.191176 0.0441176 0.0294118 0 0 0 0 0 

2240 2222 1603 99 0 0.720072 0 0 0 0 0 0 0 0 0 0 0 0 0 0 0 0 0 0 0.0144928 0.0289855 0.057971 0.101449 0.173913 0.231884 0.15942 0.115942 0.0869565 0.0289855 0 0 0 0 0 

2208 2181 1602 89 0 0.733608 0 0 0 0 0 0 0 0 0 0 0 0 0 0 0 0 0 0 0 0.0294118 0 0.0882353 0.176471 0.191176 0.25 0.0882353 0.176471 0 0 0 0 0 0 

2208 2201 1601 91 0 0.726942 0 0 0 0 0 0 0 0 0 0 0 0 0 0 0 0 0 0 0 0.0147059 0.0294118 0.102941 0.235294 0.205882 0.147059 0.176471 0.0735294 0.0147059 0 0 0 0 0 

2208 2184 1602 95 0 0.732601 0 0 0 0 0 0 0 0 0 0 0 0 0 0 0 0 0 0 0.0147059 0 0.0147059 0.0441176 0.147059 0.294118 0.235294 0.205882 0.0294118 0.0147059 0 0 0 0 0 

2240 2214 1603 101 0 0.722674 0 0 0 0 0 0 0 0 0 0 0 0 0 0 0 0 0 0 0.0144928 0.0144928 0.057971 0.0869565 0.130435 0.15942 0.376812 0.115942 0.0289855 0.0144928 0 0 0 0 0 

2176 2170 1600 97 0 0.737327 0 0 0 0 0 0 0 0 0 0 0 0 0 0 0 0 0 0 0 0.0149254 0.0447761 0.0746269 0.0895522 0.223881 0.253731 0.223881 0.0447761 0.0298507 0 0 0 0 0 

2208 2196 1602 90 0 0.728597 0 0 0 0 0 0 0 0 0 0 0 0 0 0 0 0 0 0 0 0.0147059 0.0588235 0.102941 0.0882353 0.25 0.294118 0.102941 0.0588235 0.0294118 0 0 0 0 0 

2208 2195 1602 91 0 0.728929 0 0 0 0 0 0 0 0 0 0 0 0 0 0 0 0 0 0 0 0.0147059 0.0294118 0.102941 0.161765 0.176471 0.323529 0.102941 0.0882353 0 0 0 0 0 0 

