2176 2159 1602 91 0 0.741084 0 0 0 0 0 0 0 0 0 0 0 0 0 0 0 0 0 0 0 0 0.0149254 0.0895522 0.134328 0.179104 0.268657 0.179104 0.119403 0.0149254 0 0 0 0 0 

2208 2189 1602 93 0 0.730927 0 0 0 0 0 0 0 0 0 0 0 0 0 0 0 0 0 0 0.0147059 0 0 0.102941 0.147059 0.25 0.25 0.176471 0.0441176 0.0147059 0 0 0 0 0 

2208 2180 1602 90 0 0.733945 0 0 0 0 0 0 0 0 0 0 0 0 0 0 0 0 0 0 0.0147059 0 0.0147059 0.0882353 0.147059 0.191176 0.294118 0.132353 0.0882353 0.0294118 0 0 0 0 0 

2208 2185 1602 94 0 0.732265 0 0 0 0 0 0 0 0 0 0 0 0 0 0 0 0 0 0.0147059 0.0147059 0.0147059 0.0588235 0.0147059 0.117647 0.25 0.235294 0.132353 0.117647 0.0294118 0 0 0 0 0 

2208 2197 1602 90 0 0.728266 0 0 0 0 0 0 0 0 0 0 0 0 0 0 0 0 0 0 0 0.0147059 0.0588235 0.0735294 0.205882 0.220588 0.176471 0.102941 0.132353 0.0147059 0 0 0 0 0 

2208 2197 1602 91 0 0.728266 0 0 0 0 0 0 0 0 0 0 0 0 0 0 0 0 0 0 0 0 0.0441176 0.0588235 0.235294 0.205882 0.264706 0.117647 0.0588235 0.0147059 0 0 0 0 0 

2208 2191 1602 92 0 0.73026 0 0 0 0 0 0 0 0 0 0 0 0 0 0 0 0 0 0 0.0147059 0 0.0588235 0.0588235 0.161765 0.25 0.161765 0.205882 0.0588235 0.0294118 0 0 0 0 0 

2240 2212 1602 95 0 0.723327 0 0 0 0 0 0 0 0 0 0 0 0 0 0 0 0 0 0 0.0144928 0.0289855 0.0289855 0.101449 0.130435 0.275362 0.15942 0.173913 0.0869565 0 0 0 0 0 0 

2240 2218 1603 106 0 0.721371 0 0 0 0 0 0 0 0 0 0 0 0 0 0 0 0 0 0 0 0 0.0434783 0.0869565 0.246377 0.246377 0.188406 0.115942 0.0724638 0 0 0 0 0 0 

2208 2193 1602 95 0 0.729594 0 0 0 0 0 0 0 0 0 0 0 0 0 0 0 0 0 0 0 0 0.0441176 0.102941 0.117647 0.25 0.25 0.191176 0.0441176 0 0 0 0 0 0 

