2240 2213 1603 99 0 0.723 0 0 0 0 0 0 0 0 0 0 0 0 0 0 0 0 0 0 0 0.0289855 0.057971 0.130435 0.0724638 0.275362 0.188406 0.144928 0.101449 0 0 0 0 0 0 

2176 2166 1600 88 0 0.738689 0 0 0 0 0 0 0 0 0 0 0 0 0 0 0 0 0 0.0149254 0 0 0.0298507 0.0447761 0.134328 0.19403 0.298507 0.179104 0.0895522 0.0149254 0 0 0 0 0 

2240 2226 1602 95 0 0.718778 0 0 0 0 0 0 0 0 0 0 0 0 0 0 0 0 0 0 0.0144928 0.0144928 0.0724638 0.0869565 0.246377 0.173913 0.202899 0.101449 0.0434783 0.0289855 0.0144928 0 0 0 0 

2208 2187 1603 99 0 0.731596 0 0 0 0 0 0 0 0 0 0 0 0 0 0 0 0 0 0 0 0 0.0588235 0.0735294 0.161765 0.220588 0.205882 0.176471 0.0882353 0 0.0147059 0 0 0 0 

2240 2225 1603 102 0 0.719101 0 0 0 0 0 0 0 0 0 0 0 0 0 0 0 0 0.0144928 0 0.0144928 0 0.057971 0.0869565 0.15942 0.275362 0.173913 0.173913 0.0289855 0.0144928 0 0 0 0 0 

2240 2215 1603 100 0 0.722348 0 0 0 0 0 0 0 0 0 0 0 0 0 0 0 0 0 0 0 0.0144928 0.0144928 0.101449 0.202899 0.246377 0.26087 0.101449 0.057971 0 0 0 0 0 0 

2208 2193 1602 97 0 0.729594 0 0 0 0 0 0 0 0 0 0 0 0 0 0 0 0 0.0147059 0 0.0147059 0.0294118 0.0294118 0.0588235 0.161765 0.191176 0.220588 0.147059 0.102941 0.0147059 0 0.0147059 0 0 0 

2240 2228 1602 86 0 0.718133 0 0 0 0 0 0 0 0 0 0 0 0 0 0 0 0 0.0144928 0.0144928 0 0.0144928 0.0724638 0.0434783 0.188406 0.26087 0.202899 0.115942 0.057971 0.0144928 0 0 0 0 0 

2240 2214 1603 100 0 0.722674 0 0 0 0 0 0 0 0 0 0 0 0 0 0 0 0 0.0144928 0 0 0 0.0869565 0.0869565 0.188406 0.173913 0.188406 0.130435 0.101449 0.0289855 0 0 0 0 0 

2240 2216 1602 93 0 0.722022 0 0 0 0 0 0 0 0 0 0 0 0 0 0 0 0 0 0 0 0.0289855 0.0724638 0.0869565 0.144928 0.246377 0.188406 0.130435 0.101449 0 0 0 0 0 0 

