2240 2218 1602 94 0 0.721371 0 0 0 0 0 0 0 0 0 0 0 0 0 0 0 0 0 0 0 0 0.0869565 0.15942 0.115942 0.173913 0.246377 0.144928 0.057971 0.0144928 0 0 0 0 0 

2240 2224 1602 86 0 0.719424 0 0 0 0 0 0 0 0 0 0 0 0 0 0 0 0 0 0 0 0.0434783 0.0289855 0.115942 0.173913 0.188406 0.289855 0.130435 0.0144928 0.0144928 0 0 0 0 0 

2208 2202 1600 96 0 0.726612 0 0 0 0 0 0 0 0 0 0 0 0 0 0 0 0 0 0 0 0.0147059 0.0588235 0.0735294 0.205882 0.25 0.147059 0.161765 0.0588235 0.0294118 0 0 0 0 0 

2272 2255 1602 87 0 0.709534 0 0 0 0 0 0 0 0 0 0 0 0 0 0 0 0 0 0 0.0285714 0.0714286 0.0285714 0.0857143 0.157143 0.257143 0.257143 0.0857143 0.0285714 0 0 0 0 0 0 

2208 2196 1602 90 0 0.728597 0 0 0 0 0 0 0 0 0 0 0 0 0 0 0 0 0 0.0147059 0 0 0.0441176 0.132353 0.147059 0.147059 0.279412 0.147059 0.0294118 0.0588235 0 0 0 0 0 

2208 2200 1602 90 0 0.727273 0 0 0 0 0 0 0 0 0 0 0 0 0 0 0 0 0 0 0 0 0.0588235 0.102941 0.176471 0.264706 0.191176 0.0735294 0.102941 0.0294118 0 0 0 0 0 

2208 2191 1603 100 0 0.73026 0 0 0 0 0 0 0 0 0 0 0 0 0 0 0 0 0 0 0.0147059 0 0.0294118 0.0882353 0.205882 0.191176 0.205882 0.147059 0.0735294 0.0441176 0 0 0 0 0 

2208 2183 1602 93 0 0.732936 0 0 0 0 0 0 0 0 0 0 0 0 0 0 0 0 0 0 0 0.0147059 0.0441176 0.0735294 0.161765 0.220588 0.161765 0.191176 0.117647 0.0147059 0 0 0 0 0 

2208 2189 1602 83 0 0.730927 0 0 0 0 0 0 0 0 0 0 0 0 0 0 0 0 0 0 0 0.0294118 0.0147059 0.0735294 0.117647 0.294118 0.25 0.132353 0.0735294 0.0147059 0 0 0 0 0 

2208 2187 1603 99 0 0.731596 0 0 0 0 0 0 0 0 0 0 0 0 0 0 0 0 0 0 0 0.0588235 0.0147059 0.0441176 0.161765 0.205882 0.205882 0.220588 0.0588235 0.0294118 0 0 0 0 0 

