2240 2221 1602 96 0 0.720396 0 0 0 0 0 0 0 0 0 0 0 0 0 0 0 0 0 0.0144928 0 0.0289855 0.0434783 0.101449 0.0869565 0.347826 0.173913 0.15942 0.0144928 0.0289855 0 0 0 0 0 

2240 2229 1603 102 0 0.717811 0 0 0 0 0 0 0 0 0 0 0 0 0 0 0 0 0 0.0144928 0 0.057971 0.0869565 0.057971 0.144928 0.15942 0.26087 0.15942 0.0434783 0.0144928 0 0 0 0 0 

2208 2181 1602 84 0 0.733608 0 0 0 0 0 0 0 0 0 0 0 0 0 0 0 0 0 0 0 0.0147059 0.0294118 0.0588235 0.191176 0.205882 0.235294 0.102941 0.147059 0.0147059 0 0 0 0 0 

2240 2215 1602 94 0 0.722348 0 0 0 0 0 0 0 0 0 0 0 0 0 0 0 0 0 0 0 0.0144928 0.0289855 0.115942 0.217391 0.188406 0.231884 0.130435 0.0724638 0 0 0 0 0 0 

2208 2192 1602 94 0 0.729927 0 0 0 0 0 0 0 0 0 0 0 0 0 0 0 0 0 0.0147059 0 0 0 0.0735294 0.132353 0.323529 0.264706 0.147059 0.0441176 0 0 0 0 0 0 

2240 2218 1602 98 0 0.721371 0 0 0 0 0 0 0 0 0 0 0 0 0 0 0 0 0 0 0 0.0144928 0.0869565 0.057971 0.130435 0.318841 0.202899 0.130435 0.057971 0 0 0 0 0 0 

2208 2194 1602 92 0 0.729262 0 0 0 0 0 0 0 0 0 0 0 0 0 0 0 0 0 0 0.0147059 0 0.0441176 0.102941 0.132353 0.235294 0.191176 0.205882 0.0588235 0.0147059 0 0 0 0 0 

2240 2219 1603 99 0 0.721045 0 0 0 0 0 0 0 0 0 0 0 0 0 0 0 0 0 0 0 0.0724638 0.057971 0.101449 0.101449 0.202899 0.188406 0.188406 0.0724638 0.0144928 0 0 0 0 0 

2208 2188 1602 96 0 0.731261 0 0 0 0 0 0 0 0 0 0 0 0 0 0 0 0 0 0 0.0147059 0 0.0441176 0.0588235 0.147059 0.279412 0.235294 0.117647 0.0441176 0.0441176 0.0147059 0 0 0 0 

2240 2229 1602 95 0 0.717811 0 0 0 0 0 0 0 0 0 0 0 0 0 0 0 0 0 0 0 0.0289855 0.0724638 0.115942 0.15942 0.217391 0.217391 0.144928 0.0434783 0 0 0 0 0 0 

