2208 2186 1602 90 0 0.73193 0 0 0 0 0 0 0 0 0 0 0 0 0 0 0 0 0 0.0147059 0 0 0.0294118 0.117647 0.147059 0.176471 0.161765 0.25 0.102941 0 0 0 0 0 0 

2208 2187 1603 102 0 0.731596 0 0 0 0 0 0 0 0 0 0 0 0 0 0 0 0 0 0 0 0.0147059 0.0441176 0.0882353 0.176471 0.191176 0.147059 0.235294 0.0735294 0.0294118 0 0 0 0 0 

2208 2187 1602 94 0 0.731596 0 0 0 0 0 0 0 0 0 0 0 0 0 0 0 0 0 0 0 0 0.0588235 0.102941 0.117647 0.191176 0.25 0.205882 0.0588235 0.0147059 0 0 0 0 0 

2208 2185 1602 94 0 0.732265 0 0 0 0 0 0 0 0 0 0 0 0 0 0 0 0 0 0 0 0 0.0735294 0.0882353 0.161765 0.176471 0.176471 0.191176 0.102941 0.0294118 0 0 0 0 0 

2208 2191 1602 90 0 0.73026 0 0 0 0 0 0 0 0 0 0 0 0 0 0 0 0 0 0 0 0.0147059 0.0441176 0.0294118 0.176471 0.294118 0.220588 0.117647 0.102941 0 0 0 0 0 0 

2208 2182 1602 91 0 0.733272 0 0 0 0 0 0 0 0 0 0 0 0 0 0 0 0 0 0 0 0.0294118 0.0294118 0.0735294 0.117647 0.176471 0.294118 0.220588 0.0294118 0.0294118 0 0 0 0 0 

2240 2225 1602 94 0 0.719101 0 0 0 0 0 0 0 0 0 0 0 0 0 0 0 0 0 0.0144928 0 0.0144928 0.0724638 0.057971 0.15942 0.347826 0.144928 0.115942 0.057971 0.0144928 0 0 0 0 0 

2240 2221 1603 100 0 0.720396 0 0 0 0 0 0 0 0 0 0 0 0 0 0 0 0 0 0 0.0144928 0.0289855 0.0724638 0.0434783 0.173913 0.202899 0.289855 0.101449 0.0724638 0 0 0 0 0 0 

2176 2165 1602 94 0 0.73903 0 0 0 0 0 0 0 0 0 0 0 0 0 0 0 0 0 0 0.0149254 0.0149254 0 0.0597015 0.149254 0.268657 0.19403 0.134328 0.134328 0.0149254 0.0149254 0 0 0 0 

2240 2219 1602 91 0 0.721045 0 0 0 0 0 0 0 0 0 0 0 0 0 0 0 0.0144928 0 0 0 0.0144928 0.0289855 0.0869565 0.231884 0.173913 0.26087 0.130435 0.0289855 0.0289855 0 0 0 0 0 

