2240 2232 1601 87 0 0.716846 0 0 0 0 0 0 0 0 0 0 0 0 0 0 0 0 0 0 0 0.0289855 0.0434783 0.130435 0.231884 0.188406 0.173913 0.173913 0.0289855 0 0 0 0 0 0 

2208 2202 1602 97 0 0.726612 0 0 0 0 0 0 0 0 0 0 0 0 0 0 0 0 0 0 0.0147059 0.0294118 0.0441176 0.102941 0.117647 0.25 0.176471 0.176471 0.0735294 0 0.0147059 0 0 0 0 

2176 2168 1603 101 0 0.738007 0 0 0 0 0 0 0 0 0 0 0 0 0 0 0 0 0 0 0 0 0.0298507 0.0895522 0.119403 0.253731 0.223881 0.134328 0.134328 0.0149254 0 0 0 0 0 

2176 2158 1603 104 0 0.741427 0 0 0 0 0 0 0 0 0 0 0 0 0 0 0 0 0 0 0.0149254 0.0149254 0.0298507 0.0298507 0.0895522 0.208955 0.268657 0.253731 0.0597015 0.0149254 0.0149254 0 0 0 0 

2240 2229 1602 87 0 0.717811 0 0 0 0 0 0 0 0 0 0 0 0 0 0 0 0 0.0144928 0.0144928 0 0 0.101449 0.101449 0.144928 0.188406 0.231884 0.115942 0.057971 0.0289855 0 0 0 0 0 

2240 2211 1602 93 0 0.723654 0 0 0 0 0 0 0 0 0 0 0 0 0 0 0 0 0 0 0 0.0144928 0.101449 0.057971 0.115942 0.231884 0.26087 0.144928 0.0724638 0 0 0 0 0 0 

2240 2212 1603 100 0 0.723327 0 0 0 0 0 0 0 0 0 0 0 0 0 0 0 0 0 0 0.0144928 0.0289855 0.0144928 0.101449 0.15942 0.275362 0.15942 0.173913 0.0289855 0.0434783 0 0 0 0 0 

2208 2197 1603 99 0 0.728266 0 0 0 0 0 0 0 0 0 0 0 0 0 0 0 0 0 0 0 0.0147059 0.0588235 0.0735294 0.205882 0.205882 0.161765 0.176471 0.0735294 0.0294118 0 0 0 0 0 

2208 2200 1600 99 0 0.727273 0 0 0 0 0 0 0 0 0 0 0 0 0 0 0 0 0 0 0 0.0147059 0.0294118 0.117647 0.147059 0.235294 0.220588 0.176471 0.0588235 0 0 0 0 0 0 

2240 2222 1602 94 0 0.720072 0 0 0 0 0 0 0 0 0 0 0 0 0 0 0 0 0 0 0.0289855 0.0144928 0.057971 0.115942 0.057971 0.318841 0.217391 0.115942 0.057971 0.0144928 0 0 0 0 0 

