2240 2216 1602 95 0 0.722022 0 0 0 0 0 0 0 0 0 0 0 0 0 0 0 0 0 0 0 0.0144928 0 0.130435 0.15942 0.289855 0.275362 0.101449 0.0144928 0.0144928 0 0 0 0 0 

2208 2193 1602 83 0 0.729594 0 0 0 0 0 0 0 0 0 0 0 0 0 0 0 0 0 0 0 0.0294118 0.0294118 0.117647 0.0882353 0.191176 0.308824 0.205882 0.0147059 0 0.0147059 0 0 0 0 

2208 2203 1600 99 0 0.726282 0 0 0 0 0 0 0 0 0 0 0 0 0 0 0 0 0 0 0 0.0294118 0.0441176 0.117647 0.117647 0.25 0.205882 0.132353 0.102941 0 0 0 0 0 0 

2240 2233 1602 91 0 0.716525 0 0 0 0 0 0 0 0 0 0 0 0 0 0 0 0 0 0 0 0.0144928 0.057971 0.101449 0.231884 0.202899 0.26087 0.130435 0 0 0 0 0 0 0 

2208 2201 1601 89 0 0.726942 0 0 0 0 0 0 0 0 0 0 0 0 0 0 0 0 0.0147059 0 0 0.0294118 0 0.117647 0.161765 0.191176 0.25 0.147059 0.0882353 0 0 0 0 0 0 

2240 2222 1602 82 0 0.720072 0 0 0 0 0 0 0 0 0 0 0 0 0 0 0 0 0 0 0.0144928 0.0434783 0.0724638 0.101449 0.0724638 0.231884 0.26087 0.144928 0.0289855 0.0289855 0 0 0 0 0 

2208 2184 1602 93 0 0.732601 0 0 0 0 0 0 0 0 0 0 0 0 0 0 0 0 0 0 0 0.0294118 0.0294118 0.0441176 0.220588 0.191176 0.205882 0.147059 0.0882353 0.0294118 0.0147059 0 0 0 0 

2240 2217 1602 97 0 0.721696 0 0 0 0 0 0 0 0 0 0 0 0 0 0 0 0 0 0 0.0144928 0 0.0724638 0.0434783 0.188406 0.275362 0.217391 0.130435 0.057971 0 0 0 0 0 0 

2208 2202 1600 92 0 0.726612 0 0 0 0 0 0 0 0 0 0 0 0 0 0 0 0 0 0 0 0 0.0147059 0.132353 0.176471 0.264706 0.25 0.0882353 0.0588235 0.0147059 0 0 0 0 0 

2208 2195 1603 101 0 0.728929 0 0 0 0 0 0 0 0 0 0 0 0 0 0 0 0 0 0 0.0147059 0.0147059 0.0441176 0.0882353 0.161765 0.176471 0.25 0.132353 0.0882353 0.0294118 0 0 0 0 0 

