2208 2193 1602 85 0 0.729594 0 0 0 0 0 0 0 0 0 0 0 0 0 0 0 0 0 0 0 0.0441176 0.0147059 0.0735294 0.117647 0.25 0.279412 0.147059 0.0735294 0 0 0 0 0 0 

2208 2183 1602 90 0 0.732936 0 0 0 0 0 0 0 0 0 0 0 0 0 0 0 0 0 0 0 0.0147059 0.0294118 0.102941 0.0882353 0.220588 0.308824 0.132353 0.0882353 0.0147059 0 0 0 0 0 

2208 2185 1602 88 0 0.732265 0 0 0 0 0 0 0 0 0 0 0 0 0 0 0 0 0 0 0 0 0.0294118 0.0735294 0.161765 0.25 0.25 0.147059 0.0735294 0.0147059 0 0 0 0 0 

2208 2191 1602 85 0 0.73026 0 0 0 0 0 0 0 0 0 0 0 0 0 0 0 0 0 0 0.0294118 0 0.0441176 0.0147059 0.205882 0.176471 0.294118 0.176471 0.0294118 0.0294118 0 0 0 0 0 

2240 2228 1603 100 0 0.718133 0 0 0 0 0 0 0 0 0 0 0 0 0 0 0 0 0 0 0 0.0144928 0.0724638 0.101449 0.217391 0.217391 0.188406 0.130435 0.0434783 0.0144928 0 0 0 0 0 

2240 2222 1602 92 0 0.720072 0 0 0 0 0 0 0 0 0 0 0 0 0 0 0 0 0 0 0 0.0144928 0.0434783 0.173913 0.15942 0.15942 0.26087 0.115942 0.0724638 0 0 0 0 0 0 

2240 2221 1602 89 0 0.720396 0 0 0 0 0 0 0 0 0 0 0 0 0 0 0 0 0 0 0 0.0144928 0.0869565 0.101449 0.101449 0.275362 0.246377 0.130435 0.0289855 0.0144928 0 0 0 0 0 

2208 2189 1602 92 0 0.730927 0 0 0 0 0 0 0 0 0 0 0 0 0 0 0 0 0 0 0 0.0294118 0.0588235 0.0441176 0.147059 0.191176 0.294118 0.117647 0.102941 0.0147059 0 0 0 0 0 

2208 2195 1602 94 0 0.728929 0 0 0 0 0 0 0 0 0 0 0 0 0 0 0 0 0.0147059 0 0.0147059 0 0.0147059 0.0882353 0.205882 0.205882 0.147059 0.235294 0.0441176 0.0147059 0.0147059 0 0 0 0 

2208 2194 1602 95 0 0.729262 0 0 0 0 0 0 0 0 0 0 0 0 0 0 0 0 0 0 0 0.0294118 0.0294118 0.0882353 0.132353 0.294118 0.161765 0.176471 0.0588235 0.0294118 0 0 0 0 0 

