2208 2186 1602 92 0 0.73193 0 0 0 0 0 0 0 0 0 0 0 0 0 0 0 0 0 0 0 0.0294118 0 0.102941 0.132353 0.235294 0.205882 0.220588 0.0735294 0 0 0 0 0 0 

2208 2186 1602 92 0 0.73193 0 0 0 0 0 0 0 0 0 0 0 0 0 0 0 0.0147059 0 0 0 0.0147059 0.0588235 0.0588235 0.176471 0.102941 0.220588 0.235294 0.102941 0.0147059 0 0 0 0 0 

2208 2196 1601 91 0 0.728597 0 0 0 0 0 0 0 0 0 0 0 0 0 0 0 0 0 0 0.0147059 0.0147059 0.0588235 0.117647 0.117647 0.176471 0.235294 0.147059 0.0735294 0.0441176 0 0 0 0 0 

2208 2192 1602 91 0 0.729927 0 0 0 0 0 0 0 0 0 0 0 0 0 0 0 0 0 0 0 0 0.0441176 0.132353 0.102941 0.235294 0.235294 0.191176 0.0441176 0 0.0147059 0 0 0 0 

2240 2222 1602 84 0 0.720072 0 0 0 0 0 0 0 0 0 0 0 0 0 0 0 0 0 0 0.0144928 0.0144928 0.057971 0.115942 0.188406 0.144928 0.275362 0.115942 0.057971 0.0144928 0 0 0 0 0 

2240 2214 1603 109 0 0.722674 0 0 0 0 0 0 0 0 0 0 0 0 0 0 0 0 0 0 0 0.0289855 0.0144928 0.144928 0.130435 0.289855 0.188406 0.115942 0.0434783 0.0434783 0 0 0 0 0 

2240 2221 1602 97 0 0.720396 0 0 0 0 0 0 0 0 0 0 0 0 0 0 0 0 0 0 0.0144928 0.0144928 0.0289855 0.130435 0.202899 0.188406 0.217391 0.115942 0.0869565 0 0 0 0 0 0 

2240 2218 1602 98 0 0.721371 0 0 0 0 0 0 0 0 0 0 0 0 0 0 0 0 0 0.0144928 0 0 0.130435 0.0724638 0.115942 0.188406 0.231884 0.173913 0.057971 0.0144928 0 0 0 0 0 

2208 2183 1602 93 0 0.732936 0 0 0 0 0 0 0 0 0 0 0 0 0 0 0 0 0 0 0 0.0147059 0.0588235 0.0441176 0.161765 0.176471 0.264706 0.161765 0.117647 0 0 0 0 0 0 

2240 2229 1603 101 0 0.717811 0 0 0 0 0 0 0 0 0 0 0 0 0 0 0 0 0 0.0144928 0 0.0144928 0.057971 0.15942 0.144928 0.217391 0.188406 0.101449 0.0869565 0.0144928 0 0 0 0 0 

