2208 2180 1602 96 0 0.733945 0 0 0 0 0 0 0 0 0 0 0 0 0 0 0 0 0 0 0 0.0294118 0.0147059 0.117647 0.132353 0.161765 0.205882 0.25 0.0441176 0.0294118 0.0147059 0 0 0 0 

2208 2181 1602 93 0 0.733608 0 0 0 0 0 0 0 0 0 0 0 0 0 0 0 0 0 0 0 0 0.0294118 0.0735294 0.176471 0.176471 0.279412 0.191176 0.0588235 0.0147059 0 0 0 0 0 

2176 2157 1601 74 0 0.741771 0 0 0 0 0 0 0 0 0 0 0 0 0 0 0 0 0 0 0 0 0.0298507 0.0746269 0.179104 0.179104 0.164179 0.208955 0.119403 0.0447761 0 0 0 0 0 

2208 2197 1602 83 0 0.728266 0 0 0 0 0 0 0 0 0 0 0 0 0 0 0 0 0 0 0 0.0294118 0 0.147059 0.176471 0.191176 0.161765 0.205882 0.0882353 0 0 0 0 0 0 

2240 2226 1602 87 0 0.718778 0 0 0 0 0 0 0 0 0 0 0 0 0 0 0 0 0 0 0 0.0289855 0.0724638 0.101449 0.217391 0.15942 0.202899 0.144928 0.0724638 0 0 0 0 0 0 

2240 2215 1602 94 0 0.722348 0 0 0 0 0 0 0 0 0 0 0 0 0 0 0 0 0.0144928 0 0.0144928 0 0.0724638 0.0434783 0.173913 0.289855 0.144928 0.144928 0.0869565 0 0.0144928 0 0 0 0 

2240 2227 1603 103 0 0.718455 0 0 0 0 0 0 0 0 0 0 0 0 0 0 0 0 0 0 0 0.0434783 0.057971 0.115942 0.130435 0.26087 0.173913 0.173913 0.0289855 0.0144928 0 0 0 0 0 

2208 2190 1603 109 0 0.730594 0 0 0 0 0 0 0 0 0 0 0 0 0 0 0 0 0 0 0 0.0294118 0.0294118 0.0882353 0.132353 0.25 0.191176 0.191176 0.0588235 0.0147059 0.0147059 0 0 0 0 

2208 2183 1602 92 0 0.732936 0 0 0 0 0 0 0 0 0 0 0 0 0 0 0 0 0 0 0.0147059 0 0.0294118 0.102941 0.147059 0.147059 0.25 0.220588 0.0735294 0.0147059 0 0 0 0 0 

2240 2220 1602 96 0 0.720721 0 0 0 0 0 0 0 0 0 0 0 0 0 0 0 0 0 0 0 0.0289855 0.057971 0.115942 0.144928 0.26087 0.202899 0.0869565 0.0724638 0.0289855 0 0 0 0 0 

