2208 2187 1602 94 0 0.731596 0 0 0 0 0 0 0 0 0 0 0 0 0 0 0 0 0 0 0 0 0.0441176 0.0735294 0.132353 0.323529 0.191176 0.132353 0.0882353 0 0 0.0147059 0 0 0 

2208 2185 1602 89 0 0.732265 0 0 0 0 0 0 0 0 0 0 0 0 0 0 0 0 0 0 0 0.0147059 0.0588235 0.0588235 0.176471 0.0882353 0.323529 0.205882 0.0735294 0 0 0 0 0 0 

2176 2162 1601 81 0 0.740056 0 0 0 0 0 0 0 0 0 0 0 0 0 0 0 0 0 0.0149254 0 0.0149254 0 0.0447761 0.119403 0.253731 0.283582 0.134328 0.104478 0.0298507 0 0 0 0 0 

2208 2181 1603 100 0 0.733608 0 0 0 0 0 0 0 0 0 0 0 0 0 0 0 0 0 0.0147059 0 0 0.0441176 0.0882353 0.102941 0.191176 0.235294 0.220588 0.0882353 0.0147059 0 0 0 0 0 

2208 2187 1602 86 0 0.731596 0 0 0 0 0 0 0 0 0 0 0 0 0 0 0 0 0 0 0 0 0.0441176 0.147059 0.132353 0.191176 0.220588 0.0882353 0.147059 0.0294118 0 0 0 0 0 

2240 2223 1602 94 0 0.719748 0 0 0 0 0 0 0 0 0 0 0 0 0 0 0 0 0 0 0 0.0289855 0.101449 0.0434783 0.202899 0.202899 0.231884 0.0869565 0.101449 0 0 0 0 0 0 

2208 2196 1602 92 0 0.728597 0 0 0 0 0 0 0 0 0 0 0 0 0 0 0 0 0 0 0 0.0294118 0.0294118 0.0882353 0.102941 0.279412 0.25 0.161765 0.0588235 0 0 0 0 0 0 

2240 2229 1602 94 0 0.717811 0 0 0 0 0 0 0 0 0 0 0 0 0 0 0 0 0 0 0.0144928 0 0.0434783 0.15942 0.217391 0.231884 0.144928 0.0869565 0.0724638 0.0289855 0 0 0 0 0 

2208 2185 1602 96 0 0.732265 0 0 0 0 0 0 0 0 0 0 0 0 0 0 0 0 0 0 0 0.0147059 0.0294118 0.0882353 0.132353 0.205882 0.279412 0.161765 0.0735294 0.0147059 0 0 0 0 0 

2208 2190 1603 104 0 0.730594 0 0 0 0 0 0 0 0 0 0 0 0 0 0 0 0 0 0 0 0.0147059 0.0294118 0.147059 0.117647 0.220588 0.132353 0.235294 0.0882353 0.0147059 0 0 0 0 0 

