2176 2162 1602 89 0 0.740056 0 0 0 0 0 0 0 0 0 0 0 0 0 0 0 0 0 0 0 0.0298507 0 0.0746269 0.179104 0.134328 0.253731 0.208955 0.0895522 0.0149254 0 0.0149254 0 0 0 

2240 2218 1603 101 0 0.721371 0 0 0 0 0 0 0 0 0 0 0 0 0 0 0 0 0 0 0.0144928 0.0144928 0.0289855 0.0869565 0.188406 0.202899 0.289855 0.144928 0.0289855 0 0 0 0 0 0 

2208 2186 1602 94 0 0.73193 0 0 0 0 0 0 0 0 0 0 0 0 0 0 0 0 0 0 0.0147059 0 0.102941 0.0588235 0.132353 0.205882 0.147059 0.205882 0.0735294 0.0294118 0.0294118 0 0 0 0 

2208 2201 1602 94 0 0.726942 0 0 0 0 0 0 0 0 0 0 0 0 0 0 0 0 0 0 0.0147059 0.0294118 0.0294118 0.0735294 0.176471 0.191176 0.25 0.161765 0.0735294 0 0 0 0 0 0 

2208 2196 1602 91 0 0.728597 0 0 0 0 0 0 0 0 0 0 0 0 0 0 0 0 0 0 0.0147059 0 0.0147059 0.0882353 0.117647 0.352941 0.235294 0.117647 0.0294118 0.0294118 0 0 0 0 0 

2240 2230 1603 111 0 0.717489 0 0 0 0 0 0 0 0 0 0 0 0 0 0 0 0 0 0 0.0289855 0.0289855 0.0289855 0.115942 0.188406 0.217391 0.188406 0.15942 0.0144928 0.0144928 0.0144928 0 0 0 0 

2208 2198 1603 101 0 0.727934 0 0 0 0 0 0 0 0 0 0 0 0 0 0 0 0 0 0 0 0.0441176 0.0147059 0.102941 0.161765 0.176471 0.279412 0.132353 0.0588235 0.0294118 0 0 0 0 0 

2240 2223 1602 97 0 0.719748 0 0 0 0 0 0 0 0 0 0 0 0 0 0 0 0 0 0 0 0.0434783 0.0289855 0.0869565 0.246377 0.173913 0.202899 0.173913 0.0434783 0 0 0 0 0 0 

2208 2185 1603 105 0 0.732265 0 0 0 0 0 0 0 0 0 0 0 0 0 0 0 0 0 0 0 0 0.0588235 0.102941 0.117647 0.191176 0.220588 0.205882 0.102941 0 0 0 0 0 0 

2208 2183 1603 106 0 0.732936 0 0 0 0 0 0 0 0 0 0 0 0 0 0 0 0 0 0 0.0147059 0.0294118 0.0147059 0.0735294 0.0882353 0.235294 0.279412 0.147059 0.102941 0.0147059 0 0 0 0 0 

