2240 2216 1602 84 0 0.722022 0 0 0 0 0 0 0 0 0 0 0 0 0 0 0 0 0 0 0 0.0144928 0.0289855 0.144928 0.144928 0.26087 0.217391 0.101449 0.0869565 0 0 0 0 0 0 

2208 2195 1602 97 0 0.728929 0 0 0 0 0 0 0 0 0 0 0 0 0 0 0 0 0 0 0 0.0147059 0.0588235 0.0735294 0.161765 0.220588 0.220588 0.147059 0.102941 0 0 0 0 0 0 

2272 2246 1602 97 0 0.712378 0 0 0 0 0 0 0 0 0 0 0 0 0 0 0 0 0 0 0.0285714 0.0285714 0.0571429 0.1 0.114286 0.3 0.228571 0.114286 0.0285714 0 0 0 0 0 0 

2208 2189 1602 97 0 0.730927 0 0 0 0 0 0 0 0 0 0 0 0 0 0 0 0 0 0 0.0147059 0 0.0147059 0.117647 0.161765 0.191176 0.220588 0.191176 0.0735294 0.0147059 0 0 0 0 0 

2240 2230 1603 99 0 0.717489 0 0 0 0 0 0 0 0 0 0 0 0 0 0 0 0 0 0 0.0434783 0.0289855 0.0434783 0.101449 0.130435 0.231884 0.202899 0.144928 0.0724638 0 0 0 0 0 0 

2208 2183 1602 94 0 0.732936 0 0 0 0 0 0 0 0 0 0 0 0 0 0 0 0 0 0 0 0.0147059 0.0294118 0.0294118 0.191176 0.294118 0.176471 0.132353 0.117647 0.0147059 0 0 0 0 0 

2176 2161 1602 87 0 0.740398 0 0 0 0 0 0 0 0 0 0 0 0 0 0 0 0 0 0 0 0 0.0149254 0.0597015 0.179104 0.179104 0.238806 0.238806 0.0746269 0.0149254 0 0 0 0 0 

2208 2201 1601 86 0 0.726942 0 0 0 0 0 0 0 0 0 0 0 0 0 0 0 0 0 0 0 0.0147059 0.0588235 0.132353 0.0882353 0.191176 0.294118 0.176471 0.0441176 0 0 0 0 0 0 

2208 2200 1600 96 0 0.727273 0 0 0 0 0 0 0 0 0 0 0 0 0 0 0 0.0147059 0 0 0 0 0.0294118 0.117647 0.147059 0.235294 0.220588 0.161765 0.0441176 0.0294118 0 0 0 0 0 

2208 2184 1602 92 0 0.732601 0 0 0 0 0 0 0 0 0 0 0 0 0 0 0 0 0 0 0 0 0.0294118 0.102941 0.0882353 0.279412 0.25 0.191176 0.0441176 0.0147059 0 0 0 0 0 

