2208 2185 1603 107 0 0.732265 0 0 0 0 0 0 0 0 0 0 0 0 0 0 0 0 0 0 0.0147059 0 0.0588235 0.0441176 0.132353 0.25 0.191176 0.220588 0.0735294 0.0147059 0 0 0 0 0 

2240 2218 1603 100 0 0.721371 0 0 0 0 0 0 0 0 0 0 0 0 0 0 0 0 0 0 0.0144928 0 0.0434783 0.115942 0.15942 0.202899 0.289855 0.130435 0.0434783 0 0 0 0 0 0 

2208 2196 1602 93 0 0.728597 0 0 0 0 0 0 0 0 0 0 0 0 0 0 0 0 0 0 0 0.0588235 0.0147059 0.0441176 0.161765 0.308824 0.176471 0.0882353 0.147059 0 0 0 0 0 0 

2176 2162 1602 91 0 0.740056 0 0 0 0 0 0 0 0 0 0 0 0 0 0 0 0 0 0.0149254 0 0 0.0149254 0.0447761 0.134328 0.179104 0.328358 0.19403 0.0746269 0.0149254 0 0 0 0 0 

2208 2193 1602 98 0 0.729594 0 0 0 0 0 0 0 0 0 0 0 0 0 0 0 0 0 0 0.0294118 0 0.0147059 0.0882353 0.132353 0.279412 0.264706 0.0735294 0.0882353 0.0147059 0.0147059 0 0 0 0 

2208 2188 1602 92 0 0.731261 0 0 0 0 0 0 0 0 0 0 0 0 0 0 0 0 0 0 0 0.0294118 0.0147059 0.0882353 0.0882353 0.308824 0.25 0.117647 0.0882353 0.0147059 0 0 0 0 0 

2240 2227 1603 110 0 0.718455 0 0 0 0 0 0 0 0 0 0 0 0 0 0 0 0 0 0 0.0144928 0.0434783 0.0144928 0.144928 0.101449 0.289855 0.246377 0.101449 0.0144928 0 0.0289855 0 0 0 0 

2240 2211 1602 96 0 0.723654 0 0 0 0 0 0 0 0 0 0 0 0 0 0 0 0 0 0 0.0144928 0.0144928 0.0724638 0.0869565 0.144928 0.202899 0.231884 0.130435 0.0724638 0.0144928 0.0144928 0 0 0 0 

2176 2158 1602 85 0 0.741427 0 0 0 0 0 0 0 0 0 0 0 0 0 0 0 0 0 0 0 0.0149254 0.0149254 0.0895522 0.0895522 0.164179 0.328358 0.164179 0.119403 0.0149254 0 0 0 0 0 

2240 2228 1602 97 0 0.718133 0 0 0 0 0 0 0 0 0 0 0 0 0 0 0 0 0 0 0 0.0289855 0.0434783 0.173913 0.130435 0.231884 0.188406 0.144928 0.057971 0 0 0 0 0 0 

