2272 2258 1603 101 0 0.708592 0 0 0 0 0 0 0 0 0 0 0 0 0 0 0 0 0 0 0.0142857 0 0.1 0.142857 0.171429 0.285714 0.157143 0.0714286 0.0571429 0 0 0 0 0 0 

2208 2182 1602 91 0 0.733272 0 0 0 0 0 0 0 0 0 0 0 0 0 0 0 0 0 0 0 0.0147059 0.0441176 0.0588235 0.117647 0.220588 0.294118 0.161765 0.0735294 0.0147059 0 0 0 0 0 

2240 2213 1603 100 0 0.723 0 0 0 0 0 0 0 0 0 0 0 0 0 0 0 0 0 0 0 0.0144928 0.0869565 0.0724638 0.144928 0.26087 0.188406 0.130435 0.0869565 0.0144928 0 0 0 0 0 

2208 2183 1602 84 0 0.732936 0 0 0 0 0 0 0 0 0 0 0 0 0 0 0 0 0 0.0147059 0 0.0147059 0.0147059 0.0882353 0.147059 0.176471 0.235294 0.191176 0.117647 0 0 0 0 0 0 

2208 2196 1602 92 0 0.728597 0 0 0 0 0 0 0 0 0 0 0 0 0 0 0 0 0 0 0 0.0147059 0.0294118 0.0882353 0.147059 0.308824 0.191176 0.132353 0.0735294 0.0147059 0 0 0 0 0 

2208 2186 1602 89 0 0.73193 0 0 0 0 0 0 0 0 0 0 0 0 0 0 0 0 0 0 0 0.0441176 0 0.0588235 0.132353 0.294118 0.205882 0.191176 0.0441176 0.0294118 0 0 0 0 0 

2208 2195 1602 89 0 0.728929 0 0 0 0 0 0 0 0 0 0 0 0 0 0 0 0 0 0.0147059 0 0.0294118 0.0147059 0.117647 0.147059 0.205882 0.161765 0.191176 0.102941 0.0147059 0 0 0 0 0 

2208 2182 1603 100 0 0.733272 0 0 0 0 0 0 0 0 0 0 0 0 0 0 0 0 0 0 0 0.0294118 0.0294118 0.102941 0.0882353 0.191176 0.25 0.205882 0.0882353 0.0147059 0 0 0 0 0 

2240 2216 1602 96 0 0.722022 0 0 0 0 0 0 0 0 0 0 0 0 0 0 0 0 0 0.0144928 0 0.0144928 0.0144928 0.115942 0.173913 0.26087 0.188406 0.144928 0.0724638 0 0 0 0 0 0 

2208 2189 1602 91 0 0.730927 0 0 0 0 0 0 0 0 0 0 0 0 0 0 0 0 0 0 0.0294118 0 0.0294118 0.0441176 0.205882 0.205882 0.205882 0.161765 0.102941 0.0147059 0 0 0 0 0 

