2208 2200 1600 91 0 0.727273 0 0 0 0 0 0 0 0 0 0 0 0 0 0 0 0 0 0 0.0147059 0 0.0588235 0.117647 0.102941 0.294118 0.205882 0.102941 0.0588235 0.0294118 0 0.0147059 0 0 0 

2240 2230 1603 103 0 0.717489 0 0 0 0 0 0 0 0 0 0 0 0 0 0 0 0 0.0144928 0.0144928 0.0144928 0.0434783 0.0434783 0.101449 0.115942 0.217391 0.188406 0.15942 0.057971 0.0289855 0 0 0 0 0 

2240 2223 1602 96 0 0.719748 0 0 0 0 0 0 0 0 0 0 0 0 0 0 0 0.0144928 0 0 0 0.0144928 0.0724638 0.0869565 0.217391 0.115942 0.217391 0.217391 0.0434783 0 0 0 0 0 0 

2208 2189 1602 86 0 0.730927 0 0 0 0 0 0 0 0 0 0 0 0 0 0 0 0 0 0 0 0 0 0.102941 0.220588 0.235294 0.205882 0.132353 0.0882353 0.0147059 0 0 0 0 0 

2240 2214 1602 95 0 0.722674 0 0 0 0 0 0 0 0 0 0 0 0 0 0 0 0 0 0.0144928 0 0 0.0289855 0.144928 0.130435 0.275362 0.173913 0.15942 0.057971 0.0144928 0 0 0 0 0 

2240 2211 1602 94 0 0.723654 0 0 0 0 0 0 0 0 0 0 0 0 0 0 0 0 0 0 0 0.0144928 0.0289855 0.0869565 0.217391 0.246377 0.202899 0.130435 0.0434783 0.0289855 0 0 0 0 0 

2208 2200 1601 93 0 0.727273 0 0 0 0 0 0 0 0 0 0 0 0 0 0 0 0 0 0 0 0.0441176 0.0294118 0.117647 0.147059 0.191176 0.205882 0.176471 0.0588235 0.0294118 0 0 0 0 0 

2240 2213 1602 93 0 0.723 0 0 0 0 0 0 0 0 0 0 0 0 0 0 0 0 0 0 0 0.0144928 0.0434783 0.101449 0.202899 0.202899 0.217391 0.144928 0.057971 0.0144928 0 0 0 0 0 

2208 2198 1602 95 0 0.727934 0 0 0 0 0 0 0 0 0 0 0 0 0 0 0 0 0 0 0 0.0147059 0.0147059 0.0882353 0.205882 0.205882 0.308824 0.102941 0.0294118 0.0294118 0 0 0 0 0 

2240 2213 1602 97 0 0.723 0 0 0 0 0 0 0 0 0 0 0 0 0 0 0 0 0 0 0.0144928 0.0289855 0.0289855 0.0724638 0.202899 0.217391 0.217391 0.130435 0.0724638 0 0.0144928 0 0 0 0 

