2208 2193 1602 92 0 0.729594 0 0 0 0 0 0 0 0 0 0 0 0 0 0 0 0 0 0 0.0147059 0 0.0588235 0.132353 0.147059 0.176471 0.132353 0.220588 0.0882353 0.0147059 0.0147059 0 0 0 0 

2240 2230 1602 90 0 0.717489 0 0 0 0 0 0 0 0 0 0 0 0 0 0 0 0 0 0 0 0.0724638 0.0434783 0.0869565 0.202899 0.130435 0.275362 0.144928 0.0434783 0 0 0 0 0 0 

2240 2228 1602 91 0 0.718133 0 0 0 0 0 0 0 0 0 0 0 0 0 0 0 0 0 0 0.057971 0.0144928 0.0144928 0.0724638 0.173913 0.246377 0.246377 0.130435 0.0434783 0 0 0 0 0 0 

2208 2189 1602 98 0 0.730927 0 0 0 0 0 0 0 0 0 0 0 0 0 0 0 0 0 0 0 0 0.0147059 0.0882353 0.25 0.176471 0.220588 0.147059 0.0882353 0.0147059 0 0 0 0 0 

2240 2223 1602 97 0 0.719748 0 0 0 0 0 0 0 0 0 0 0 0 0 0 0 0 0 0 0 0 0.0869565 0.115942 0.202899 0.188406 0.202899 0.115942 0.0869565 0 0 0 0 0 0 

2240 2214 1602 95 0 0.722674 0 0 0 0 0 0 0 0 0 0 0 0 0 0 0 0 0 0 0.0144928 0.0289855 0.057971 0.0289855 0.202899 0.217391 0.231884 0.144928 0.057971 0.0144928 0 0 0 0 0 

2176 2169 1602 100 0 0.737667 0 0 0 0 0 0 0 0 0 0 0 0 0 0 0 0 0 0 0.0149254 0.0149254 0 0.0895522 0.134328 0.208955 0.268657 0.104478 0.134328 0.0298507 0 0 0 0 0 

2208 2191 1602 95 0 0.73026 0 0 0 0 0 0 0 0 0 0 0 0 0 0 0 0 0 0 0 0.0147059 0.0147059 0.117647 0.176471 0.191176 0.205882 0.205882 0.0588235 0.0147059 0 0 0 0 0 

2208 2198 1602 92 0 0.727934 0 0 0 0 0 0 0 0 0 0 0 0 0 0 0 0 0 0 0 0.0147059 0.0735294 0.0882353 0.0735294 0.308824 0.220588 0.132353 0.0735294 0.0147059 0 0 0 0 0 

2208 2198 1602 95 0 0.727934 0 0 0 0 0 0 0 0 0 0 0 0 0 0 0 0 0 0.0147059 0 0.0147059 0.0294118 0.0294118 0.205882 0.308824 0.191176 0.0882353 0.102941 0.0147059 0 0 0 0 0 

