2208 2192 1603 100 0 0.729927 0 0 0 0 0 0 0 0 0 0 0 0 0 0 0 0 0 0 0 0.0147059 0.0735294 0.0882353 0.147059 0.191176 0.205882 0.161765 0.0882353 0 0.0294118 0 0 0 0 

2208 2187 1602 91 0 0.731596 0 0 0 0 0 0 0 0 0 0 0 0 0 0 0 0 0.0147059 0 0 0 0.0294118 0.102941 0.117647 0.205882 0.279412 0.161765 0.0441176 0.0441176 0 0 0 0 0 

2208 2184 1602 92 0 0.732601 0 0 0 0 0 0 0 0 0 0 0 0 0 0 0 0 0 0 0 0.0147059 0.0588235 0.0588235 0.117647 0.220588 0.264706 0.176471 0.0735294 0 0.0147059 0 0 0 0 

2240 2226 1602 93 0 0.718778 0 0 0 0 0 0 0 0 0 0 0 0 0 0 0 0 0 0 0 0.0289855 0.057971 0.115942 0.15942 0.217391 0.26087 0.115942 0.0289855 0.0144928 0 0 0 0 0 

2240 2216 1602 95 0 0.722022 0 0 0 0 0 0 0 0 0 0 0 0 0 0 0 0 0 0 0 0 0.0434783 0.15942 0.115942 0.26087 0.231884 0.130435 0.057971 0 0 0 0 0 0 

2208 2200 1601 92 0 0.727273 0 0 0 0 0 0 0 0 0 0 0 0 0 0 0 0 0 0 0.0147059 0 0.0294118 0.0735294 0.176471 0.235294 0.308824 0.132353 0 0.0294118 0 0 0 0 0 

2208 2192 1602 82 0 0.729927 0 0 0 0 0 0 0 0 0 0 0 0 0 0 0 0 0 0 0 0.0147059 0.0294118 0.0735294 0.147059 0.308824 0.235294 0.0882353 0.0735294 0.0147059 0.0147059 0 0 0 0 

2272 2244 1603 99 0 0.713012 0 0 0 0 0 0 0 0 0 0 0 0 0 0 0 0 0 0 0.0142857 0 0.0285714 0.185714 0.185714 0.242857 0.214286 0.0714286 0.0285714 0.0285714 0 0 0 0 0 

2208 2189 1603 99 0 0.730927 0 0 0 0 0 0 0 0 0 0 0 0 0 0 0 0 0 0 0 0 0.0147059 0.0882353 0.220588 0.161765 0.235294 0.25 0.0294118 0 0 0 0 0 0 

2208 2195 1603 99 0 0.728929 0 0 0 0 0 0 0 0 0 0 0 0 0 0 0 0 0 0 0 0.0147059 0.0441176 0.0882353 0.176471 0.205882 0.191176 0.205882 0.0588235 0.0147059 0 0 0 0 0 

