2208 2189 1601 80 0 0.730927 0 0 0 0 0 0 0 0 0 0 0 0 0 0 0 0 0 0 0 0.0588235 0.0147059 0.132353 0.147059 0.147059 0.176471 0.147059 0.147059 0.0147059 0.0147059 0 0 0 0 

2208 2195 1602 89 0 0.728929 0 0 0 0 0 0 0 0 0 0 0 0 0 0 0 0 0 0 0.0147059 0 0.0294118 0.0588235 0.205882 0.205882 0.279412 0.132353 0.0735294 0 0 0 0 0 0 

2240 2225 1603 103 0 0.719101 0 0 0 0 0 0 0 0 0 0 0 0 0 0 0 0 0 0 0 0.0144928 0.0144928 0.144928 0.26087 0.202899 0.202899 0.101449 0.0144928 0.0289855 0.0144928 0 0 0 0 

2208 2201 1601 92 0 0.726942 0 0 0 0 0 0 0 0 0 0 0 0 0 0 0 0 0 0 0.0147059 0.0147059 0.0147059 0.147059 0.147059 0.176471 0.235294 0.191176 0.0441176 0.0147059 0 0 0 0 0 

2208 2194 1602 89 0 0.729262 0 0 0 0 0 0 0 0 0 0 0 0 0 0 0 0 0 0 0 0.0147059 0.0735294 0.0882353 0.117647 0.220588 0.220588 0.161765 0.0882353 0.0147059 0 0 0 0 0 

2240 2211 1602 97 0 0.723654 0 0 0 0 0 0 0 0 0 0 0 0 0 0 0 0 0 0 0 0.0434783 0.0144928 0.115942 0.101449 0.275362 0.246377 0.144928 0.0434783 0.0144928 0 0 0 0 0 

2240 2212 1603 104 0 0.723327 0 0 0 0 0 0 0 0 0 0 0 0 0 0 0 0 0 0 0 0.0144928 0.0869565 0.0289855 0.231884 0.26087 0.115942 0.173913 0.0434783 0.0289855 0.0144928 0 0 0 0 

2240 2219 1602 98 0 0.721045 0 0 0 0 0 0 0 0 0 0 0 0 0 0 0 0 0 0 0.0144928 0.0289855 0.0289855 0.15942 0.144928 0.188406 0.202899 0.130435 0.0869565 0 0.0144928 0 0 0 0 

2240 2218 1603 99 0 0.721371 0 0 0 0 0 0 0 0 0 0 0 0 0 0 0 0 0 0 0.0144928 0.0144928 0.0724638 0.101449 0.188406 0.15942 0.144928 0.246377 0.0434783 0.0144928 0 0 0 0 0 

2304 2279 1603 100 0 0.702062 0 0 0 0 0 0 0 0 0 0 0 0 0 0 0 0 0.0140845 0 0.028169 0.056338 0.056338 0.0985915 0.15493 0.295775 0.15493 0.112676 0.028169 0 0 0 0 0 0 

