2240 2214 1602 90 0 0.722674 0 0 0 0 0 0 0 0 0 0 0 0 0 0 0 0 0 0 0 0.0434783 0.0289855 0.0869565 0.231884 0.202899 0.173913 0.115942 0.0869565 0.0144928 0.0144928 0 0 0 0 

2208 2199 1602 92 0 0.727603 0 0 0 0 0 0 0 0 0 0 0 0 0 0 0 0 0 0 0 0.0294118 0.0147059 0.102941 0.161765 0.235294 0.264706 0.102941 0.0735294 0.0147059 0 0 0 0 0 

2240 2213 1602 93 0 0.723 0 0 0 0 0 0 0 0 0 0 0 0 0 0 0 0 0 0 0.0144928 0.0144928 0.0869565 0.0289855 0.202899 0.15942 0.318841 0.0869565 0.057971 0.0144928 0.0144928 0 0 0 0 

2240 2230 1602 98 0 0.717489 0 0 0 0 0 0 0 0 0 0 0 0 0 0 0 0 0 0 0 0.0144928 0.0289855 0.173913 0.202899 0.15942 0.289855 0.0869565 0.0434783 0 0 0 0 0 0 

2208 2189 1602 84 0 0.730927 0 0 0 0 0 0 0 0 0 0 0 0 0 0 0 0 0 0 0 0.0147059 0.0294118 0.0882353 0.176471 0.205882 0.220588 0.176471 0.0588235 0.0294118 0 0 0 0 0 

2240 2215 1602 95 0 0.722348 0 0 0 0 0 0 0 0 0 0 0 0 0 0 0 0 0 0 0 0.0144928 0.057971 0.130435 0.130435 0.231884 0.188406 0.188406 0.057971 0 0 0 0 0 0 

2240 2212 1602 95 0 0.723327 0 0 0 0 0 0 0 0 0 0 0 0 0 0 0 0 0 0 0 0.0144928 0.0434783 0.0869565 0.15942 0.246377 0.246377 0.173913 0.0289855 0 0 0 0 0 0 

2240 2219 1602 97 0 0.721045 0 0 0 0 0 0 0 0 0 0 0 0 0 0 0 0 0 0 0.0144928 0.0434783 0.0434783 0.0724638 0.173913 0.231884 0.173913 0.173913 0.057971 0.0144928 0 0 0 0 0 

2240 2215 1603 99 0 0.722348 0 0 0 0 0 0 0 0 0 0 0 0 0 0 0 0 0 0 0 0.0289855 0.0434783 0.130435 0.101449 0.26087 0.231884 0.115942 0.0724638 0.0144928 0 0 0 0 0 

2208 2201 1602 94 0 0.726942 0 0 0 0 0 0 0 0 0 0 0 0 0 0 0 0 0 0 0 0.0441176 0.0441176 0.147059 0.0735294 0.176471 0.308824 0.102941 0.0588235 0.0441176 0 0 0 0 0 

