2208 2187 1602 91 0 0.731596 0 0 0 0 0 0 0 0 0 0 0 0 0 0 0 0 0 0 0 0.0294118 0.0441176 0.102941 0.0882353 0.220588 0.205882 0.205882 0.0882353 0.0147059 0 0 0 0 0 

2208 2182 1603 102 0 0.733272 0 0 0 0 0 0 0 0 0 0 0 0 0 0 0 0 0 0.0147059 0 0 0.0441176 0.102941 0.0588235 0.264706 0.235294 0.147059 0.102941 0.0147059 0.0147059 0 0 0 0 

2208 2185 1602 94 0 0.732265 0 0 0 0 0 0 0 0 0 0 0 0 0 0 0 0 0 0 0 0.0147059 0.0294118 0.0882353 0.102941 0.279412 0.220588 0.161765 0.102941 0 0 0 0 0 0 

2176 2160 1602 89 0 0.740741 0 0 0 0 0 0 0 0 0 0 0 0 0 0 0 0 0 0 0.0149254 0 0.0149254 0.0447761 0.149254 0.208955 0.238806 0.223881 0.0746269 0.0298507 0 0 0 0 0 

2144 2127 1602 82 0 0.752233 0 0 0 0 0 0 0 0 0 0 0 0 0 0 0 0 0.0151515 0 0 0 0 0.0454545 0.106061 0.121212 0.318182 0.212121 0.136364 0.030303 0.0151515 0 0 0 0 

2240 2217 1602 97 0 0.721696 0 0 0 0 0 0 0 0 0 0 0 0 0 0 0 0 0 0 0.0144928 0 0.057971 0.115942 0.130435 0.26087 0.217391 0.144928 0.0434783 0.0144928 0 0 0 0 0 

2240 2218 1602 95 0 0.721371 0 0 0 0 0 0 0 0 0 0 0 0 0 0 0 0 0.0144928 0 0 0.0144928 0.0434783 0.144928 0.130435 0.130435 0.347826 0.0869565 0.0869565 0 0 0 0 0 0 

2240 2226 1603 100 0 0.718778 0 0 0 0 0 0 0 0 0 0 0 0 0 0 0 0 0 0 0.0144928 0.0144928 0.0434783 0.115942 0.217391 0.202899 0.188406 0.130435 0.057971 0.0144928 0 0 0 0 0 

2208 2196 1602 92 0 0.728597 0 0 0 0 0 0 0 0 0 0 0 0 0 0 0 0 0 0.0147059 0 0.0294118 0.0441176 0.0735294 0.132353 0.220588 0.205882 0.205882 0.0294118 0.0441176 0 0 0 0 0 

2240 2213 1602 97 0 0.723 0 0 0 0 0 0 0 0 0 0 0 0 0 0 0 0 0 0 0.0144928 0 0.0869565 0.0724638 0.130435 0.231884 0.275362 0.115942 0.0434783 0.0289855 0 0 0 0 0 

