2208 2197 1602 89 0 0.728266 0 0 0 0 0 0 0 0 0 0 0 0 0 0 0 0 0 0 0 0 0.0588235 0.147059 0.176471 0.176471 0.161765 0.161765 0.0588235 0.0588235 0 0 0 0 0 

2240 2216 1602 84 0 0.722022 0 0 0 0 0 0 0 0 0 0 0 0 0 0 0 0 0 0 0.0144928 0.0289855 0.0289855 0.0869565 0.173913 0.231884 0.231884 0.115942 0.0869565 0 0 0 0 0 0 

2208 2193 1602 85 0 0.729594 0 0 0 0 0 0 0 0 0 0 0 0 0 0 0 0 0 0 0 0.0294118 0 0.0588235 0.235294 0.25 0.161765 0.176471 0.0882353 0 0 0 0 0 0 

2272 2259 1603 101 0 0.708278 0 0 0 0 0 0 0 0 0 0 0 0 0 0 0 0 0 0 0.0428571 0.0142857 0.114286 0.0714286 0.242857 0.157143 0.157143 0.142857 0.0428571 0.0142857 0 0 0 0 0 

2208 2195 1603 100 0 0.728929 0 0 0 0 0 0 0 0 0 0 0 0 0 0 0 0 0 0 0.0294118 0 0.0441176 0.0441176 0.117647 0.294118 0.220588 0.191176 0.0588235 0 0 0 0 0 0 

2208 2195 1602 92 0 0.728929 0 0 0 0 0 0 0 0 0 0 0 0 0 0 0 0 0 0 0 0.0147059 0.0441176 0.0735294 0.147059 0.205882 0.308824 0.161765 0.0441176 0 0 0 0 0 0 

2208 2197 1602 92 0 0.728266 0 0 0 0 0 0 0 0 0 0 0 0 0 0 0 0 0 0 0 0.0588235 0.0588235 0.0588235 0.117647 0.132353 0.323529 0.191176 0.0441176 0.0147059 0 0 0 0 0 

2208 2203 1600 97 0 0.726282 0 0 0 0 0 0 0 0 0 0 0 0 0 0 0 0 0 0 0 0.0147059 0.0735294 0.0441176 0.147059 0.294118 0.220588 0.161765 0.0441176 0 0 0 0 0 0 

2208 2193 1602 86 0 0.729594 0 0 0 0 0 0 0 0 0 0 0 0 0 0 0 0 0 0 0.0147059 0 0.0735294 0.0735294 0.0882353 0.264706 0.235294 0.161765 0.0735294 0.0147059 0 0 0 0 0 

2240 2215 1602 96 0 0.722348 0 0 0 0 0 0 0 0 0 0 0 0 0 0 0 0 0 0 0 0.0434783 0.0434783 0.0724638 0.130435 0.304348 0.173913 0.202899 0 0.0289855 0 0 0 0 0 

