2208 2200 1602 91 0 0.727273 0 0 0 0 0 0 0 0 0 0 0 0 0 0 0 0 0 0 0 0 0.0294118 0.0441176 0.220588 0.279412 0.264706 0.147059 0.0147059 0 0 0 0 0 0 

2208 2203 1600 87 0 0.726282 0 0 0 0 0 0 0 0 0 0 0 0 0 0 0 0 0 0 0 0 0.0588235 0.102941 0.220588 0.176471 0.235294 0.0882353 0.117647 0 0 0 0 0 0 

2240 2224 1602 97 0 0.719424 0 0 0 0 0 0 0 0 0 0 0 0 0 0 0 0 0 0 0 0 0.0724638 0.130435 0.130435 0.246377 0.246377 0.173913 0 0 0 0 0 0 0 

2272 2245 1602 93 0 0.712695 0 0 0 0 0 0 0 0 0 0 0 0 0 0 0 0 0 0 0.0285714 0.0428571 0.0857143 0.1 0.114286 0.214286 0.214286 0.114286 0.0857143 0 0 0 0 0 0 

2208 2194 1602 92 0 0.729262 0 0 0 0 0 0 0 0 0 0 0 0 0 0 0 0 0 0 0 0.0147059 0.0294118 0.132353 0.147059 0.176471 0.264706 0.147059 0.0735294 0 0.0147059 0 0 0 0 

2240 2222 1603 104 0 0.720072 0 0 0 0 0 0 0 0 0 0 0 0 0 0 0 0 0 0 0.0144928 0.0289855 0.0724638 0.057971 0.202899 0.26087 0.15942 0.0724638 0.0724638 0.057971 0 0 0 0 0 

2240 2232 1601 105 0 0.716846 0 0 0 0 0 0 0 0 0 0 0 0 0 0 0 0 0 0 0 0.0289855 0.0724638 0.144928 0.15942 0.188406 0.217391 0.144928 0.0144928 0.0289855 0 0 0 0 0 

2208 2200 1601 93 0 0.727273 0 0 0 0 0 0 0 0 0 0 0 0 0 0 0 0 0 0 0 0.0147059 0.0147059 0.132353 0.176471 0.220588 0.25 0.117647 0.0294118 0.0441176 0 0 0 0 0 

2208 2203 1601 98 0 0.726282 0 0 0 0 0 0 0 0 0 0 0 0 0 0 0 0 0 0 0 0 0.0588235 0.117647 0.176471 0.235294 0.191176 0.147059 0.0441176 0.0147059 0.0147059 0 0 0 0 

2240 2220 1603 99 0 0.720721 0 0 0 0 0 0 0 0 0 0 0 0 0 0 0 0 0 0 0 0.0434783 0.0434783 0.0869565 0.173913 0.231884 0.202899 0.173913 0.0144928 0.0289855 0 0 0 0 0 

