2240 2216 1602 94 0 0.722022 0 0 0 0 0 0 0 0 0 0 0 0 0 0 0 0 0 0 0 0.0144928 0.0289855 0.115942 0.231884 0.144928 0.304348 0.0724638 0.0869565 0 0 0 0 0 0 

2208 2187 1602 88 0 0.731596 0 0 0 0 0 0 0 0 0 0 0 0 0 0 0 0 0 0 0 0 0.0441176 0.0735294 0.205882 0.147059 0.294118 0.161765 0.0294118 0.0441176 0 0 0 0 0 

2272 2249 1602 93 0 0.711427 0 0 0 0 0 0 0 0 0 0 0 0 0 0 0 0 0 0 0 0.0142857 0.0285714 0.171429 0.228571 0.285714 0.128571 0.1 0.0285714 0.0142857 0 0 0 0 0 

2208 2194 1603 99 0 0.729262 0 0 0 0 0 0 0 0 0 0 0 0 0 0 0 0 0 0 0 0.0294118 0.0147059 0.117647 0.147059 0.191176 0.25 0.161765 0.0735294 0.0147059 0 0 0 0 0 

2208 2182 1603 107 0 0.733272 0 0 0 0 0 0 0 0 0 0 0 0 0 0 0 0 0 0 0.0294118 0 0.0294118 0.0441176 0.161765 0.191176 0.264706 0.161765 0.102941 0 0.0147059 0 0 0 0 

2208 2196 1602 88 0 0.728597 0 0 0 0 0 0 0 0 0 0 0 0 0 0 0 0 0 0 0 0.0294118 0.0441176 0.0882353 0.176471 0.220588 0.147059 0.176471 0.102941 0.0147059 0 0 0 0 0 

2208 2199 1603 101 0 0.727603 0 0 0 0 0 0 0 0 0 0 0 0 0 0 0 0 0 0 0 0.0147059 0.0441176 0.0588235 0.191176 0.25 0.235294 0.132353 0.0588235 0.0147059 0 0 0 0 0 

2240 2223 1602 92 0 0.719748 0 0 0 0 0 0 0 0 0 0 0 0 0 0 0 0 0 0 0 0.0434783 0.0434783 0.115942 0.130435 0.246377 0.231884 0.130435 0.057971 0 0 0 0 0 0 

2208 2195 1602 92 0 0.728929 0 0 0 0 0 0 0 0 0 0 0 0 0 0 0 0 0 0.0147059 0 0.0147059 0.0147059 0.102941 0.147059 0.264706 0.205882 0.132353 0.0588235 0.0441176 0 0 0 0 0 

2208 2190 1602 95 0 0.730594 0 0 0 0 0 0 0 0 0 0 0 0 0 0 0 0 0 0.0294118 0.0147059 0 0 0.117647 0.132353 0.191176 0.176471 0.25 0.0588235 0.0294118 0 0 0 0 0 

