2208 2181 1602 83 0 0.733608 0 0 0 0 0 0 0 0 0 0 0 0 0 0 0 0 0 0 0 0.0147059 0.0735294 0.0735294 0.147059 0.147059 0.220588 0.205882 0.0441176 0.0735294 0 0 0 0 0 

2240 2229 1602 98 0 0.717811 0 0 0 0 0 0 0 0 0 0 0 0 0 0 0 0 0 0 0 0.0144928 0.0869565 0.101449 0.144928 0.26087 0.231884 0.130435 0.0289855 0 0 0 0 0 0 

2208 2200 1602 86 0 0.727273 0 0 0 0 0 0 0 0 0 0 0 0 0 0 0 0 0 0 0 0.0147059 0.0147059 0.132353 0.147059 0.279412 0.205882 0.117647 0.0735294 0.0147059 0 0 0 0 0 

2208 2192 1602 95 0 0.729927 0 0 0 0 0 0 0 0 0 0 0 0 0 0 0 0 0 0.0147059 0 0 0.0441176 0.0588235 0.191176 0.220588 0.235294 0.132353 0.0588235 0.0441176 0 0 0 0 0 

2240 2224 1602 96 0 0.719424 0 0 0 0 0 0 0 0 0 0 0 0 0 0 0 0 0 0 0 0.0724638 0.0144928 0.173913 0.115942 0.231884 0.130435 0.15942 0.0724638 0.0289855 0 0 0 0 0 

2240 2211 1602 92 0 0.723654 0 0 0 0 0 0 0 0 0 0 0 0 0 0 0 0 0 0 0 0 0.0144928 0.173913 0.15942 0.188406 0.26087 0.15942 0.0289855 0.0144928 0 0 0 0 0 

2240 2214 1603 108 0 0.722674 0 0 0 0 0 0 0 0 0 0 0 0 0 0 0 0 0 0 0 0 0.0434783 0.101449 0.217391 0.217391 0.173913 0.217391 0.0289855 0 0 0 0 0 0 

2208 2199 1603 100 0 0.727603 0 0 0 0 0 0 0 0 0 0 0 0 0 0 0 0 0 0 0 0.0147059 0.0735294 0.132353 0.117647 0.191176 0.176471 0.176471 0.102941 0.0147059 0 0 0 0 0 

2240 2211 1602 91 0 0.723654 0 0 0 0 0 0 0 0 0 0 0 0 0 0 0 0 0 0 0.0434783 0 0.057971 0.0434783 0.202899 0.15942 0.231884 0.173913 0.0724638 0.0144928 0 0 0 0 0 

2176 2162 1603 99 0 0.740056 0 0 0 0 0 0 0 0 0 0 0 0 0 0 0 0 0 0 0 0 0.0447761 0.0597015 0.119403 0.238806 0.238806 0.149254 0.104478 0.0447761 0 0 0 0 0 

