2240 2219 1603 105 0 0.721045 0 0 0 0 0 0 0 0 0 0 0 0 0 0 0 0 0 0 0 0 0.0289855 0.173913 0.15942 0.188406 0.304348 0.0869565 0.0434783 0.0144928 0 0 0 0 0 

2240 2214 1603 109 0 0.722674 0 0 0 0 0 0 0 0 0 0 0 0 0 0 0 0 0.0144928 0 0 0.0289855 0.057971 0.115942 0.144928 0.15942 0.217391 0.144928 0.057971 0.057971 0 0 0 0 0 

2240 2227 1603 100 0 0.718455 0 0 0 0 0 0 0 0 0 0 0 0 0 0 0 0 0 0 0 0.0144928 0.0289855 0.115942 0.188406 0.26087 0.275362 0.101449 0.0144928 0 0 0 0 0 0 

2208 2194 1602 94 0 0.729262 0 0 0 0 0 0 0 0 0 0 0 0 0 0 0 0 0 0 0.0294118 0.0294118 0.0147059 0.0294118 0.176471 0.235294 0.294118 0.0882353 0.0735294 0.0147059 0 0.0147059 0 0 0 

2240 2230 1602 96 0 0.717489 0 0 0 0 0 0 0 0 0 0 0 0 0 0 0 0 0.0144928 0 0 0.0434783 0.0869565 0.0144928 0.202899 0.26087 0.15942 0.144928 0.0724638 0 0 0 0 0 0 

2208 2190 1603 99 0 0.730594 0 0 0 0 0 0 0 0 0 0 0 0 0 0 0 0 0.0147059 0 0.0147059 0 0.0294118 0.102941 0.117647 0.205882 0.235294 0.147059 0.102941 0.0294118 0 0 0 0 0 

2208 2198 1602 88 0 0.727934 0 0 0 0 0 0 0 0 0 0 0 0 0 0 0 0 0 0 0.0147059 0.0147059 0.0294118 0.117647 0.0882353 0.264706 0.235294 0.191176 0.0147059 0.0294118 0 0 0 0 0 

2208 2192 1602 90 0 0.729927 0 0 0 0 0 0 0 0 0 0 0 0 0 0 0 0 0 0 0 0.0147059 0.0441176 0.0735294 0.176471 0.191176 0.235294 0.191176 0.0735294 0 0 0 0 0 0 

2208 2201 1601 93 0 0.726942 0 0 0 0 0 0 0 0 0 0 0 0 0 0 0 0 0 0 0 0 0.0588235 0.0882353 0.132353 0.279412 0.279412 0.0882353 0.0735294 0 0 0 0 0 0 

2208 2190 1603 99 0 0.730594 0 0 0 0 0 0 0 0 0 0 0 0 0 0 0 0 0 0 0 0.0147059 0.0588235 0.0294118 0.205882 0.220588 0.191176 0.176471 0.0882353 0.0147059 0 0 0 0 0 

