2240 2227 1602 91 0 0.718455 0 0 0 0 0 0 0 0 0 0 0 0 0 0 0 0 0 0 0 0 0.0289855 0.15942 0.202899 0.246377 0.231884 0.0724638 0.057971 0 0 0 0 0 0 

2240 2220 1602 97 0 0.720721 0 0 0 0 0 0 0 0 0 0 0 0 0 0 0 0 0 0 0.0289855 0.0144928 0.0434783 0.0724638 0.130435 0.304348 0.188406 0.188406 0.0289855 0 0 0 0 0 0 

2208 2199 1603 101 0 0.727603 0 0 0 0 0 0 0 0 0 0 0 0 0 0 0 0 0 0 0 0.0147059 0.0441176 0.176471 0.0882353 0.147059 0.279412 0.176471 0.0588235 0.0147059 0 0 0 0 0 

2208 2182 1602 95 0 0.733272 0 0 0 0 0 0 0 0 0 0 0 0 0 0 0 0 0 0 0 0 0.0441176 0.0735294 0.147059 0.264706 0.176471 0.205882 0.0441176 0.0441176 0 0 0 0 0 

2240 2229 1602 88 0 0.717811 0 0 0 0 0 0 0 0 0 0 0 0 0 0 0 0 0 0 0.0144928 0.0289855 0.057971 0.0724638 0.231884 0.202899 0.202899 0.144928 0.0144928 0.0289855 0 0 0 0 0 

2208 2201 1601 85 0 0.726942 0 0 0 0 0 0 0 0 0 0 0 0 0 0 0 0 0 0 0 0.0147059 0.0441176 0.0882353 0.176471 0.205882 0.294118 0.0882353 0.0882353 0 0 0 0 0 0 

2208 2199 1603 99 0 0.727603 0 0 0 0 0 0 0 0 0 0 0 0 0 0 0 0 0 0 0 0.0147059 0.0441176 0.0735294 0.161765 0.308824 0.176471 0.132353 0.0588235 0.0294118 0 0 0 0 0 

2240 2218 1603 100 0 0.721371 0 0 0 0 0 0 0 0 0 0 0 0 0 0 0 0 0.0144928 0 0 0.0289855 0.0434783 0.173913 0.101449 0.188406 0.188406 0.130435 0.101449 0.0144928 0.0144928 0 0 0 0 

2240 2230 1602 94 0 0.717489 0 0 0 0 0 0 0 0 0 0 0 0 0 0 0 0 0 0 0 0.0144928 0.057971 0.101449 0.231884 0.26087 0.15942 0.115942 0.057971 0 0 0 0 0 0 

2240 2218 1602 92 0 0.721371 0 0 0 0 0 0 0 0 0 0 0 0 0 0 0 0 0 0 0 0.0144928 0.0869565 0.101449 0.15942 0.217391 0.188406 0.144928 0.0724638 0.0144928 0 0 0 0 0 

