2272 2245 1602 91 0 0.712695 0 0 0 0 0 0 0 0 0 0 0 0 0 0 0 0 0 0 0 0.0285714 0.0428571 0.157143 0.214286 0.185714 0.185714 0.171429 0 0.0142857 0 0 0 0 0 

2240 2221 1602 95 0 0.720396 0 0 0 0 0 0 0 0 0 0 0 0 0 0 0 0 0 0 0 0.0144928 0.0724638 0.115942 0.130435 0.202899 0.304348 0.130435 0.0144928 0.0144928 0 0 0 0 0 

2272 2248 1603 100 0 0.711744 0 0 0 0 0 0 0 0 0 0 0 0 0 0 0 0 0.0142857 0.0142857 0.0285714 0 0.0428571 0.1 0.228571 0.171429 0.171429 0.185714 0.0428571 0 0 0 0 0 0 

2176 2168 1602 96 0 0.738007 0 0 0 0 0 0 0 0 0 0 0 0 0 0 0 0 0 0 0 0 0.0149254 0.0895522 0.149254 0.179104 0.313433 0.179104 0.0447761 0.0298507 0 0 0 0 0 

2240 2224 1602 91 0 0.719424 0 0 0 0 0 0 0 0 0 0 0 0 0 0 0 0 0 0 0.0144928 0.057971 0.0434783 0.0724638 0.130435 0.246377 0.246377 0.130435 0.0434783 0.0144928 0 0 0 0 0 

2208 2186 1602 95 0 0.73193 0 0 0 0 0 0 0 0 0 0 0 0 0 0 0 0 0 0 0.0147059 0.0147059 0.0147059 0.0882353 0.0882353 0.220588 0.323529 0.176471 0.0588235 0 0 0 0 0 0 

2240 2233 1602 97 0 0.716525 0 0 0 0 0 0 0 0 0 0 0 0 0 0 0 0 0.0144928 0 0 0.0434783 0.0724638 0.101449 0.130435 0.246377 0.173913 0.15942 0.0434783 0.0144928 0 0 0 0 0 

2240 2230 1602 91 0 0.717489 0 0 0 0 0 0 0 0 0 0 0 0 0 0 0 0 0 0.0144928 0.0289855 0 0.0434783 0.130435 0.173913 0.15942 0.275362 0.115942 0.0434783 0.0144928 0 0 0 0 0 

2208 2188 1602 96 0 0.731261 0 0 0 0 0 0 0 0 0 0 0 0 0 0 0 0 0 0 0 0 0.0294118 0.0588235 0.220588 0.220588 0.264706 0.117647 0.0441176 0.0441176 0 0 0 0 0 

2240 2218 1602 90 0 0.721371 0 0 0 0 0 0 0 0 0 0 0 0 0 0 0 0 0 0 0.0144928 0.0144928 0.0289855 0.101449 0.217391 0.231884 0.144928 0.188406 0.0434783 0.0144928 0 0 0 0 0 

