2208 2196 1602 90 0 0.728597 0 0 0 0 0 0 0 0 0 0 0 0 0 0 0 0 0 0 0 0 0.0441176 0.0735294 0.235294 0.176471 0.279412 0.102941 0.0588235 0.0294118 0 0 0 0 0 

2208 2186 1602 85 0 0.73193 0 0 0 0 0 0 0 0 0 0 0 0 0 0 0 0 0 0 0 0.0294118 0.0147059 0.0588235 0.132353 0.279412 0.235294 0.176471 0.0588235 0.0147059 0 0 0 0 0 

2208 2200 1602 91 0 0.727273 0 0 0 0 0 0 0 0 0 0 0 0 0 0 0 0 0 0 0 0.0441176 0.0441176 0.0441176 0.132353 0.25 0.279412 0.176471 0.0147059 0.0147059 0 0 0 0 0 

2208 2204 1602 99 0 0.725953 0 0 0 0 0 0 0 0 0 0 0 0 0 0 0 0 0 0 0 0 0.0588235 0.147059 0.132353 0.25 0.191176 0.147059 0.0294118 0.0294118 0.0147059 0 0 0 0 

2176 2167 1602 94 0 0.738348 0 0 0 0 0 0 0 0 0 0 0 0 0 0 0 0 0 0 0 0 0.0447761 0.0746269 0.134328 0.223881 0.253731 0.149254 0.0597015 0.0447761 0.0149254 0 0 0 0 

2176 2168 1601 86 0 0.738007 0 0 0 0 0 0 0 0 0 0 0 0 0 0 0 0 0 0 0 0.0149254 0.0298507 0.0746269 0.164179 0.223881 0.179104 0.134328 0.149254 0.0298507 0 0 0 0 0 

2176 2169 1601 95 0 0.737667 0 0 0 0 0 0 0 0 0 0 0 0 0 0 0 0 0 0 0 0.0149254 0.0447761 0.0746269 0.0746269 0.238806 0.283582 0.149254 0.104478 0.0149254 0 0 0 0 0 

2208 2184 1602 92 0 0.732601 0 0 0 0 0 0 0 0 0 0 0 0 0 0 0 0 0 0 0 0 0.0147059 0.132353 0.176471 0.235294 0.132353 0.161765 0.117647 0.0294118 0 0 0 0 0 

2208 2188 1602 88 0 0.731261 0 0 0 0 0 0 0 0 0 0 0 0 0 0 0 0 0 0 0 0.0147059 0.0441176 0.0882353 0.205882 0.0735294 0.264706 0.235294 0.0735294 0 0 0 0 0 0 

2240 2226 1602 94 0 0.718778 0 0 0 0 0 0 0 0 0 0 0 0 0 0 0 0 0 0 0 0.0144928 0.0144928 0.15942 0.173913 0.289855 0.188406 0.115942 0.0434783 0 0 0 0 0 0 

