2208 2202 1601 96 0 0.726612 0 0 0 0 0 0 0 0 0 0 0 0 0 0 0 0 0 0 0 0.0588235 0.0147059 0.102941 0.147059 0.191176 0.264706 0.132353 0.0735294 0.0147059 0 0 0 0 0 

2208 2180 1602 93 0 0.733945 0 0 0 0 0 0 0 0 0 0 0 0 0 0 0 0 0 0 0.0147059 0 0.0735294 0.0735294 0.132353 0.191176 0.161765 0.176471 0.147059 0.0294118 0 0 0 0 0 

2208 2197 1602 94 0 0.728266 0 0 0 0 0 0 0 0 0 0 0 0 0 0 0 0 0 0 0.0147059 0 0.0588235 0.0735294 0.102941 0.279412 0.25 0.161765 0.0588235 0 0 0 0 0 0 

2208 2193 1603 102 0 0.729594 0 0 0 0 0 0 0 0 0 0 0 0 0 0 0 0 0 0 0 0 0.0588235 0.132353 0.117647 0.220588 0.161765 0.220588 0.0735294 0.0147059 0 0 0 0 0 

2208 2181 1602 91 0 0.733608 0 0 0 0 0 0 0 0 0 0 0 0 0 0 0 0 0 0 0 0 0.0588235 0.102941 0.191176 0.132353 0.205882 0.161765 0.0735294 0.0588235 0.0147059 0 0 0 0 

2240 2215 1602 90 0 0.722348 0 0 0 0 0 0 0 0 0 0 0 0 0 0 0 0 0 0 0 0.0289855 0.0434783 0.101449 0.144928 0.231884 0.246377 0.144928 0.057971 0 0 0 0 0 0 

2240 2212 1602 96 0 0.723327 0 0 0 0 0 0 0 0 0 0 0 0 0 0 0 0 0 0.0144928 0 0.0144928 0.057971 0.0869565 0.15942 0.188406 0.246377 0.144928 0.0724638 0.0144928 0 0 0 0 0 

2208 2193 1603 99 0 0.729594 0 0 0 0 0 0 0 0 0 0 0 0 0 0 0 0 0 0 0.0147059 0 0.0588235 0.102941 0.147059 0.132353 0.264706 0.205882 0.0441176 0.0294118 0 0 0 0 0 

2240 2221 1602 91 0 0.720396 0 0 0 0 0 0 0 0 0 0 0 0 0 0 0 0 0 0 0.0144928 0.057971 0.0289855 0.0724638 0.15942 0.15942 0.318841 0.15942 0.0289855 0 0 0 0 0 0 

2208 2198 1602 86 0 0.727934 0 0 0 0 0 0 0 0 0 0 0 0 0 0 0 0 0 0.0147059 0 0.0147059 0 0.0735294 0.176471 0.323529 0.176471 0.132353 0.0882353 0 0 0 0 0 0 

