2208 2189 1602 91 0 0.730927 0 0 0 0 0 0 0 0 0 0 0 0 0 0 0 0 0.0147059 0 0 0.0294118 0.0294118 0.0441176 0.161765 0.279412 0.147059 0.176471 0.0588235 0.0441176 0.0147059 0 0 0 0 

2240 2227 1602 97 0 0.718455 0 0 0 0 0 0 0 0 0 0 0 0 0 0 0 0 0 0 0.0144928 0.0144928 0.0434783 0.130435 0.15942 0.26087 0.188406 0.130435 0.057971 0 0 0 0 0 0 

2240 2215 1603 100 0 0.722348 0 0 0 0 0 0 0 0 0 0 0 0 0 0 0 0 0 0 0 0 0.0434783 0.130435 0.173913 0.26087 0.15942 0.173913 0.0434783 0.0144928 0 0 0 0 0 

2240 2223 1602 96 0 0.719748 0 0 0 0 0 0 0 0 0 0 0 0 0 0 0 0 0 0 0 0.0289855 0.0289855 0.130435 0.173913 0.275362 0.173913 0.115942 0.057971 0.0144928 0 0 0 0 0 

2208 2188 1602 91 0 0.731261 0 0 0 0 0 0 0 0 0 0 0 0 0 0 0 0 0 0 0 0 0.0147059 0.0735294 0.147059 0.323529 0.220588 0.161765 0.0588235 0 0 0 0 0 0 

2240 2214 1602 87 0 0.722674 0 0 0 0 0 0 0 0 0 0 0 0 0 0 0 0 0 0 0 0.0144928 0.0434783 0.101449 0.15942 0.26087 0.202899 0.173913 0.0434783 0 0 0 0 0 0 

2272 2245 1602 94 0 0.712695 0 0 0 0 0 0 0 0 0 0 0 0 0 0 0 0 0 0 0 0.0285714 0.0571429 0.128571 0.185714 0.228571 0.242857 0.0857143 0.0428571 0 0 0 0 0 0 

2208 2187 1602 94 0 0.731596 0 0 0 0 0 0 0 0 0 0 0 0 0 0 0 0 0 0 0 0.0147059 0.0735294 0.0441176 0.176471 0.161765 0.191176 0.279412 0.0441176 0.0147059 0 0 0 0 0 

2208 2197 1603 103 0 0.728266 0 0 0 0 0 0 0 0 0 0 0 0 0 0 0 0 0 0 0.0147059 0.0294118 0.0147059 0.0735294 0.191176 0.235294 0.147059 0.205882 0.0735294 0.0147059 0 0 0 0 0 

2208 2200 1602 95 0 0.727273 0 0 0 0 0 0 0 0 0 0 0 0 0 0 0 0 0 0 0.0147059 0.0441176 0.0294118 0.0882353 0.117647 0.235294 0.235294 0.132353 0.0735294 0.0294118 0 0 0 0 0 

