2208 2193 1602 94 0 0.729594 0 0 0 0 0 0 0 0 0 0 0 0 0 0 0 0 0.0147059 0 0 0.0147059 0.0147059 0.102941 0.0882353 0.323529 0.176471 0.161765 0.102941 0 0 0 0 0 0 

2208 2193 1602 90 0 0.729594 0 0 0 0 0 0 0 0 0 0 0 0 0 0 0 0 0 0 0 0 0.0588235 0.102941 0.132353 0.279412 0.191176 0.117647 0.0882353 0.0147059 0.0147059 0 0 0 0 

2240 2211 1602 98 0 0.723654 0 0 0 0 0 0 0 0 0 0 0 0 0 0 0 0 0 0.0144928 0 0.0289855 0.0289855 0.101449 0.115942 0.275362 0.188406 0.173913 0.057971 0 0.0144928 0 0 0 0 

2208 2197 1602 97 0 0.728266 0 0 0 0 0 0 0 0 0 0 0 0 0 0 0 0 0 0 0 0.0147059 0.0147059 0.102941 0.191176 0.205882 0.25 0.176471 0.0294118 0.0147059 0 0 0 0 0 

2208 2184 1602 97 0 0.732601 0 0 0 0 0 0 0 0 0 0 0 0 0 0 0 0 0 0 0 0 0.0294118 0.0735294 0.132353 0.220588 0.323529 0.191176 0.0147059 0.0147059 0 0 0 0 0 

2208 2199 1600 95 0 0.727603 0 0 0 0 0 0 0 0 0 0 0 0 0 0 0 0 0 0 0.0147059 0.0147059 0 0.132353 0.191176 0.191176 0.191176 0.205882 0.0441176 0 0.0147059 0 0 0 0 

2208 2179 1602 95 0 0.734282 0 0 0 0 0 0 0 0 0 0 0 0 0 0 0 0 0 0 0 0.0147059 0.0294118 0.102941 0.0588235 0.294118 0.191176 0.220588 0.0588235 0.0294118 0 0 0 0 0 

2208 2190 1602 96 0 0.730594 0 0 0 0 0 0 0 0 0 0 0 0 0 0 0 0 0 0 0 0 0.0441176 0.0882353 0.132353 0.25 0.235294 0.191176 0.0588235 0 0 0 0 0 0 

2208 2185 1602 87 0 0.732265 0 0 0 0 0 0 0 0 0 0 0 0 0 0 0 0 0 0 0 0.0147059 0.0588235 0.0588235 0.0882353 0.264706 0.205882 0.264706 0.0441176 0 0 0 0 0 0 

2272 2243 1602 93 0 0.71333 0 0 0 0 0 0 0 0 0 0 0 0 0 0 0 0 0 0 0.0142857 0.0285714 0.0428571 0.0857143 0.2 0.285714 0.185714 0.128571 0.0285714 0 0 0 0 0 0 

