2208 2189 1602 94 0 0.730927 0 0 0 0 0 0 0 0 0 0 0 0 0 0 0 0 0 0 0.0147059 0 0.0735294 0.0147059 0.176471 0.176471 0.294118 0.205882 0.0294118 0 0.0147059 0 0 0 0 

2208 2193 1602 90 0 0.729594 0 0 0 0 0 0 0 0 0 0 0 0 0 0 0 0 0 0 0 0.0147059 0.0147059 0.0735294 0.191176 0.279412 0.25 0.0588235 0.0882353 0.0294118 0 0 0 0 0 

2208 2199 1602 85 0 0.727603 0 0 0 0 0 0 0 0 0 0 0 0 0 0 0 0 0 0 0.0147059 0.0294118 0.0588235 0.102941 0.132353 0.102941 0.264706 0.235294 0.0441176 0.0147059 0 0 0 0 0 

2176 2161 1602 87 0 0.740398 0 0 0 0 0 0 0 0 0 0 0 0 0 0 0 0 0 0.0149254 0 0.0298507 0.0298507 0.0149254 0.104478 0.164179 0.313433 0.223881 0.0895522 0.0149254 0 0 0 0 0 

2208 2189 1603 101 0 0.730927 0 0 0 0 0 0 0 0 0 0 0 0 0 0 0 0 0 0.0147059 0 0.0147059 0.102941 0.0588235 0.102941 0.117647 0.191176 0.323529 0.0735294 0 0 0 0 0 0 

2208 2196 1603 100 0 0.728597 0 0 0 0 0 0 0 0 0 0 0 0 0 0 0 0 0 0 0 0.0294118 0.0294118 0.102941 0.102941 0.264706 0.25 0.117647 0.102941 0 0 0 0 0 0 

2240 2217 1602 90 0 0.721696 0 0 0 0 0 0 0 0 0 0 0 0 0 0 0 0 0 0 0 0.0144928 0.057971 0.0724638 0.188406 0.231884 0.26087 0.130435 0.0434783 0 0 0 0 0 0 

2208 2193 1602 93 0 0.729594 0 0 0 0 0 0 0 0 0 0 0 0 0 0 0 0 0 0 0.0147059 0.0294118 0.0294118 0.117647 0.161765 0.132353 0.220588 0.176471 0.0588235 0.0588235 0 0 0 0 0 

2208 2197 1602 90 0 0.728266 0 0 0 0 0 0 0 0 0 0 0 0 0 0 0 0 0 0 0.0294118 0.0147059 0.0147059 0.0735294 0.147059 0.205882 0.294118 0.161765 0.0588235 0 0 0 0 0 0 

2208 2198 1602 92 0 0.727934 0 0 0 0 0 0 0 0 0 0 0 0 0 0 0 0 0 0 0.0147059 0.0147059 0.0294118 0.147059 0.147059 0.220588 0.117647 0.176471 0.102941 0.0294118 0 0 0 0 0 

