2208 2180 1602 91 0 0.733945 0 0 0 0 0 0 0 0 0 0 0 0 0 0 0 0 0 0 0 0 0.0441176 0.0735294 0.132353 0.264706 0.191176 0.176471 0.102941 0.0147059 0 0 0 0 0 

2176 2167 1601 91 0 0.738348 0 0 0 0 0 0 0 0 0 0 0 0 0 0 0 0 0 0 0 0.0298507 0.0149254 0.0597015 0.134328 0.179104 0.283582 0.223881 0.0447761 0.0298507 0 0 0 0 0 

2208 2189 1602 97 0 0.730927 0 0 0 0 0 0 0 0 0 0 0 0 0 0 0 0 0 0 0 0.0441176 0 0.102941 0.161765 0.176471 0.220588 0.220588 0.0441176 0.0294118 0 0 0 0 0 

2208 2199 1602 96 0 0.727603 0 0 0 0 0 0 0 0 0 0 0 0 0 0 0 0 0 0 0 0 0.0147059 0.117647 0.147059 0.352941 0.161765 0.147059 0.0441176 0.0147059 0 0 0 0 0 

2176 2168 1600 100 0 0.738007 0 0 0 0 0 0 0 0 0 0 0 0 0 0 0 0 0 0 0.0149254 0 0 0.104478 0.164179 0.179104 0.253731 0.149254 0.0895522 0.0298507 0.0149254 0 0 0 0 

2240 2224 1603 103 0 0.719424 0 0 0 0 0 0 0 0 0 0 0 0 0 0 0 0 0 0.0144928 0.0144928 0.0289855 0.0434783 0.115942 0.115942 0.231884 0.217391 0.144928 0.0434783 0.0289855 0 0 0 0 0 

2208 2189 1603 101 0 0.730927 0 0 0 0 0 0 0 0 0 0 0 0 0 0 0 0 0 0 0 0 0.0588235 0.0588235 0.191176 0.205882 0.279412 0.0735294 0.102941 0.0147059 0.0147059 0 0 0 0 

2240 2220 1602 96 0 0.720721 0 0 0 0 0 0 0 0 0 0 0 0 0 0 0 0 0 0.0144928 0 0.0724638 0.0724638 0.0289855 0.144928 0.217391 0.217391 0.115942 0.0724638 0.0434783 0 0 0 0 0 

2208 2199 1602 90 0 0.727603 0 0 0 0 0 0 0 0 0 0 0 0 0 0 0 0 0 0 0 0.0441176 0.0588235 0.0735294 0.117647 0.25 0.191176 0.191176 0.0294118 0.0441176 0 0 0 0 0 

2240 2224 1602 87 0 0.719424 0 0 0 0 0 0 0 0 0 0 0 0 0 0 0 0 0 0 0.0144928 0.0289855 0.0144928 0.0869565 0.188406 0.347826 0.144928 0.115942 0.0289855 0.0289855 0 0 0 0 0 

