2240 2223 1602 96 0 0.719748 0 0 0 0 0 0 0 0 0 0 0 0 0 0 0 0 0 0 0 0.0434783 0.0724638 0.057971 0.115942 0.289855 0.275362 0.0869565 0.057971 0 0 0 0 0 0 

2208 2192 1603 100 0 0.729927 0 0 0 0 0 0 0 0 0 0 0 0 0 0 0 0 0 0 0 0 0.0588235 0.0735294 0.220588 0.191176 0.147059 0.205882 0.0882353 0.0147059 0 0 0 0 0 

2208 2199 1602 91 0 0.727603 0 0 0 0 0 0 0 0 0 0 0 0 0 0 0 0 0 0 0 0 0.0882353 0.0441176 0.205882 0.205882 0.25 0.102941 0.0882353 0.0147059 0 0 0 0 0 

2176 2160 1602 89 0 0.740741 0 0 0 0 0 0 0 0 0 0 0 0 0 0 0 0 0 0 0 0 0.0298507 0.0298507 0.134328 0.223881 0.268657 0.268657 0.0298507 0.0149254 0 0 0 0 0 

2208 2190 1602 94 0 0.730594 0 0 0 0 0 0 0 0 0 0 0 0 0 0 0 0 0 0 0 0.0147059 0.0147059 0.0882353 0.176471 0.220588 0.25 0.147059 0.0882353 0 0 0 0 0 0 

2240 2225 1603 100 0 0.719101 0 0 0 0 0 0 0 0 0 0 0 0 0 0 0 0 0 0 0.0144928 0.0144928 0.0144928 0.057971 0.26087 0.304348 0.15942 0.15942 0 0.0144928 0 0 0 0 0 

2208 2186 1602 98 0 0.73193 0 0 0 0 0 0 0 0 0 0 0 0 0 0 0 0 0 0 0 0.0147059 0.0441176 0.0882353 0.102941 0.264706 0.205882 0.176471 0.0882353 0.0147059 0 0 0 0 0 

2208 2196 1603 101 0 0.728597 0 0 0 0 0 0 0 0 0 0 0 0 0 0 0 0 0 0 0 0.0294118 0.0294118 0.102941 0.176471 0.147059 0.294118 0.132353 0.0441176 0.0441176 0 0 0 0 0 

2176 2171 1600 91 0 0.736988 0 0 0 0 0 0 0 0 0 0 0 0 0 0 0 0 0 0 0 0 0.0298507 0.0447761 0.164179 0.253731 0.238806 0.208955 0.0447761 0.0149254 0 0 0 0 0 

2208 2202 1601 99 0 0.726612 0 0 0 0 0 0 0 0 0 0 0 0 0 0 0 0 0 0 0.0147059 0 0.0441176 0.132353 0.220588 0.176471 0.132353 0.102941 0.161765 0.0147059 0 0 0 0 0 

