2208 2194 1602 93 0 0.729262 0 0 0 0 0 0 0 0 0 0 0 0 0 0 0 0 0 0 0 0.0294118 0.0588235 0.0588235 0.102941 0.235294 0.279412 0.176471 0.0588235 0 0 0 0 0 0 

2240 2211 1602 92 0 0.723654 0 0 0 0 0 0 0 0 0 0 0 0 0 0 0 0 0 0 0.0289855 0.0289855 0.057971 0.0724638 0.0724638 0.217391 0.304348 0.144928 0.057971 0.0144928 0 0 0 0 0 

2176 2171 1601 89 0 0.736988 0 0 0 0 0 0 0 0 0 0 0 0 0 0 0 0 0 0 0 0.0149254 0.0149254 0.0895522 0.164179 0.134328 0.343284 0.134328 0.0746269 0.0298507 0 0 0 0 0 

2208 2194 1602 89 0 0.729262 0 0 0 0 0 0 0 0 0 0 0 0 0 0 0 0 0 0 0 0.0294118 0.0882353 0.0882353 0.132353 0.191176 0.147059 0.161765 0.132353 0.0294118 0 0 0 0 0 

2240 2217 1603 101 0 0.721696 0 0 0 0 0 0 0 0 0 0 0 0 0 0 0 0 0 0 0 0.0724638 0.0289855 0.0724638 0.188406 0.130435 0.333333 0.101449 0.0434783 0.0144928 0 0.0144928 0 0 0 

2208 2191 1603 99 0 0.73026 0 0 0 0 0 0 0 0 0 0 0 0 0 0 0 0 0 0 0.0147059 0 0.0294118 0.147059 0.161765 0.161765 0.147059 0.220588 0.0882353 0.0294118 0 0 0 0 0 

2176 2166 1602 95 0 0.738689 0 0 0 0 0 0 0 0 0 0 0 0 0 0 0 0 0 0.0149254 0 0.0149254 0.0298507 0.0746269 0.104478 0.149254 0.343284 0.149254 0.0746269 0.0298507 0 0.0149254 0 0 0 

2208 2202 1601 87 0 0.726612 0 0 0 0 0 0 0 0 0 0 0 0 0 0 0 0.0147059 0 0 0 0.0441176 0 0.0882353 0.161765 0.264706 0.161765 0.161765 0.0882353 0.0147059 0 0 0 0 0 

2240 2226 1603 104 0 0.718778 0 0 0 0 0 0 0 0 0 0 0 0 0 0 0 0.0144928 0 0.0144928 0.0144928 0.0144928 0.057971 0.0289855 0.188406 0.202899 0.26087 0.144928 0.057971 0 0 0 0 0 0 

2240 2216 1602 92 0 0.722022 0 0 0 0 0 0 0 0 0 0 0 0 0 0 0 0 0 0 0 0.0289855 0.0144928 0.144928 0.202899 0.115942 0.304348 0.115942 0.0724638 0 0 0 0 0 0 

