2240 2229 1602 84 0 0.717811 0 0 0 0 0 0 0 0 0 0 0 0 0 0 0 0 0 0 0 0.0144928 0.057971 0.101449 0.173913 0.362319 0.115942 0.115942 0.057971 0 0 0 0 0 0 

2208 2201 1601 100 0 0.726942 0 0 0 0 0 0 0 0 0 0 0 0 0 0 0 0 0 0 0 0.0147059 0.0735294 0.0735294 0.161765 0.205882 0.235294 0.161765 0.0588235 0.0147059 0 0 0 0 0 

2240 2234 1601 94 0 0.716204 0 0 0 0 0 0 0 0 0 0 0 0 0 0 0 0 0 0 0.0289855 0 0.0724638 0.15942 0.130435 0.202899 0.202899 0.15942 0.0434783 0 0 0 0 0 0 

2240 2232 1602 96 0 0.716846 0 0 0 0 0 0 0 0 0 0 0 0 0 0 0 0 0 0.0289855 0 0.0144928 0.0434783 0.101449 0.202899 0.217391 0.217391 0.115942 0.0434783 0.0144928 0 0 0 0 0 

2208 2199 1603 101 0 0.727603 0 0 0 0 0 0 0 0 0 0 0 0 0 0 0 0 0 0 0 0.0294118 0.0441176 0.147059 0.117647 0.132353 0.25 0.205882 0.0588235 0.0147059 0 0 0 0 0 

2208 2197 1602 95 0 0.728266 0 0 0 0 0 0 0 0 0 0 0 0 0 0 0 0 0 0 0.0147059 0 0.0147059 0.0882353 0.25 0.132353 0.279412 0.147059 0.0735294 0 0 0 0 0 0 

2240 2225 1603 99 0 0.719101 0 0 0 0 0 0 0 0 0 0 0 0 0 0 0 0 0 0 0 0 0.0434783 0.15942 0.188406 0.217391 0.188406 0.173913 0.0289855 0 0 0 0 0 0 

2208 2196 1602 95 0 0.728597 0 0 0 0 0 0 0 0 0 0 0 0 0 0 0 0 0.0147059 0 0 0.0147059 0.0588235 0.0882353 0.132353 0.205882 0.176471 0.220588 0.0588235 0.0294118 0 0 0 0 0 

2208 2190 1602 92 0 0.730594 0 0 0 0 0 0 0 0 0 0 0 0 0 0 0 0 0 0 0.0147059 0.0147059 0.0147059 0.0588235 0.191176 0.235294 0.191176 0.191176 0.0882353 0 0 0 0 0 0 

2240 2218 1603 105 0 0.721371 0 0 0 0 0 0 0 0 0 0 0 0 0 0 0 0 0 0 0 0.057971 0.0289855 0.0869565 0.173913 0.231884 0.202899 0.144928 0.0434783 0.0144928 0.0144928 0 0 0 0 

