2240 2225 1602 90 0 0.719101 0 0 0 0 0 0 0 0 0 0 0 0 0 0 0 0 0 0 0.0289855 0.0289855 0.0289855 0.0724638 0.130435 0.275362 0.275362 0.15942 0 0 0 0 0 0 0 

2208 2200 1600 89 0 0.727273 0 0 0 0 0 0 0 0 0 0 0 0 0 0 0 0 0 0 0 0.0147059 0.0441176 0.0882353 0.205882 0.205882 0.235294 0.102941 0.0735294 0.0294118 0 0 0 0 0 

2240 2231 1602 96 0 0.717167 0 0 0 0 0 0 0 0 0 0 0 0 0 0 0 0 0 0 0.0144928 0.0144928 0.057971 0.0724638 0.246377 0.202899 0.217391 0.15942 0.0144928 0 0 0 0 0 0 

2272 2245 1603 103 0 0.712695 0 0 0 0 0 0 0 0 0 0 0 0 0 0 0 0 0 0 0 0.0142857 0.0714286 0.142857 0.2 0.228571 0.171429 0.1 0.0714286 0 0 0 0 0 0 

2208 2179 1602 93 0 0.734282 0 0 0 0 0 0 0 0 0 0 0 0 0 0 0 0 0 0 0 0.0147059 0.0294118 0.0588235 0.147059 0.25 0.220588 0.132353 0.147059 0 0 0 0 0 0 

2240 2217 1603 102 0 0.721696 0 0 0 0 0 0 0 0 0 0 0 0 0 0 0 0 0 0 0.0144928 0.0144928 0.0289855 0.0724638 0.275362 0.173913 0.188406 0.173913 0.0289855 0.0289855 0 0 0 0 0 

2208 2191 1602 96 0 0.73026 0 0 0 0 0 0 0 0 0 0 0 0 0 0 0 0 0 0 0 0.0147059 0 0.117647 0.147059 0.264706 0.191176 0.205882 0.0588235 0 0 0 0 0 0 

2272 2244 1603 106 0 0.713012 0 0 0 0 0 0 0 0 0 0 0 0 0 0 0 0 0 0 0.0285714 0.0428571 0.1 0.128571 0.0714286 0.185714 0.2 0.157143 0.0714286 0.0142857 0 0 0 0 0 

2208 2185 1602 91 0 0.732265 0 0 0 0 0 0 0 0 0 0 0 0 0 0 0 0 0 0 0 0 0.0147059 0.0147059 0.264706 0.264706 0.220588 0.117647 0.102941 0 0 0 0 0 0 

2240 2226 1602 97 0 0.718778 0 0 0 0 0 0 0 0 0 0 0 0 0 0 0 0 0 0 0 0.0144928 0.0434783 0.144928 0.15942 0.246377 0.231884 0.115942 0.0434783 0 0 0 0 0 0 

