2208 2182 1602 97 0 0.733272 0 0 0 0 0 0 0 0 0 0 0 0 0 0 0 0 0 0 0 0.0147059 0.0294118 0.117647 0.117647 0.205882 0.205882 0.176471 0.117647 0.0147059 0 0 0 0 0 

2240 2215 1602 98 0 0.722348 0 0 0 0 0 0 0 0 0 0 0 0 0 0 0 0 0 0 0 0.0289855 0.057971 0.115942 0.130435 0.188406 0.26087 0.15942 0.0434783 0.0144928 0 0 0 0 0 

2208 2200 1600 90 0 0.727273 0 0 0 0 0 0 0 0 0 0 0 0 0 0 0 0 0 0 0 0.0441176 0.0294118 0.0588235 0.205882 0.205882 0.205882 0.191176 0.0294118 0.0294118 0 0 0 0 0 

2208 2190 1602 94 0 0.730594 0 0 0 0 0 0 0 0 0 0 0 0 0 0 0 0 0 0 0.0147059 0.0147059 0.0294118 0.161765 0.0735294 0.220588 0.191176 0.161765 0.0882353 0.0294118 0.0147059 0 0 0 0 

2208 2190 1602 95 0 0.730594 0 0 0 0 0 0 0 0 0 0 0 0 0 0 0 0 0 0 0 0 0.0294118 0.102941 0.117647 0.235294 0.323529 0.147059 0.0294118 0.0147059 0 0 0 0 0 

2272 2245 1602 96 0 0.712695 0 0 0 0 0 0 0 0 0 0 0 0 0 0 0 0 0 0.0428571 0.0142857 0 0.0571429 0.142857 0.114286 0.214286 0.2 0.128571 0.0857143 0 0 0 0 0 0 

2176 2165 1602 90 0 0.73903 0 0 0 0 0 0 0 0 0 0 0 0 0 0 0 0 0 0 0 0.0298507 0.0447761 0.0149254 0.119403 0.179104 0.298507 0.238806 0.0746269 0 0 0 0 0 0 

2208 2194 1602 95 0 0.729262 0 0 0 0 0 0 0 0 0 0 0 0 0 0 0 0 0 0 0 0.0147059 0.0588235 0.0588235 0.176471 0.191176 0.264706 0.161765 0.0588235 0.0147059 0 0 0 0 0 

2240 2213 1602 97 0 0.723 0 0 0 0 0 0 0 0 0 0 0 0 0 0 0 0 0 0 0 0.0289855 0.0289855 0.101449 0.15942 0.246377 0.217391 0.173913 0.0289855 0.0144928 0 0 0 0 0 

2240 2224 1602 93 0 0.719424 0 0 0 0 0 0 0 0 0 0 0 0 0 0 0 0 0 0 0.0144928 0.0289855 0.0724638 0.0724638 0.217391 0.217391 0.115942 0.173913 0.057971 0.0289855 0 0 0 0 0 

