2240 2223 1603 100 0 0.719748 0 0 0 0 0 0 0 0 0 0 0 0 0 0 0 0 0.0144928 0 0 0 0.057971 0.130435 0.144928 0.217391 0.202899 0.202899 0.0289855 0 0 0 0 0 0 

2208 2184 1602 91 0 0.732601 0 0 0 0 0 0 0 0 0 0 0 0 0 0 0 0 0 0 0.0147059 0 0.0147059 0.0735294 0.147059 0.264706 0.25 0.132353 0.0735294 0.0294118 0 0 0 0 0 

2208 2197 1602 89 0 0.728266 0 0 0 0 0 0 0 0 0 0 0 0 0 0 0 0 0 0 0 0 0.0735294 0.0735294 0.191176 0.176471 0.25 0.147059 0.0882353 0 0 0 0 0 0 

2208 2200 1602 88 0 0.727273 0 0 0 0 0 0 0 0 0 0 0 0 0 0 0 0 0 0 0 0.0294118 0 0.0735294 0.205882 0.308824 0.191176 0.117647 0.0441176 0.0294118 0 0 0 0 0 

2240 2222 1602 93 0 0.720072 0 0 0 0 0 0 0 0 0 0 0 0 0 0 0 0 0 0 0 0.0434783 0.0144928 0.15942 0.188406 0.144928 0.231884 0.15942 0.0434783 0.0144928 0 0 0 0 0 

2240 2221 1603 101 0 0.720396 0 0 0 0 0 0 0 0 0 0 0 0 0 0 0 0 0 0 0 0.0434783 0.0724638 0.115942 0.130435 0.173913 0.217391 0.188406 0.0434783 0 0.0144928 0 0 0 0 

2240 2219 1602 95 0 0.721045 0 0 0 0 0 0 0 0 0 0 0 0 0 0 0 0 0 0 0 0.0144928 0.057971 0.057971 0.202899 0.26087 0.246377 0.130435 0.0144928 0.0144928 0 0 0 0 0 

2208 2188 1602 88 0 0.731261 0 0 0 0 0 0 0 0 0 0 0 0 0 0 0 0 0 0 0 0 0.0441176 0.102941 0.132353 0.235294 0.25 0.132353 0.0735294 0.0294118 0 0 0 0 0 

2208 2200 1602 97 0 0.727273 0 0 0 0 0 0 0 0 0 0 0 0 0 0 0 0 0 0 0.0147059 0 0.0147059 0.117647 0.132353 0.264706 0.264706 0.147059 0.0441176 0 0 0 0 0 0 

2240 2214 1602 93 0 0.722674 0 0 0 0 0 0 0 0 0 0 0 0 0 0 0 0 0 0 0.0144928 0.0289855 0.0434783 0.101449 0.144928 0.173913 0.275362 0.144928 0.057971 0.0144928 0 0 0 0 0 

