2240 2213 1602 95 0 0.723 0 0 0 0 0 0 0 0 0 0 0 0 0 0 0 0 0 0.0144928 0 0.0144928 0.0434783 0.0724638 0.0724638 0.362319 0.231884 0.15942 0.0289855 0 0 0 0 0 0 

2272 2247 1603 104 0 0.712061 0 0 0 0 0 0 0 0 0 0 0 0 0 0 0 0 0 0 0.0285714 0.0142857 0.0857143 0.1 0.2 0.142857 0.257143 0.128571 0.0285714 0.0142857 0 0 0 0 0 

2208 2193 1602 95 0 0.729594 0 0 0 0 0 0 0 0 0 0 0 0 0 0 0 0 0 0 0 0.0294118 0.0294118 0.0735294 0.191176 0.25 0.191176 0.0882353 0.102941 0.0441176 0 0 0 0 0 

2240 2219 1602 96 0 0.721045 0 0 0 0 0 0 0 0 0 0 0 0 0 0 0 0 0 0 0 0.0289855 0.0434783 0.101449 0.15942 0.246377 0.231884 0.144928 0.0289855 0.0144928 0 0 0 0 0 

2208 2181 1602 96 0 0.733608 0 0 0 0 0 0 0 0 0 0 0 0 0 0 0 0 0 0 0 0.0441176 0.0147059 0.0882353 0.102941 0.235294 0.235294 0.147059 0.0735294 0.0588235 0 0 0 0 0 

2240 2224 1603 108 0 0.719424 0 0 0 0 0 0 0 0 0 0 0 0 0 0 0 0 0 0 0.0144928 0.0144928 0.0724638 0.115942 0.115942 0.26087 0.217391 0.101449 0.0724638 0.0144928 0 0 0 0 0 

2240 2233 1601 98 0 0.716525 0 0 0 0 0 0 0 0 0 0 0 0 0 0 0 0 0.0144928 0 0.0144928 0 0.0434783 0.101449 0.188406 0.275362 0.217391 0.115942 0.0144928 0.0144928 0 0 0 0 0 

2208 2200 1602 93 0 0.727273 0 0 0 0 0 0 0 0 0 0 0 0 0 0 0 0 0 0 0.0147059 0.0147059 0.0441176 0.102941 0.161765 0.25 0.132353 0.176471 0.0588235 0.0441176 0 0 0 0 0 

2176 2161 1602 91 0 0.740398 0 0 0 0 0 0 0 0 0 0 0 0 0 0 0 0 0 0 0 0 0 0.119403 0.149254 0.179104 0.208955 0.238806 0.0597015 0.0447761 0 0 0 0 0 

2208 2191 1602 93 0 0.73026 0 0 0 0 0 0 0 0 0 0 0 0 0 0 0 0 0 0 0 0.0294118 0.0441176 0.0441176 0.176471 0.235294 0.235294 0.132353 0.0588235 0.0441176 0 0 0 0 0 

