2272 2257 1602 98 0 0.708906 0 0 0 0 0 0 0 0 0 0 0 0 0 0 0 0 0 0.0142857 0 0.0142857 0.114286 0.171429 0.142857 0.185714 0.171429 0.128571 0.0428571 0.0142857 0 0 0 0 0 

2208 2198 1601 96 0 0.727934 0 0 0 0 0 0 0 0 0 0 0 0 0 0 0 0 0 0 0 0.0294118 0.0588235 0.0294118 0.117647 0.352941 0.205882 0.132353 0.0588235 0.0147059 0 0 0 0 0 

2208 2199 1602 94 0 0.727603 0 0 0 0 0 0 0 0 0 0 0 0 0 0 0 0 0 0 0 0 0.0588235 0.161765 0.132353 0.147059 0.294118 0.102941 0.0588235 0.0441176 0 0 0 0 0 

2208 2182 1602 91 0 0.733272 0 0 0 0 0 0 0 0 0 0 0 0 0 0 0 0 0 0 0.0147059 0 0.0147059 0.0882353 0.147059 0.308824 0.147059 0.132353 0.0882353 0.0588235 0 0 0 0 0 

2240 2222 1602 98 0 0.720072 0 0 0 0 0 0 0 0 0 0 0 0 0 0 0 0 0 0 0 0.0144928 0.0289855 0.115942 0.26087 0.188406 0.217391 0.0869565 0.0869565 0 0 0 0 0 0 

2208 2188 1602 93 0 0.731261 0 0 0 0 0 0 0 0 0 0 0 0 0 0 0 0 0 0 0 0.0294118 0.0441176 0.0735294 0.161765 0.191176 0.205882 0.191176 0.0588235 0.0441176 0 0 0 0 0 

2272 2245 1602 97 0 0.712695 0 0 0 0 0 0 0 0 0 0 0 0 0 0 0 0 0 0 0.0142857 0.0428571 0.0571429 0.128571 0.114286 0.242857 0.214286 0.171429 0.0142857 0 0 0 0 0 0 

2176 2157 1602 98 0 0.741771 0 0 0 0 0 0 0 0 0 0 0 0 0 0 0 0 0 0 0 0.0298507 0.0298507 0.0597015 0.119403 0.104478 0.298507 0.223881 0.119403 0.0149254 0 0 0 0 0 

2208 2203 1601 98 0 0.726282 0 0 0 0 0 0 0 0 0 0 0 0 0 0 0 0 0 0 0 0.0147059 0.0441176 0.102941 0.161765 0.25 0.205882 0.161765 0.0441176 0.0147059 0 0 0 0 0 

2240 2213 1602 98 0 0.723 0 0 0 0 0 0 0 0 0 0 0 0 0 0 0 0 0 0 0 0.0289855 0.0434783 0.0724638 0.217391 0.231884 0.15942 0.15942 0.0724638 0.0144928 0 0 0 0 0 

