2240 2215 1602 98 0 0.722348 0 0 0 0 0 0 0 0 0 0 0 0 0 0 0 0 0 0.0144928 0 0.0144928 0.0144928 0.115942 0.26087 0.130435 0.188406 0.173913 0.0869565 0 0 0 0 0 0 

2208 2197 1602 84 0 0.728266 0 0 0 0 0 0 0 0 0 0 0 0 0 0 0 0 0 0 0 0.0294118 0.0294118 0.0735294 0.220588 0.176471 0.220588 0.161765 0.0735294 0.0147059 0 0 0 0 0 

2208 2196 1602 92 0 0.728597 0 0 0 0 0 0 0 0 0 0 0 0 0 0 0 0 0 0 0.0147059 0.0441176 0.0294118 0.0588235 0.117647 0.308824 0.176471 0.117647 0.102941 0.0294118 0 0 0 0 0 

2208 2197 1602 92 0 0.728266 0 0 0 0 0 0 0 0 0 0 0 0 0 0 0 0 0 0 0 0 0.0588235 0.0882353 0.235294 0.147059 0.161765 0.264706 0.0294118 0.0147059 0 0 0 0 0 

2240 2219 1602 98 0 0.721045 0 0 0 0 0 0 0 0 0 0 0 0 0 0 0 0 0.0144928 0 0 0.0289855 0.057971 0.101449 0.188406 0.130435 0.231884 0.15942 0.0724638 0 0.0144928 0 0 0 0 

2208 2189 1602 95 0 0.730927 0 0 0 0 0 0 0 0 0 0 0 0 0 0 0 0 0 0.0147059 0 0 0.0735294 0.0735294 0.102941 0.220588 0.235294 0.176471 0.0735294 0.0294118 0 0 0 0 0 

2208 2200 1600 97 0 0.727273 0 0 0 0 0 0 0 0 0 0 0 0 0 0 0 0 0.0147059 0 0.0294118 0.0147059 0.0147059 0.0735294 0.191176 0.132353 0.294118 0.147059 0.0588235 0.0147059 0.0147059 0 0 0 0 

2240 2211 1602 94 0 0.723654 0 0 0 0 0 0 0 0 0 0 0 0 0 0 0 0 0 0 0 0 0.0289855 0.130435 0.188406 0.231884 0.26087 0.0724638 0.0434783 0.0434783 0 0 0 0 0 

2208 2189 1602 92 0 0.730927 0 0 0 0 0 0 0 0 0 0 0 0 0 0 0 0 0 0.0147059 0 0 0.0294118 0.0735294 0.147059 0.220588 0.235294 0.235294 0.0441176 0 0 0 0 0 0 

2240 2217 1603 99 0 0.721696 0 0 0 0 0 0 0 0 0 0 0 0 0 0 0 0 0 0 0.0289855 0.0289855 0.057971 0.0434783 0.144928 0.15942 0.362319 0.130435 0.0289855 0.0144928 0 0 0 0 0 

