2208 2185 1603 100 0 0.732265 0 0 0 0 0 0 0 0 0 0 0 0 0 0 0 0 0 0 0 0 0.0441176 0.102941 0.117647 0.294118 0.191176 0.117647 0.0735294 0.0441176 0.0147059 0 0 0 0 

2240 2211 1602 97 0 0.723654 0 0 0 0 0 0 0 0 0 0 0 0 0 0 0 0 0 0 0.0144928 0.0144928 0.0289855 0.101449 0.188406 0.15942 0.318841 0.0869565 0.057971 0.0289855 0 0 0 0 0 

2208 2200 1602 89 0 0.727273 0 0 0 0 0 0 0 0 0 0 0 0 0 0 0 0 0 0 0 0.0441176 0.0735294 0.0735294 0.117647 0.235294 0.191176 0.132353 0.117647 0.0147059 0 0 0 0 0 

2208 2182 1602 88 0 0.733272 0 0 0 0 0 0 0 0 0 0 0 0 0 0 0 0 0 0.0147059 0 0.0147059 0.0294118 0.0882353 0.102941 0.132353 0.367647 0.161765 0.0588235 0.0294118 0 0 0 0 0 

2272 2255 1602 97 0 0.709534 0 0 0 0 0 0 0 0 0 0 0 0 0 0 0 0 0 0 0.0285714 0.0142857 0.114286 0.142857 0.157143 0.171429 0.171429 0.142857 0.0428571 0 0.0142857 0 0 0 0 

2240 2217 1602 92 0 0.721696 0 0 0 0 0 0 0 0 0 0 0 0 0 0 0 0 0 0 0 0 0.0289855 0.130435 0.202899 0.275362 0.15942 0.15942 0.0144928 0.0289855 0 0 0 0 0 

2240 2217 1602 95 0 0.721696 0 0 0 0 0 0 0 0 0 0 0 0 0 0 0 0 0 0 0 0.0144928 0.057971 0.115942 0.217391 0.144928 0.26087 0.0869565 0.0724638 0.0289855 0 0 0 0 0 

2240 2217 1602 93 0 0.721696 0 0 0 0 0 0 0 0 0 0 0 0 0 0 0 0 0 0 0.0289855 0 0.0144928 0.15942 0.15942 0.188406 0.202899 0.202899 0.0289855 0.0144928 0 0 0 0 0 

2208 2188 1602 98 0 0.731261 0 0 0 0 0 0 0 0 0 0 0 0 0 0 0 0 0 0 0 0.0147059 0.0147059 0.0882353 0.102941 0.235294 0.338235 0.191176 0.0147059 0 0 0 0 0 0 

2208 2179 1602 94 0 0.734282 0 0 0 0 0 0 0 0 0 0 0 0 0 0 0 0 0 0 0 0 0.0588235 0.0294118 0.191176 0.25 0.176471 0.161765 0.0882353 0.0441176 0 0 0 0 0 

