2240 2218 1602 96 0 0.721371 0 0 0 0 0 0 0 0 0 0 0 0 0 0 0 0.0144928 0 0 0.0144928 0.0144928 0.0144928 0.0289855 0.246377 0.231884 0.246377 0.15942 0.0144928 0.0144928 0 0 0 0 0 

2208 2192 1601 81 0 0.729927 0 0 0 0 0 0 0 0 0 0 0 0 0 0 0 0 0 0 0 0 0.0588235 0.0735294 0.176471 0.235294 0.220588 0.132353 0.0882353 0.0147059 0 0 0 0 0 

2208 2193 1602 91 0 0.729594 0 0 0 0 0 0 0 0 0 0 0 0 0 0 0 0 0 0 0.0147059 0 0.0441176 0.0294118 0.147059 0.308824 0.279412 0.117647 0.0294118 0.0294118 0 0 0 0 0 

2208 2200 1601 93 0 0.727273 0 0 0 0 0 0 0 0 0 0 0 0 0 0 0 0 0 0 0 0.0147059 0.0147059 0.0882353 0.235294 0.191176 0.25 0.147059 0.0588235 0 0 0 0 0 0 

2208 2185 1603 109 0 0.732265 0 0 0 0 0 0 0 0 0 0 0 0 0 0 0 0 0 0 0 0 0.0294118 0.102941 0.176471 0.147059 0.264706 0.220588 0.0294118 0.0294118 0 0 0 0 0 

2208 2180 1602 93 0 0.733945 0 0 0 0 0 0 0 0 0 0 0 0 0 0 0 0 0 0 0 0 0.0147059 0.0735294 0.147059 0.25 0.279412 0.161765 0.0588235 0.0147059 0 0 0 0 0 

2240 2220 1603 102 0 0.720721 0 0 0 0 0 0 0 0 0 0 0 0 0 0 0 0 0 0 0 0 0.0434783 0.144928 0.15942 0.246377 0.217391 0.15942 0.0144928 0.0144928 0 0 0 0 0 

2240 2213 1602 91 0 0.723 0 0 0 0 0 0 0 0 0 0 0 0 0 0 0 0 0 0 0 0.0289855 0.0434783 0.0869565 0.173913 0.202899 0.231884 0.188406 0.0434783 0 0 0 0 0 0 

2208 2187 1603 99 0 0.731596 0 0 0 0 0 0 0 0 0 0 0 0 0 0 0 0 0 0 0.0147059 0.0147059 0 0.0735294 0.147059 0.264706 0.264706 0.102941 0.102941 0.0147059 0 0 0 0 0 

2240 2214 1602 96 0 0.722674 0 0 0 0 0 0 0 0 0 0 0 0 0 0 0 0 0 0 0.0144928 0 0.0434783 0.101449 0.188406 0.26087 0.173913 0.130435 0.057971 0.0289855 0 0 0 0 0 

