2240 2223 1602 86 0 0.719748 0 0 0 0 0 0 0 0 0 0 0 0 0 0 0 0 0 0 0.0434783 0 0.0724638 0.0289855 0.202899 0.202899 0.231884 0.188406 0.0289855 0 0 0 0 0 0 

2240 2212 1602 94 0 0.723327 0 0 0 0 0 0 0 0 0 0 0 0 0 0 0 0 0 0 0 0.0144928 0.0289855 0.101449 0.188406 0.217391 0.26087 0.130435 0.057971 0 0 0 0 0 0 

2240 2212 1603 103 0 0.723327 0 0 0 0 0 0 0 0 0 0 0 0 0 0 0 0 0 0 0.0144928 0.0289855 0.0144928 0.173913 0.115942 0.173913 0.246377 0.130435 0.057971 0.0289855 0.0144928 0 0 0 0 

2208 2197 1602 97 0 0.728266 0 0 0 0 0 0 0 0 0 0 0 0 0 0 0 0 0 0 0 0.0147059 0.0294118 0.191176 0.102941 0.161765 0.25 0.161765 0.0441176 0.0441176 0 0 0 0 0 

2208 2182 1602 94 0 0.733272 0 0 0 0 0 0 0 0 0 0 0 0 0 0 0 0 0 0 0.0147059 0 0.0294118 0.0588235 0.191176 0.191176 0.220588 0.176471 0.102941 0.0147059 0 0 0 0 0 

2208 2198 1600 93 0 0.727934 0 0 0 0 0 0 0 0 0 0 0 0 0 0 0 0 0 0 0.0147059 0 0.0588235 0.0882353 0.0882353 0.264706 0.264706 0.176471 0.0441176 0 0 0 0 0 0 

2240 2222 1602 96 0 0.720072 0 0 0 0 0 0 0 0 0 0 0 0 0 0 0 0 0 0 0.0144928 0.0144928 0.0289855 0.0869565 0.231884 0.26087 0.188406 0.101449 0.0434783 0.0289855 0 0 0 0 0 

2208 2197 1602 95 0 0.728266 0 0 0 0 0 0 0 0 0 0 0 0 0 0 0 0 0.0147059 0 0 0 0.0588235 0.102941 0.132353 0.205882 0.191176 0.220588 0.0588235 0.0147059 0 0 0 0 0 

2208 2194 1602 93 0 0.729262 0 0 0 0 0 0 0 0 0 0 0 0 0 0 0 0 0 0 0 0.0147059 0 0.147059 0.161765 0.220588 0.25 0.0735294 0.117647 0.0147059 0 0 0 0 0 

2208 2197 1602 83 0 0.728266 0 0 0 0 0 0 0 0 0 0 0 0 0 0 0 0 0 0 0 0 0.0735294 0.0735294 0.117647 0.294118 0.220588 0.161765 0.0441176 0.0147059 0 0 0 0 0 

