2240 2214 1603 103 0 0.722674 0 0 0 0 0 0 0 0 0 0 0 0 0 0 0 0 0 0.0289855 0.0144928 0 0.0434783 0.0869565 0.15942 0.188406 0.217391 0.173913 0.057971 0.0289855 0 0 0 0 0 

2208 2201 1600 98 0 0.726942 0 0 0 0 0 0 0 0 0 0 0 0 0 0 0 0 0 0 0 0.0294118 0.0294118 0.0882353 0.176471 0.235294 0.205882 0.161765 0.0735294 0 0 0 0 0 0 

2272 2252 1602 98 0 0.71048 0 0 0 0 0 0 0 0 0 0 0 0 0 0 0 0 0 0 0.0142857 0.0142857 0.0285714 0.171429 0.157143 0.314286 0.2 0.0714286 0.0285714 0 0 0 0 0 0 

2240 2218 1602 94 0 0.721371 0 0 0 0 0 0 0 0 0 0 0 0 0 0 0 0 0 0.0144928 0 0.0289855 0 0.0724638 0.231884 0.246377 0.217391 0.130435 0.057971 0 0 0 0 0 0 

2240 2225 1602 92 0 0.719101 0 0 0 0 0 0 0 0 0 0 0 0 0 0 0 0 0 0 0 0 0.057971 0.101449 0.246377 0.188406 0.26087 0.101449 0.0434783 0 0 0 0 0 0 

2208 2192 1603 104 0 0.729927 0 0 0 0 0 0 0 0 0 0 0 0 0 0 0 0 0 0 0.0294118 0 0.0147059 0.0882353 0.147059 0.264706 0.161765 0.205882 0.0735294 0.0147059 0 0 0 0 0 

2208 2199 1602 89 0 0.727603 0 0 0 0 0 0 0 0 0 0 0 0 0 0 0 0 0 0 0 0 0.0294118 0.117647 0.191176 0.25 0.205882 0.0882353 0.117647 0 0 0 0 0 0 

2208 2196 1603 103 0 0.728597 0 0 0 0 0 0 0 0 0 0 0 0 0 0 0 0 0 0 0.0147059 0.0147059 0.0294118 0.0882353 0.205882 0.102941 0.279412 0.205882 0.0441176 0.0147059 0 0 0 0 0 

2176 2156 1602 87 0 0.742115 0 0 0 0 0 0 0 0 0 0 0 0 0 0 0 0 0 0.0149254 0.0149254 0.0149254 0 0.0447761 0.0895522 0.19403 0.253731 0.268657 0.0746269 0.0298507 0 0 0 0 0 

2208 2193 1603 101 0 0.729594 0 0 0 0 0 0 0 0 0 0 0 0 0 0 0 0 0 0 0 0.0588235 0.0147059 0.0588235 0.102941 0.220588 0.367647 0.102941 0.0441176 0.0294118 0 0 0 0 0 

