2176 2171 1600 97 0 0.736988 0 0 0 0 0 0 0 0 0 0 0 0 0 0 0 0 0 0 0.0149254 0 0.0447761 0.0597015 0.134328 0.164179 0.268657 0.238806 0.0746269 0 0 0 0 0 0 

2176 2166 1603 101 0 0.738689 0 0 0 0 0 0 0 0 0 0 0 0 0 0 0 0 0 0 0 0.0298507 0 0.0447761 0.134328 0.268657 0.253731 0.149254 0.0895522 0.0298507 0 0 0 0 0 

2176 2158 1601 80 0 0.741427 0 0 0 0 0 0 0 0 0 0 0 0 0 0 0 0 0 0 0.0149254 0 0.0149254 0 0.119403 0.328358 0.238806 0.164179 0.119403 0 0 0 0 0 0 

2208 2189 1602 96 0 0.730927 0 0 0 0 0 0 0 0 0 0 0 0 0 0 0 0 0 0 0.0147059 0 0.0147059 0.117647 0.191176 0.176471 0.191176 0.191176 0.0735294 0.0294118 0 0 0 0 0 

2208 2197 1602 95 0 0.728266 0 0 0 0 0 0 0 0 0 0 0 0 0 0 0 0 0 0 0.0294118 0.0147059 0.0441176 0.0735294 0.0882353 0.264706 0.25 0.161765 0.0441176 0.0294118 0 0 0 0 0 

2240 2227 1603 103 0 0.718455 0 0 0 0 0 0 0 0 0 0 0 0 0 0 0 0 0 0 0.0144928 0.057971 0.0289855 0.101449 0.130435 0.217391 0.318841 0.0434783 0.0724638 0.0144928 0 0 0 0 0 

2176 2154 1602 87 0 0.742804 0 0 0 0 0 0 0 0 0 0 0 0 0 0 0 0 0 0 0 0 0.0149254 0.0597015 0.0746269 0.343284 0.179104 0.238806 0.0447761 0.0149254 0.0298507 0 0 0 0 

2240 2213 1602 90 0 0.723 0 0 0 0 0 0 0 0 0 0 0 0 0 0 0 0 0 0 0 0.0144928 0.0289855 0.115942 0.173913 0.202899 0.289855 0.115942 0.057971 0 0 0 0 0 0 

2240 2227 1602 89 0 0.718455 0 0 0 0 0 0 0 0 0 0 0 0 0 0 0 0 0.0144928 0 0.0144928 0.0289855 0.057971 0.0869565 0.144928 0.202899 0.275362 0.101449 0.0434783 0.0289855 0 0 0 0 0 

2208 2192 1602 91 0 0.729927 0 0 0 0 0 0 0 0 0 0 0 0 0 0 0 0 0 0 0 0.0147059 0.0147059 0.0882353 0.117647 0.308824 0.264706 0.132353 0.0441176 0.0147059 0 0 0 0 0 

