2208 2197 1602 89 0 0.728266 0 0 0 0 0 0 0 0 0 0 0 0 0 0 0 0 0 0 0 0 0.0294118 0.0735294 0.235294 0.235294 0.235294 0.102941 0.0735294 0.0147059 0 0 0 0 0 

2240 2213 1602 98 0 0.723 0 0 0 0 0 0 0 0 0 0 0 0 0 0 0 0 0 0 0.0144928 0.0144928 0.057971 0.057971 0.188406 0.246377 0.217391 0.101449 0.0724638 0.0289855 0 0 0 0 0 

2240 2213 1602 98 0 0.723 0 0 0 0 0 0 0 0 0 0 0 0 0 0 0 0 0 0.0144928 0 0.0289855 0.057971 0.0724638 0.217391 0.15942 0.217391 0.0869565 0.101449 0.0289855 0.0144928 0 0 0 0 

2208 2198 1602 94 0 0.727934 0 0 0 0 0 0 0 0 0 0 0 0 0 0 0 0 0 0 0.0147059 0 0.0588235 0.102941 0.0735294 0.294118 0.25 0.132353 0.0441176 0.0294118 0 0 0 0 0 

2240 2216 1603 99 0 0.722022 0 0 0 0 0 0 0 0 0 0 0 0 0 0 0 0 0 0 0 0.0144928 0.0289855 0.101449 0.217391 0.231884 0.188406 0.15942 0.057971 0 0 0 0 0 0 

2272 2249 1603 103 0 0.711427 0 0 0 0 0 0 0 0 0 0 0 0 0 0 0 0 0.0142857 0 0.0142857 0.0285714 0.0714286 0.0571429 0.2 0.228571 0.228571 0.128571 0.0142857 0.0142857 0 0 0 0 0 

2240 2219 1602 88 0 0.721045 0 0 0 0 0 0 0 0 0 0 0 0 0 0 0 0 0 0 0 0.0289855 0.0434783 0.144928 0.144928 0.202899 0.231884 0.101449 0.101449 0 0 0 0 0 0 

2240 2220 1602 95 0 0.720721 0 0 0 0 0 0 0 0 0 0 0 0 0 0 0 0 0 0 0 0.0434783 0.0434783 0.057971 0.15942 0.289855 0.246377 0.101449 0.057971 0 0 0 0 0 0 

2240 2227 1602 97 0 0.718455 0 0 0 0 0 0 0 0 0 0 0 0 0 0 0 0 0 0 0.0144928 0 0.0289855 0.144928 0.231884 0.217391 0.15942 0.144928 0.057971 0 0 0 0 0 0 

2208 2191 1602 91 0 0.73026 0 0 0 0 0 0 0 0 0 0 0 0 0 0 0 0 0 0 0.0147059 0.0294118 0.0294118 0.0588235 0.147059 0.25 0.25 0.0588235 0.132353 0.0294118 0 0 0 0 0 

