2208 2186 1602 96 0 0.73193 0 0 0 0 0 0 0 0 0 0 0 0 0 0 0 0 0 0 0 0.0147059 0.0294118 0.0882353 0.147059 0.235294 0.25 0.147059 0.0441176 0.0294118 0 0.0147059 0 0 0 

2208 2180 1602 92 0 0.733945 0 0 0 0 0 0 0 0 0 0 0 0 0 0 0 0 0 0 0 0.0294118 0.0147059 0.0588235 0.117647 0.279412 0.205882 0.220588 0.0441176 0.0294118 0 0 0 0 0 

2240 2226 1603 106 0 0.718778 0 0 0 0 0 0 0 0 0 0 0 0 0 0 0 0 0 0 0.0144928 0.0289855 0.0434783 0.144928 0.101449 0.188406 0.304348 0.144928 0.0289855 0 0 0 0 0 0 

2176 2158 1602 92 0 0.741427 0 0 0 0 0 0 0 0 0 0 0 0 0 0 0 0 0 0 0.0298507 0 0.0447761 0.0746269 0.0895522 0.149254 0.253731 0.164179 0.149254 0.0298507 0.0149254 0 0 0 0 

2240 2216 1603 99 0 0.722022 0 0 0 0 0 0 0 0 0 0 0 0 0 0 0 0 0 0 0.0434783 0.0289855 0.0434783 0.057971 0.15942 0.202899 0.15942 0.217391 0.0869565 0 0 0 0 0 0 

2272 2254 1602 96 0 0.709849 0 0 0 0 0 0 0 0 0 0 0 0 0 0 0 0 0.0285714 0 0.0142857 0.0285714 0.0285714 0.128571 0.128571 0.285714 0.214286 0.1 0.0428571 0 0 0 0 0 0 

2208 2182 1602 97 0 0.733272 0 0 0 0 0 0 0 0 0 0 0 0 0 0 0 0 0 0 0 0 0 0.0735294 0.176471 0.308824 0.191176 0.161765 0.0735294 0.0147059 0 0 0 0 0 

2240 2219 1602 92 0 0.721045 0 0 0 0 0 0 0 0 0 0 0 0 0 0 0 0 0 0 0.0144928 0 0.057971 0.101449 0.173913 0.246377 0.217391 0.130435 0.0289855 0.0289855 0 0 0 0 0 

2208 2190 1603 102 0 0.730594 0 0 0 0 0 0 0 0 0 0 0 0 0 0 0 0 0 0.0147059 0.0147059 0 0.0294118 0.0588235 0.161765 0.235294 0.220588 0.147059 0.102941 0 0.0147059 0 0 0 0 

2208 2194 1602 95 0 0.729262 0 0 0 0 0 0 0 0 0 0 0 0 0 0 0 0 0 0 0 0.0294118 0.0441176 0.0588235 0.147059 0.205882 0.264706 0.220588 0.0147059 0.0147059 0 0 0 0 0 

