2208 2196 1602 97 0 0.728597 0 0 0 0 0 0 0 0 0 0 0 0 0 0 0 0 0 0.0147059 0 0.0147059 0 0.0882353 0.191176 0.205882 0.264706 0.147059 0.0735294 0 0 0 0 0 0 

2208 2193 1603 100 0 0.729594 0 0 0 0 0 0 0 0 0 0 0 0 0 0 0 0 0 0 0 0 0.0294118 0.0882353 0.191176 0.264706 0.191176 0.132353 0.0882353 0.0147059 0 0 0 0 0 

2272 2255 1603 101 0 0.709534 0 0 0 0 0 0 0 0 0 0 0 0 0 0 0 0 0 0.0285714 0.0285714 0.0285714 0.1 0.0857143 0.1 0.185714 0.257143 0.142857 0.0285714 0.0142857 0 0 0 0 0 

2176 2167 1602 93 0 0.738348 0 0 0 0 0 0 0 0 0 0 0 0 0 0 0 0 0 0 0 0.0149254 0.0149254 0.0447761 0.164179 0.149254 0.373134 0.19403 0.0298507 0 0.0149254 0 0 0 0 

2176 2162 1602 87 0 0.740056 0 0 0 0 0 0 0 0 0 0 0 0 0 0 0 0 0 0 0 0.0149254 0.0149254 0.0149254 0.19403 0.208955 0.268657 0.149254 0.134328 0 0 0 0 0 0 

2208 2194 1602 95 0 0.729262 0 0 0 0 0 0 0 0 0 0 0 0 0 0 0 0 0 0 0 0 0.0441176 0.102941 0.176471 0.191176 0.235294 0.191176 0.0441176 0.0147059 0 0 0 0 0 

2240 2219 1603 99 0 0.721045 0 0 0 0 0 0 0 0 0 0 0 0 0 0 0 0 0 0 0 0 0.115942 0.101449 0.130435 0.202899 0.231884 0.144928 0.057971 0.0144928 0 0 0 0 0 

2240 2211 1602 92 0 0.723654 0 0 0 0 0 0 0 0 0 0 0 0 0 0 0 0 0.0144928 0.0144928 0 0.0144928 0.0289855 0.0869565 0.130435 0.202899 0.289855 0.144928 0.057971 0.0144928 0 0 0 0 0 

2208 2201 1602 93 0 0.726942 0 0 0 0 0 0 0 0 0 0 0 0 0 0 0 0 0 0 0 0.0294118 0.0294118 0.0882353 0.117647 0.308824 0.220588 0.147059 0.0588235 0 0 0 0 0 0 

2208 2196 1602 90 0 0.728597 0 0 0 0 0 0 0 0 0 0 0 0 0 0 0 0 0 0 0 0.0147059 0.0441176 0.117647 0.176471 0.161765 0.220588 0.176471 0.0735294 0 0.0147059 0 0 0 0 

