2176 2165 1602 90 0 0.73903 0 0 0 0 0 0 0 0 0 0 0 0 0 0 0 0 0 0 0.0149254 0 0.0149254 0.0746269 0.134328 0.238806 0.253731 0.0895522 0.149254 0.0298507 0 0 0 0 0 

2208 2196 1602 93 0 0.728597 0 0 0 0 0 0 0 0 0 0 0 0 0 0 0 0 0 0 0 0.0147059 0.0294118 0.117647 0.176471 0.25 0.117647 0.205882 0.0588235 0.0294118 0 0 0 0 0 

2240 2213 1602 97 0 0.723 0 0 0 0 0 0 0 0 0 0 0 0 0 0 0 0 0 0 0 0.0289855 0.057971 0.130435 0.130435 0.217391 0.173913 0.15942 0.0724638 0.0289855 0 0 0 0 0 

2176 2160 1602 85 0 0.740741 0 0 0 0 0 0 0 0 0 0 0 0 0 0 0 0 0 0 0 0 0.0298507 0.0149254 0.19403 0.19403 0.283582 0.19403 0.0447761 0.0447761 0 0 0 0 0 

2208 2200 1601 97 0 0.727273 0 0 0 0 0 0 0 0 0 0 0 0 0 0 0 0 0 0 0 0.0147059 0.0294118 0.0882353 0.220588 0.205882 0.191176 0.191176 0.0588235 0 0 0 0 0 0 

2240 2220 1602 88 0 0.720721 0 0 0 0 0 0 0 0 0 0 0 0 0 0 0 0 0 0.0144928 0 0.057971 0.0289855 0.0869565 0.173913 0.173913 0.202899 0.188406 0.0724638 0 0 0 0 0 0 

2240 2220 1603 99 0 0.720721 0 0 0 0 0 0 0 0 0 0 0 0 0 0 0 0 0 0 0.0289855 0 0.057971 0.101449 0.15942 0.202899 0.26087 0.0869565 0.101449 0 0 0 0 0 0 

2176 2155 1601 80 0 0.742459 0 0 0 0 0 0 0 0 0 0 0 0 0 0 0 0 0 0 0 0 0.0149254 0.0895522 0.134328 0.179104 0.208955 0.268657 0.0895522 0 0.0149254 0 0 0 0 

2208 2198 1602 93 0 0.727934 0 0 0 0 0 0 0 0 0 0 0 0 0 0 0 0 0 0 0 0 0.0441176 0.132353 0.176471 0.205882 0.205882 0.117647 0.102941 0.0147059 0 0 0 0 0 

2208 2199 1601 94 0 0.727603 0 0 0 0 0 0 0 0 0 0 0 0 0 0 0 0 0 0 0 0 0.0294118 0.102941 0.176471 0.264706 0.235294 0.147059 0.0294118 0 0.0147059 0 0 0 0 

