2208 2195 1601 90 0 0.728929 0 0 0 0 0 0 0 0 0 0 0 0 0 0 0 0 0 0 0.0147059 0 0.0441176 0.0735294 0.132353 0.220588 0.294118 0.191176 0.0294118 0 0 0 0 0 0 

2208 2190 1602 98 0 0.730594 0 0 0 0 0 0 0 0 0 0 0 0 0 0 0 0 0 0 0.0147059 0.0147059 0.0441176 0.0735294 0.147059 0.176471 0.220588 0.25 0.0441176 0.0147059 0 0 0 0 0 

2208 2185 1602 96 0 0.732265 0 0 0 0 0 0 0 0 0 0 0 0 0 0 0 0 0 0 0 0.0147059 0.0294118 0.0441176 0.161765 0.25 0.279412 0.132353 0.0735294 0.0147059 0 0 0 0 0 

2176 2165 1602 82 0 0.73903 0 0 0 0 0 0 0 0 0 0 0 0 0 0 0 0 0 0 0 0 0.0447761 0.0597015 0.119403 0.19403 0.328358 0.149254 0.0895522 0 0.0149254 0 0 0 0 

2208 2181 1602 94 0 0.733608 0 0 0 0 0 0 0 0 0 0 0 0 0 0 0 0 0 0 0 0.0147059 0.0294118 0.0735294 0.161765 0.235294 0.176471 0.161765 0.147059 0 0 0 0 0 0 

2240 2228 1602 95 0 0.718133 0 0 0 0 0 0 0 0 0 0 0 0 0 0 0 0 0 0 0 0.0434783 0.057971 0.0869565 0.144928 0.333333 0.130435 0.15942 0.0289855 0.0144928 0 0 0 0 0 

2208 2194 1602 88 0 0.729262 0 0 0 0 0 0 0 0 0 0 0 0 0 0 0 0 0 0.0147059 0 0.0294118 0 0.102941 0.147059 0.220588 0.205882 0.205882 0.0588235 0.0147059 0 0 0 0 0 

2208 2194 1602 88 0 0.729262 0 0 0 0 0 0 0 0 0 0 0 0 0 0 0 0 0 0 0.0147059 0.0147059 0.0294118 0.0441176 0.147059 0.279412 0.294118 0.102941 0.0441176 0.0294118 0 0 0 0 0 

2208 2179 1602 92 0 0.734282 0 0 0 0 0 0 0 0 0 0 0 0 0 0 0 0 0 0 0 0 0.0294118 0.0441176 0.176471 0.279412 0.191176 0.176471 0.0882353 0.0147059 0 0 0 0 0 

2208 2192 1602 88 0 0.729927 0 0 0 0 0 0 0 0 0 0 0 0 0 0 0 0 0 0.0147059 0 0.0294118 0.0441176 0.0294118 0.161765 0.205882 0.25 0.176471 0.0735294 0.0147059 0 0 0 0 0 

