2240 2220 1602 94 0 0.720721 0 0 0 0 0 0 0 0 0 0 0 0 0 0 0 0 0 0 0.0144928 0 0.0724638 0.115942 0.188406 0.202899 0.173913 0.144928 0.057971 0.0289855 0 0 0 0 0 

2240 2221 1603 100 0 0.720396 0 0 0 0 0 0 0 0 0 0 0 0 0 0 0 0 0 0 0 0.0289855 0.0869565 0.0289855 0.173913 0.217391 0.347826 0.0724638 0.0144928 0.0289855 0 0 0 0 0 

2208 2184 1602 98 0 0.732601 0 0 0 0 0 0 0 0 0 0 0 0 0 0 0 0 0 0 0 0 0.0294118 0.0735294 0.176471 0.220588 0.25 0.176471 0.0441176 0.0294118 0 0 0 0 0 

2208 2182 1602 95 0 0.733272 0 0 0 0 0 0 0 0 0 0 0 0 0 0 0 0 0 0 0 0 0 0.117647 0.117647 0.279412 0.235294 0.161765 0.0882353 0 0 0 0 0 0 

2208 2189 1603 106 0 0.730927 0 0 0 0 0 0 0 0 0 0 0 0 0 0 0 0 0 0.0147059 0 0.0294118 0.0294118 0.0294118 0.161765 0.205882 0.279412 0.147059 0.0882353 0.0147059 0 0 0 0 0 

2208 2195 1602 87 0 0.728929 0 0 0 0 0 0 0 0 0 0 0 0 0 0 0 0 0 0 0 0.0147059 0.0735294 0.0882353 0.147059 0.176471 0.235294 0.161765 0.0882353 0.0147059 0 0 0 0 0 

2240 2216 1603 105 0 0.722022 0 0 0 0 0 0 0 0 0 0 0 0 0 0 0 0 0 0 0.0144928 0.0289855 0.0289855 0.115942 0.115942 0.289855 0.188406 0.130435 0.057971 0.0289855 0 0 0 0 0 

2208 2196 1602 96 0 0.728597 0 0 0 0 0 0 0 0 0 0 0 0 0 0 0 0 0 0 0 0 0.0882353 0.0735294 0.191176 0.205882 0.191176 0.147059 0.0441176 0.0441176 0.0147059 0 0 0 0 

2240 2215 1602 95 0 0.722348 0 0 0 0 0 0 0 0 0 0 0 0 0 0 0 0 0 0 0 0.0144928 0.057971 0.101449 0.188406 0.188406 0.231884 0.144928 0.0724638 0 0 0 0 0 0 

2208 2189 1603 99 0 0.730927 0 0 0 0 0 0 0 0 0 0 0 0 0 0 0 0 0 0 0.0147059 0.0147059 0.0147059 0.0882353 0.161765 0.205882 0.235294 0.161765 0.0735294 0.0294118 0 0 0 0 0 

