2208 2192 1602 95 0 0.729927 0 0 0 0 0 0 0 0 0 0 0 0 0 0 0 0 0 0 0 0.0147059 0.0294118 0.0588235 0.264706 0.176471 0.161765 0.191176 0.102941 0 0 0 0 0 0 

2208 2190 1602 94 0 0.730594 0 0 0 0 0 0 0 0 0 0 0 0 0 0 0 0 0 0 0 0.0147059 0.0294118 0.0735294 0.102941 0.264706 0.352941 0.117647 0.0147059 0.0294118 0 0 0 0 0 

2208 2195 1602 92 0 0.728929 0 0 0 0 0 0 0 0 0 0 0 0 0 0 0 0 0 0.0147059 0 0 0.0294118 0.0735294 0.235294 0.220588 0.191176 0.117647 0.0588235 0.0588235 0 0 0 0 0 

2240 2213 1602 94 0 0.723 0 0 0 0 0 0 0 0 0 0 0 0 0 0 0 0 0 0 0 0.0289855 0.057971 0.0289855 0.231884 0.188406 0.304348 0.0869565 0.0434783 0.0289855 0 0 0 0 0 

2208 2194 1602 92 0 0.729262 0 0 0 0 0 0 0 0 0 0 0 0 0 0 0 0 0 0 0 0.0147059 0.0147059 0.0735294 0.220588 0.205882 0.235294 0.191176 0.0294118 0.0147059 0 0 0 0 0 

2208 2194 1602 84 0 0.729262 0 0 0 0 0 0 0 0 0 0 0 0 0 0 0 0 0 0 0 0 0.0294118 0.132353 0.147059 0.235294 0.235294 0.102941 0.117647 0 0 0 0 0 0 

2208 2195 1602 90 0 0.728929 0 0 0 0 0 0 0 0 0 0 0 0 0 0 0 0 0 0 0 0.0147059 0 0.117647 0.205882 0.235294 0.220588 0.132353 0.0294118 0.0147059 0.0294118 0 0 0 0 

2208 2189 1603 102 0 0.730927 0 0 0 0 0 0 0 0 0 0 0 0 0 0 0 0 0 0 0.0294118 0.0147059 0.0294118 0.147059 0.0588235 0.147059 0.25 0.220588 0.0735294 0.0294118 0 0 0 0 0 

2176 2156 1601 80 0 0.742115 0 0 0 0 0 0 0 0 0 0 0 0 0 0 0 0 0 0 0 0.0149254 0.0298507 0.134328 0.0597015 0.19403 0.164179 0.238806 0.119403 0.0298507 0.0149254 0 0 0 0 

2240 2222 1602 88 0 0.720072 0 0 0 0 0 0 0 0 0 0 0 0 0 0 0 0 0 0 0.0144928 0.0434783 0.0434783 0.101449 0.15942 0.188406 0.217391 0.173913 0.0434783 0.0144928 0 0 0 0 0 

