2208 2196 1602 87 0 0.728597 0 0 0 0 0 0 0 0 0 0 0 0 0 0 0 0 0 0 0.0147059 0.0147059 0.0735294 0.0588235 0.102941 0.279412 0.235294 0.0882353 0.102941 0.0294118 0 0 0 0 0 

2208 2201 1601 87 0 0.726942 0 0 0 0 0 0 0 0 0 0 0 0 0 0 0 0 0 0 0.0147059 0 0.0735294 0.102941 0.117647 0.264706 0.147059 0.176471 0.102941 0 0 0 0 0 0 

2208 2200 1602 101 0 0.727273 0 0 0 0 0 0 0 0 0 0 0 0 0 0 0 0 0 0 0 0.0147059 0.0588235 0.102941 0.205882 0.132353 0.191176 0.220588 0.0588235 0.0147059 0 0 0 0 0 

2208 2195 1602 93 0 0.728929 0 0 0 0 0 0 0 0 0 0 0 0 0 0 0 0 0 0 0.0147059 0.0294118 0.0588235 0.0735294 0.132353 0.161765 0.279412 0.132353 0.0882353 0.0294118 0 0 0 0 0 

2208 2201 1601 97 0 0.726942 0 0 0 0 0 0 0 0 0 0 0 0 0 0 0 0 0 0 0.0147059 0.0294118 0 0.117647 0.132353 0.279412 0.205882 0.147059 0.0441176 0.0294118 0 0 0 0 0 

2208 2199 1602 98 0 0.727603 0 0 0 0 0 0 0 0 0 0 0 0 0 0 0 0 0 0.0147059 0.0147059 0 0.0441176 0.117647 0.132353 0.205882 0.161765 0.220588 0.0735294 0.0147059 0 0 0 0 0 

2208 2201 1602 95 0 0.726942 0 0 0 0 0 0 0 0 0 0 0 0 0 0 0 0 0 0 0 0.0147059 0.0441176 0.102941 0.176471 0.205882 0.235294 0.147059 0.0588235 0.0147059 0 0 0 0 0 

2240 2211 1602 95 0 0.723654 0 0 0 0 0 0 0 0 0 0 0 0 0 0 0 0 0 0 0 0.0144928 0.0289855 0.130435 0.144928 0.289855 0.144928 0.173913 0.057971 0.0144928 0 0 0 0 0 

2176 2163 1602 85 0 0.739713 0 0 0 0 0 0 0 0 0 0 0 0 0 0 0 0 0 0 0 0.0149254 0 0.0298507 0.238806 0.179104 0.223881 0.19403 0.104478 0.0149254 0 0 0 0 0 

2240 2220 1602 96 0 0.720721 0 0 0 0 0 0 0 0 0 0 0 0 0 0 0 0 0 0 0 0 0.0289855 0.15942 0.217391 0.202899 0.217391 0.0869565 0.0724638 0.0144928 0 0 0 0 0 

