2240 2219 1602 92 0 0.721045 0 0 0 0 0 0 0 0 0 0 0 0 0 0 0 0 0 0 0 0.0144928 0.0289855 0.115942 0.217391 0.217391 0.231884 0.101449 0.0724638 0 0 0 0 0 0 

2240 2220 1602 90 0 0.720721 0 0 0 0 0 0 0 0 0 0 0 0 0 0 0 0 0 0 0 0 0.0724638 0.057971 0.202899 0.289855 0.202899 0.144928 0.0289855 0 0 0 0 0 0 

2208 2187 1602 86 0 0.731596 0 0 0 0 0 0 0 0 0 0 0 0 0 0 0 0 0 0 0.0294118 0.0147059 0.0588235 0.0882353 0.0588235 0.264706 0.147059 0.191176 0.102941 0.0441176 0 0 0 0 0 

2208 2192 1602 96 0 0.729927 0 0 0 0 0 0 0 0 0 0 0 0 0 0 0 0 0 0 0 0.0294118 0.0294118 0.0735294 0.0882353 0.294118 0.294118 0.132353 0.0294118 0.0294118 0 0 0 0 0 

2208 2200 1602 94 0 0.727273 0 0 0 0 0 0 0 0 0 0 0 0 0 0 0 0 0 0 0 0.0294118 0.0441176 0.0735294 0.205882 0.191176 0.191176 0.205882 0.0294118 0.0294118 0 0 0 0 0 

2208 2187 1602 93 0 0.731596 0 0 0 0 0 0 0 0 0 0 0 0 0 0 0 0 0 0 0 0.0147059 0 0.102941 0.132353 0.279412 0.220588 0.176471 0.0735294 0 0 0 0 0 0 

2208 2189 1602 89 0 0.730927 0 0 0 0 0 0 0 0 0 0 0 0 0 0 0 0 0 0 0 0 0.0441176 0.0294118 0.191176 0.279412 0.264706 0.117647 0.0588235 0 0.0147059 0 0 0 0 

2208 2200 1602 93 0 0.727273 0 0 0 0 0 0 0 0 0 0 0 0 0 0 0 0 0 0 0 0 0.0441176 0.132353 0.161765 0.191176 0.264706 0.132353 0.0588235 0.0147059 0 0 0 0 0 

2208 2198 1601 99 0 0.727934 0 0 0 0 0 0 0 0 0 0 0 0 0 0 0 0 0 0 0.0147059 0.0294118 0.0147059 0.0882353 0.161765 0.220588 0.205882 0.191176 0.0588235 0.0147059 0 0 0 0 0 

2208 2187 1603 100 0 0.731596 0 0 0 0 0 0 0 0 0 0 0 0 0 0 0 0 0 0 0 0 0.0294118 0.0735294 0.161765 0.264706 0.235294 0.161765 0.0441176 0.0294118 0 0 0 0 0 

