2176 2162 1602 84 0 0.740056 0 0 0 0 0 0 0 0 0 0 0 0 0 0 0 0 0 0 0 0.0149254 0.0298507 0.0149254 0.149254 0.223881 0.283582 0.208955 0.0298507 0.0447761 0 0 0 0 0 

2208 2192 1602 92 0 0.729927 0 0 0 0 0 0 0 0 0 0 0 0 0 0 0 0 0 0 0 0.0147059 0.0735294 0.0588235 0.0882353 0.279412 0.205882 0.235294 0.0441176 0 0 0 0 0 0 

2240 2224 1603 99 0 0.719424 0 0 0 0 0 0 0 0 0 0 0 0 0 0 0 0 0 0 0.0144928 0 0.0144928 0.130435 0.202899 0.202899 0.289855 0.144928 0 0 0 0 0 0 0 

2208 2197 1602 88 0 0.728266 0 0 0 0 0 0 0 0 0 0 0 0 0 0 0 0 0 0 0.0147059 0 0.0441176 0.0588235 0.205882 0.205882 0.264706 0.132353 0.0588235 0 0.0147059 0 0 0 0 

2240 2223 1603 101 0 0.719748 0 0 0 0 0 0 0 0 0 0 0 0 0 0 0 0 0 0 0.0144928 0.0434783 0.0289855 0.0724638 0.231884 0.217391 0.173913 0.130435 0.057971 0.0289855 0 0 0 0 0 

2240 2218 1603 104 0 0.721371 0 0 0 0 0 0 0 0 0 0 0 0 0 0 0 0 0 0.0144928 0 0 0.0724638 0.115942 0.144928 0.188406 0.26087 0.101449 0.101449 0 0 0 0 0 0 

2208 2182 1603 99 0 0.733272 0 0 0 0 0 0 0 0 0 0 0 0 0 0 0 0 0 0 0.0294118 0.0147059 0.0294118 0.0294118 0.132353 0.25 0.176471 0.25 0.0588235 0.0294118 0 0 0 0 0 

2208 2199 1602 97 0 0.727603 0 0 0 0 0 0 0 0 0 0 0 0 0 0 0 0 0 0 0 0.0147059 0.0441176 0.0882353 0.205882 0.235294 0.161765 0.132353 0.102941 0.0147059 0 0 0 0 0 

2240 2222 1602 83 0 0.720072 0 0 0 0 0 0 0 0 0 0 0 0 0 0 0 0 0 0 0.0289855 0.0144928 0.057971 0.0869565 0.202899 0.144928 0.246377 0.130435 0.0869565 0 0 0 0 0 0 

2240 2214 1602 96 0 0.722674 0 0 0 0 0 0 0 0 0 0 0 0 0 0 0 0 0 0 0 0 0.0724638 0.144928 0.15942 0.202899 0.144928 0.188406 0.0724638 0.0144928 0 0 0 0 0 

