2208 2189 1602 98 0 0.730927 0 0 0 0 0 0 0 0 0 0 0 0 0 0 0 0 0 0 0 0 0.0294118 0.117647 0.220588 0.205882 0.117647 0.161765 0.117647 0.0294118 0 0 0 0 0 

2208 2198 1602 88 0 0.727934 0 0 0 0 0 0 0 0 0 0 0 0 0 0 0 0 0 0 0 0 0.0588235 0.102941 0.25 0.117647 0.205882 0.161765 0.0735294 0.0294118 0 0 0 0 0 

2208 2190 1602 90 0 0.730594 0 0 0 0 0 0 0 0 0 0 0 0 0 0 0 0 0 0.0147059 0 0.0147059 0.0294118 0.117647 0.132353 0.205882 0.176471 0.161765 0.132353 0.0147059 0 0 0 0 0 

2240 2219 1602 96 0 0.721045 0 0 0 0 0 0 0 0 0 0 0 0 0 0 0 0 0 0 0.0144928 0.0144928 0.0289855 0.144928 0.130435 0.246377 0.202899 0.15942 0.057971 0 0 0 0 0 0 

2208 2197 1603 99 0 0.728266 0 0 0 0 0 0 0 0 0 0 0 0 0 0 0 0 0 0.0147059 0.0147059 0.0147059 0.0147059 0.117647 0.161765 0.117647 0.264706 0.176471 0.102941 0 0 0 0 0 0 

2240 2214 1603 99 0 0.722674 0 0 0 0 0 0 0 0 0 0 0 0 0 0 0 0 0 0 0 0.0434783 0.0434783 0.0869565 0.15942 0.231884 0.173913 0.202899 0.0289855 0.0289855 0 0 0 0 0 

2240 2217 1602 89 0 0.721696 0 0 0 0 0 0 0 0 0 0 0 0 0 0 0 0 0 0 0 0 0.0724638 0.0869565 0.246377 0.130435 0.275362 0.130435 0.0434783 0.0144928 0 0 0 0 0 

2176 2165 1602 83 0 0.73903 0 0 0 0 0 0 0 0 0 0 0 0 0 0 0 0 0 0 0 0 0.0298507 0.0597015 0.134328 0.19403 0.298507 0.223881 0.0447761 0.0149254 0 0 0 0 0 

2208 2194 1602 91 0 0.729262 0 0 0 0 0 0 0 0 0 0 0 0 0 0 0 0 0 0 0.0147059 0 0 0.147059 0.220588 0.132353 0.205882 0.191176 0.0588235 0.0294118 0 0 0 0 0 

2176 2170 1600 95 0 0.737327 0 0 0 0 0 0 0 0 0 0 0 0 0 0 0 0 0 0 0 0.0447761 0.0298507 0.0298507 0.119403 0.19403 0.313433 0.179104 0.0597015 0.0298507 0 0 0 0 0 

