2208 2191 1603 104 0 0.73026 0 0 0 0 0 0 0 0 0 0 0 0 0 0 0 0 0 0 0 0.0294118 0.0294118 0.0588235 0.147059 0.264706 0.191176 0.205882 0.0735294 0 0 0 0 0 0 

2240 2212 1602 91 0 0.723327 0 0 0 0 0 0 0 0 0 0 0 0 0 0 0 0 0 0 0.0144928 0.0289855 0.0434783 0.0869565 0.173913 0.173913 0.275362 0.115942 0.057971 0.0144928 0 0.0144928 0 0 0 

2272 2246 1603 106 0 0.712378 0 0 0 0 0 0 0 0 0 0 0 0 0 0 0 0 0 0.0142857 0 0 0.0714286 0.128571 0.228571 0.2 0.2 0.0857143 0.0571429 0.0142857 0 0 0 0 0 

2240 2212 1602 86 0 0.723327 0 0 0 0 0 0 0 0 0 0 0 0 0 0 0 0 0 0 0.0144928 0.0144928 0.057971 0.115942 0.115942 0.217391 0.231884 0.173913 0.0144928 0.0289855 0.0144928 0 0 0 0 

2240 2226 1602 93 0 0.718778 0 0 0 0 0 0 0 0 0 0 0 0 0 0 0 0 0 0 0.0144928 0.0289855 0.0144928 0.130435 0.231884 0.202899 0.173913 0.101449 0.101449 0 0 0 0 0 0 

2240 2217 1602 98 0 0.721696 0 0 0 0 0 0 0 0 0 0 0 0 0 0 0 0 0 0 0.0144928 0 0.057971 0.0869565 0.173913 0.231884 0.231884 0.15942 0.0434783 0 0 0 0 0 0 

2240 2219 1602 93 0 0.721045 0 0 0 0 0 0 0 0 0 0 0 0 0 0 0 0 0.0144928 0 0.0144928 0.0289855 0.0289855 0.0869565 0.15942 0.188406 0.231884 0.202899 0.0434783 0 0 0 0 0 0 

2240 2217 1602 91 0 0.721696 0 0 0 0 0 0 0 0 0 0 0 0 0 0 0 0 0 0 0.0144928 0.0144928 0.0434783 0.0869565 0.217391 0.231884 0.173913 0.130435 0.057971 0.0144928 0.0144928 0 0 0 0 

2208 2189 1602 94 0 0.730927 0 0 0 0 0 0 0 0 0 0 0 0 0 0 0 0 0 0 0 0.0147059 0.0294118 0.117647 0.0735294 0.323529 0.161765 0.191176 0.0735294 0.0147059 0 0 0 0 0 

2176 2148 1602 82 0 0.744879 0 0 0 0 0 0 0 0 0 0 0 0 0 0 0 0 0 0 0 0.0149254 0 0.0746269 0.104478 0.19403 0.253731 0.208955 0.104478 0.0447761 0 0 0 0 0 

