2272 2245 1602 91 0 0.712695 0 0 0 0 0 0 0 0 0 0 0 0 0 0 0 0 0 0 0 0.0142857 0.1 0.1 0.214286 0.2 0.214286 0.1 0.0571429 0 0 0 0 0 0 

2240 2213 1602 94 0 0.723 0 0 0 0 0 0 0 0 0 0 0 0 0 0 0 0 0.0144928 0 0.0144928 0.0289855 0.0724638 0.0869565 0.115942 0.130435 0.231884 0.202899 0.101449 0 0 0 0 0 0 

2176 2162 1602 85 0 0.740056 0 0 0 0 0 0 0 0 0 0 0 0 0 0 0 0 0 0 0 0.0149254 0 0.0895522 0.119403 0.208955 0.238806 0.223881 0.104478 0 0 0 0 0 0 

2240 2221 1602 94 0 0.720396 0 0 0 0 0 0 0 0 0 0 0 0 0 0 0 0 0 0 0 0.0289855 0.057971 0.101449 0.130435 0.231884 0.275362 0.144928 0.0289855 0 0 0 0 0 0 

2208 2199 1601 83 0 0.727603 0 0 0 0 0 0 0 0 0 0 0 0 0 0 0 0 0 0 0.0147059 0 0.0294118 0.117647 0.191176 0.147059 0.25 0.191176 0.0588235 0 0 0 0 0 0 

2208 2186 1602 95 0 0.73193 0 0 0 0 0 0 0 0 0 0 0 0 0 0 0 0 0 0 0.0147059 0 0.0588235 0.0882353 0.220588 0.132353 0.117647 0.205882 0.117647 0.0441176 0 0 0 0 0 

2208 2199 1603 99 0 0.727603 0 0 0 0 0 0 0 0 0 0 0 0 0 0 0 0 0.0147059 0 0 0 0.0441176 0.102941 0.0735294 0.264706 0.294118 0.161765 0.0441176 0 0 0 0 0 0 

2208 2181 1602 97 0 0.733608 0 0 0 0 0 0 0 0 0 0 0 0 0 0 0 0 0 0 0.0147059 0 0.0147059 0.0735294 0.117647 0.264706 0.264706 0.176471 0.0588235 0 0.0147059 0 0 0 0 

2208 2183 1602 94 0 0.732936 0 0 0 0 0 0 0 0 0 0 0 0 0 0 0 0 0 0 0 0.0147059 0.0294118 0.102941 0.132353 0.205882 0.205882 0.220588 0.0735294 0 0.0147059 0 0 0 0 

2240 2234 1602 86 0 0.716204 0 0 0 0 0 0 0 0 0 0 0 0 0 0 0 0 0 0 0 0.0144928 0.101449 0.057971 0.173913 0.333333 0.188406 0.0869565 0.0434783 0 0 0 0 0 0 

