2240 2219 1602 95 0 0.721045 0 0 0 0 0 0 0 0 0 0 0 0 0 0 0 0 0 0 0 0 0.0724638 0.0724638 0.188406 0.275362 0.202899 0.15942 0.0289855 0 0 0 0 0 0 

2208 2187 1602 89 0 0.731596 0 0 0 0 0 0 0 0 0 0 0 0 0 0 0 0 0 0 0 0.0147059 0.0441176 0.117647 0.102941 0.161765 0.279412 0.220588 0.0441176 0 0.0147059 0 0 0 0 

2208 2198 1602 92 0 0.727934 0 0 0 0 0 0 0 0 0 0 0 0 0 0 0 0 0 0 0 0.0294118 0.0294118 0.0441176 0.205882 0.235294 0.25 0.147059 0.0441176 0.0147059 0 0 0 0 0 

2272 2246 1602 93 0 0.712378 0 0 0 0 0 0 0 0 0 0 0 0 0 0 0 0 0 0 0.0142857 0.0428571 0.0714286 0.114286 0.214286 0.128571 0.242857 0.1 0.0428571 0.0142857 0.0142857 0 0 0 0 

2208 2195 1602 87 0 0.728929 0 0 0 0 0 0 0 0 0 0 0 0 0 0 0 0 0 0 0 0.0294118 0.0294118 0.0441176 0.191176 0.279412 0.205882 0.132353 0.0588235 0.0294118 0 0 0 0 0 

2208 2201 1600 96 0 0.726942 0 0 0 0 0 0 0 0 0 0 0 0 0 0 0 0 0 0 0 0 0.0882353 0.0441176 0.102941 0.338235 0.25 0.147059 0.0147059 0.0147059 0 0 0 0 0 

2240 2219 1602 93 0 0.721045 0 0 0 0 0 0 0 0 0 0 0 0 0 0 0 0 0 0 0 0.0289855 0.0289855 0.101449 0.173913 0.275362 0.202899 0.130435 0.057971 0 0 0 0 0 0 

2240 2214 1602 92 0 0.722674 0 0 0 0 0 0 0 0 0 0 0 0 0 0 0 0 0 0 0 0 0.101449 0.0434783 0.246377 0.188406 0.217391 0.0869565 0.0869565 0.0289855 0 0 0 0 0 

2208 2181 1603 99 0 0.733608 0 0 0 0 0 0 0 0 0 0 0 0 0 0 0 0 0 0 0 0.0147059 0.0294118 0.0588235 0.117647 0.25 0.264706 0.176471 0.0882353 0 0 0 0 0 0 

2240 2233 1601 99 0 0.716525 0 0 0 0 0 0 0 0 0 0 0 0 0 0 0 0 0 0 0 0.0289855 0.057971 0.115942 0.15942 0.304348 0.15942 0.130435 0.0434783 0 0 0 0 0 0 

