2208 2184 1602 93 0 0.732601 0 0 0 0 0 0 0 0 0 0 0 0 0 0 0 0 0 0 0 0.0147059 0.0147059 0.0735294 0.161765 0.338235 0.147059 0.102941 0.117647 0.0147059 0 0.0147059 0 0 0 

2208 2200 1602 87 0 0.727273 0 0 0 0 0 0 0 0 0 0 0 0 0 0 0 0 0 0 0.0147059 0 0.0735294 0.0882353 0.176471 0.205882 0.147059 0.205882 0.0588235 0.0294118 0 0 0 0 0 

2240 2213 1602 94 0 0.723 0 0 0 0 0 0 0 0 0 0 0 0 0 0 0 0 0 0 0 0.0144928 0.0289855 0.130435 0.202899 0.188406 0.217391 0.130435 0.0724638 0.0144928 0 0 0 0 0 

2208 2191 1602 92 0 0.73026 0 0 0 0 0 0 0 0 0 0 0 0 0 0 0 0 0 0 0 0.0147059 0.0588235 0.132353 0.0735294 0.235294 0.191176 0.176471 0.102941 0.0147059 0 0 0 0 0 

2208 2197 1602 92 0 0.728266 0 0 0 0 0 0 0 0 0 0 0 0 0 0 0 0 0 0 0 0.0294118 0.0294118 0.0588235 0.191176 0.235294 0.220588 0.161765 0.0735294 0 0 0 0 0 0 

2208 2195 1602 95 0 0.728929 0 0 0 0 0 0 0 0 0 0 0 0 0 0 0 0 0 0 0 0 0.0441176 0.0588235 0.220588 0.25 0.205882 0.147059 0.0441176 0.0294118 0 0 0 0 0 

2240 2229 1602 83 0 0.717811 0 0 0 0 0 0 0 0 0 0 0 0 0 0 0 0 0 0 0 0 0.0724638 0.115942 0.217391 0.26087 0.144928 0.130435 0.057971 0 0 0 0 0 0 

2208 2188 1602 92 0 0.731261 0 0 0 0 0 0 0 0 0 0 0 0 0 0 0 0 0 0 0 0.0147059 0.0294118 0.0735294 0.235294 0.147059 0.205882 0.205882 0.0735294 0 0.0147059 0 0 0 0 

2208 2200 1602 93 0 0.727273 0 0 0 0 0 0 0 0 0 0 0 0 0 0 0 0 0 0.0147059 0 0 0.0147059 0.117647 0.191176 0.205882 0.205882 0.205882 0.0294118 0.0147059 0 0 0 0 0 

2208 2184 1602 86 0 0.732601 0 0 0 0 0 0 0 0 0 0 0 0 0 0 0 0 0 0 0 0.0147059 0.0294118 0.0735294 0.161765 0.205882 0.191176 0.264706 0.0588235 0 0 0 0 0 0 

