2208 2198 1602 88 0 0.727934 0 0 0 0 0 0 0 0 0 0 0 0 0 0 0 0 0 0 0 0.0147059 0.0294118 0.102941 0.102941 0.338235 0.220588 0.117647 0.0588235 0.0147059 0 0 0 0 0 

2208 2182 1602 93 0 0.733272 0 0 0 0 0 0 0 0 0 0 0 0 0 0 0 0 0 0 0.0147059 0 0.0147059 0.132353 0.147059 0.161765 0.220588 0.176471 0.102941 0.0294118 0 0 0 0 0 

2240 2230 1602 95 0 0.717489 0 0 0 0 0 0 0 0 0 0 0 0 0 0 0 0 0 0.0144928 0 0.0144928 0.0724638 0.101449 0.202899 0.217391 0.188406 0.130435 0.0289855 0.0144928 0.0144928 0 0 0 0 

2208 2199 1602 90 0 0.727603 0 0 0 0 0 0 0 0 0 0 0 0 0 0 0 0 0.0147059 0 0 0.0147059 0.0147059 0.132353 0.117647 0.220588 0.220588 0.205882 0.0588235 0 0 0 0 0 0 

2240 2212 1602 93 0 0.723327 0 0 0 0 0 0 0 0 0 0 0 0 0 0 0 0 0 0.0144928 0.0289855 0 0.0434783 0.0434783 0.173913 0.26087 0.173913 0.173913 0.0869565 0 0 0 0 0 0 

2208 2190 1601 81 0 0.730594 0 0 0 0 0 0 0 0 0 0 0 0 0 0 0 0 0 0 0 0.0147059 0.0441176 0.132353 0.117647 0.147059 0.264706 0.191176 0.0882353 0 0 0 0 0 0 

2208 2198 1602 88 0 0.727934 0 0 0 0 0 0 0 0 0 0 0 0 0 0 0 0 0 0 0 0.0441176 0.0588235 0.0588235 0.102941 0.323529 0.191176 0.0882353 0.0882353 0.0441176 0 0 0 0 0 

2208 2181 1603 98 0 0.733608 0 0 0 0 0 0 0 0 0 0 0 0 0 0 0 0 0 0 0 0.0147059 0.0147059 0.102941 0.147059 0.176471 0.25 0.191176 0.0882353 0.0147059 0 0 0 0 0 

2240 2225 1602 97 0 0.719101 0 0 0 0 0 0 0 0 0 0 0 0 0 0 0 0 0 0 0 0.0289855 0.0434783 0.144928 0.130435 0.231884 0.26087 0.101449 0.057971 0 0 0 0 0 0 

2240 2221 1602 96 0 0.720396 0 0 0 0 0 0 0 0 0 0 0 0 0 0 0 0 0 0 0 0.0289855 0.057971 0.115942 0.188406 0.231884 0.115942 0.173913 0.0724638 0.0144928 0 0 0 0 0 

