2176 2164 1602 98 0 0.739372 0 0 0 0 0 0 0 0 0 0 0 0 0 0 0 0 0 0 0 0.0447761 0.0149254 0.0447761 0.134328 0.238806 0.149254 0.223881 0.134328 0.0149254 0 0 0 0 0 

2240 2214 1602 91 0 0.722674 0 0 0 0 0 0 0 0 0 0 0 0 0 0 0 0 0 0.0144928 0.0144928 0.0144928 0.057971 0.0724638 0.115942 0.231884 0.26087 0.173913 0.0144928 0.0144928 0.0144928 0 0 0 0 

2240 2214 1602 88 0 0.722674 0 0 0 0 0 0 0 0 0 0 0 0 0 0 0 0 0 0.0144928 0 0.0289855 0 0.0434783 0.26087 0.217391 0.231884 0.15942 0.0434783 0 0 0 0 0 0 

2208 2190 1602 98 0 0.730594 0 0 0 0 0 0 0 0 0 0 0 0 0 0 0 0 0 0 0.0294118 0.0147059 0.0147059 0.0735294 0.147059 0.264706 0.176471 0.132353 0.132353 0.0147059 0 0 0 0 0 

2176 2154 1602 82 0 0.742804 0 0 0 0 0 0 0 0 0 0 0 0 0 0 0 0 0 0 0 0 0.0597015 0.0746269 0.0746269 0.179104 0.253731 0.238806 0.0597015 0.0447761 0.0149254 0 0 0 0 

2240 2211 1602 89 0 0.723654 0 0 0 0 0 0 0 0 0 0 0 0 0 0 0 0 0 0 0 0 0 0.115942 0.26087 0.217391 0.217391 0.115942 0.0724638 0 0 0 0 0 0 

2240 2219 1602 96 0 0.721045 0 0 0 0 0 0 0 0 0 0 0 0 0 0 0 0 0 0.0144928 0 0 0.0724638 0.057971 0.188406 0.26087 0.217391 0.130435 0.0434783 0.0144928 0 0 0 0 0 

2208 2194 1602 88 0 0.729262 0 0 0 0 0 0 0 0 0 0 0 0 0 0 0 0 0 0 0 0 0.0147059 0.132353 0.132353 0.220588 0.323529 0.132353 0.0294118 0.0147059 0 0 0 0 0 

2208 2189 1602 94 0 0.730927 0 0 0 0 0 0 0 0 0 0 0 0 0 0 0 0 0.0147059 0 0 0 0 0.0735294 0.147059 0.308824 0.191176 0.235294 0.0147059 0.0147059 0 0 0 0 0 

2240 2231 1600 95 0 0.717167 0 0 0 0 0 0 0 0 0 0 0 0 0 0 0 0 0 0 0.0144928 0.0289855 0.057971 0.101449 0.144928 0.26087 0.246377 0.101449 0.0289855 0.0144928 0 0 0 0 0 

