2208 2189 1602 93 0 0.730927 0 0 0 0 0 0 0 0 0 0 0 0 0 0 0 0 0 0 0.0147059 0.0294118 0.0294118 0.102941 0.0441176 0.235294 0.294118 0.161765 0.0735294 0.0147059 0 0 0 0 0 

2208 2184 1602 94 0 0.732601 0 0 0 0 0 0 0 0 0 0 0 0 0 0 0 0 0 0 0 0.0147059 0.0147059 0.102941 0.0735294 0.294118 0.279412 0.147059 0.0441176 0.0294118 0 0 0 0 0 

2208 2181 1602 88 0 0.733608 0 0 0 0 0 0 0 0 0 0 0 0 0 0 0 0 0 0 0.0294118 0 0.0441176 0.0441176 0.161765 0.205882 0.235294 0.132353 0.0882353 0.0441176 0.0147059 0 0 0 0 

2208 2195 1602 98 0 0.728929 0 0 0 0 0 0 0 0 0 0 0 0 0 0 0 0 0 0 0 0.0294118 0.0294118 0.0882353 0.132353 0.235294 0.279412 0.117647 0.0735294 0.0147059 0 0 0 0 0 

2240 2220 1602 98 0 0.720721 0 0 0 0 0 0 0 0 0 0 0 0 0 0 0 0 0 0 0 0.0144928 0.0724638 0.0724638 0.304348 0.15942 0.130435 0.130435 0.0869565 0.0289855 0 0 0 0 0 

2208 2191 1602 93 0 0.73026 0 0 0 0 0 0 0 0 0 0 0 0 0 0 0 0 0 0 0 0 0.0294118 0.0441176 0.205882 0.294118 0.220588 0.132353 0.0588235 0.0147059 0 0 0 0 0 

2240 2216 1602 95 0 0.722022 0 0 0 0 0 0 0 0 0 0 0 0 0 0 0 0 0 0 0.0144928 0.0289855 0.0434783 0.057971 0.173913 0.202899 0.275362 0.173913 0.0289855 0 0 0 0 0 0 

2240 2227 1602 94 0 0.718455 0 0 0 0 0 0 0 0 0 0 0 0 0 0 0 0 0 0 0.0144928 0.0289855 0.0144928 0.144928 0.217391 0.217391 0.144928 0.130435 0.0724638 0.0144928 0 0 0 0 0 

2208 2190 1602 87 0 0.730594 0 0 0 0 0 0 0 0 0 0 0 0 0 0 0 0 0 0 0.0147059 0 0.0441176 0.102941 0.102941 0.264706 0.191176 0.191176 0.0735294 0 0.0147059 0 0 0 0 

2272 2244 1603 100 0 0.713012 0 0 0 0 0 0 0 0 0 0 0 0 0 0 0 0 0 0 0.0142857 0.0142857 0.1 0.114286 0.185714 0.2 0.171429 0.1 0.0857143 0.0142857 0 0 0 0 0 

