2208 2200 1602 95 0 0.727273 0 0 0 0 0 0 0 0 0 0 0 0 0 0 0 0 0 0 0 0.0294118 0.0294118 0.0882353 0.235294 0.147059 0.191176 0.220588 0.0441176 0.0147059 0 0 0 0 0 

2208 2190 1602 96 0 0.730594 0 0 0 0 0 0 0 0 0 0 0 0 0 0 0 0 0 0.0147059 0.0147059 0.0294118 0.0147059 0.0147059 0.191176 0.205882 0.220588 0.220588 0.0588235 0.0147059 0 0 0 0 0 

2208 2189 1602 96 0 0.730927 0 0 0 0 0 0 0 0 0 0 0 0 0 0 0 0 0 0 0 0 0.0294118 0.0735294 0.161765 0.264706 0.25 0.147059 0.0735294 0 0 0 0 0 0 

2208 2195 1602 92 0 0.728929 0 0 0 0 0 0 0 0 0 0 0 0 0 0 0 0 0 0 0 0.0147059 0.0147059 0.0735294 0.117647 0.338235 0.294118 0.0882353 0.0588235 0 0 0 0 0 0 

2208 2187 1602 94 0 0.731596 0 0 0 0 0 0 0 0 0 0 0 0 0 0 0 0 0 0 0.0147059 0.0147059 0.0294118 0.0147059 0.235294 0.205882 0.25 0.132353 0.0441176 0.0588235 0 0 0 0 0 

2208 2193 1602 91 0 0.729594 0 0 0 0 0 0 0 0 0 0 0 0 0 0 0 0 0 0 0 0.0294118 0.0147059 0.0882353 0.205882 0.176471 0.205882 0.205882 0.0588235 0.0147059 0 0 0 0 0 

2240 2220 1602 97 0 0.720721 0 0 0 0 0 0 0 0 0 0 0 0 0 0 0 0 0 0 0 0.0724638 0.0144928 0.101449 0.115942 0.318841 0.144928 0.173913 0.0289855 0.0289855 0 0 0 0 0 

2208 2182 1603 101 0 0.733272 0 0 0 0 0 0 0 0 0 0 0 0 0 0 0 0 0 0 0 0 0.0588235 0.0147059 0.191176 0.25 0.205882 0.176471 0.0882353 0.0147059 0 0 0 0 0 

2240 2214 1602 90 0 0.722674 0 0 0 0 0 0 0 0 0 0 0 0 0 0 0 0 0 0 0 0.0289855 0.0434783 0.101449 0.115942 0.231884 0.289855 0.15942 0.0289855 0 0 0 0 0 0 

2240 2230 1603 106 0 0.717489 0 0 0 0 0 0 0 0 0 0 0 0 0 0 0 0 0 0 0.0289855 0.0289855 0.0724638 0.057971 0.130435 0.26087 0.26087 0.130435 0 0.0289855 0 0 0 0 0 

