2240 2221 1602 91 0 0.720396 0 0 0 0 0 0 0 0 0 0 0 0 0 0 0 0 0 0 0 0.0289855 0.057971 0.144928 0.144928 0.173913 0.231884 0.144928 0.057971 0.0144928 0 0 0 0 0 

2240 2220 1603 104 0 0.720721 0 0 0 0 0 0 0 0 0 0 0 0 0 0 0 0 0 0 0.0144928 0.0144928 0.0434783 0.130435 0.130435 0.202899 0.26087 0.15942 0.0434783 0 0 0 0 0 0 

2272 2249 1603 106 0 0.711427 0 0 0 0 0 0 0 0 0 0 0 0 0 0 0 0 0 0.0142857 0 0.0285714 0.0857143 0.128571 0.185714 0.171429 0.157143 0.171429 0.0571429 0 0 0 0 0 0 

2208 2203 1600 92 0 0.726282 0 0 0 0 0 0 0 0 0 0 0 0 0 0 0 0 0 0 0.0147059 0.0147059 0.0735294 0.102941 0.0441176 0.264706 0.279412 0.161765 0.0147059 0.0294118 0 0 0 0 0 

2240 2214 1603 103 0 0.722674 0 0 0 0 0 0 0 0 0 0 0 0 0 0 0 0 0 0 0.0144928 0.0434783 0.0434783 0.101449 0.188406 0.130435 0.188406 0.173913 0.0869565 0.0289855 0 0 0 0 0 

2208 2196 1602 88 0 0.728597 0 0 0 0 0 0 0 0 0 0 0 0 0 0 0 0 0 0.0147059 0 0 0.0147059 0.0882353 0.176471 0.25 0.294118 0.0588235 0.0735294 0.0294118 0 0 0 0 0 

2208 2199 1602 93 0 0.727603 0 0 0 0 0 0 0 0 0 0 0 0 0 0 0 0 0 0 0.0294118 0 0.0441176 0.0735294 0.191176 0.205882 0.191176 0.161765 0.0882353 0.0147059 0 0 0 0 0 

2240 2215 1602 87 0 0.722348 0 0 0 0 0 0 0 0 0 0 0 0 0 0 0 0 0 0 0 0.0724638 0.0144928 0.130435 0.0724638 0.275362 0.15942 0.217391 0.0434783 0.0144928 0 0 0 0 0 

2240 2232 1602 95 0 0.716846 0 0 0 0 0 0 0 0 0 0 0 0 0 0 0 0 0 0.0144928 0 0.0289855 0.0434783 0.101449 0.304348 0.144928 0.130435 0.144928 0.057971 0.0289855 0 0 0 0 0 

2208 2195 1603 99 0 0.728929 0 0 0 0 0 0 0 0 0 0 0 0 0 0 0 0 0 0 0.0147059 0.0147059 0.0441176 0.0588235 0.161765 0.147059 0.367647 0.117647 0.0588235 0.0147059 0 0 0 0 0 

