2240 2228 1602 90 0 0.718133 0 0 0 0 0 0 0 0 0 0 0 0 0 0 0 0 0 0 0.0434783 0 0.0434783 0.130435 0.188406 0.173913 0.231884 0.0869565 0.0869565 0.0144928 0 0 0 0 0 

2208 2182 1602 92 0 0.733272 0 0 0 0 0 0 0 0 0 0 0 0 0 0 0 0 0 0 0 0 0 0.102941 0.176471 0.25 0.220588 0.132353 0.102941 0.0147059 0 0 0 0 0 

2208 2198 1602 88 0 0.727934 0 0 0 0 0 0 0 0 0 0 0 0 0 0 0 0 0 0 0 0.0147059 0.0735294 0.0735294 0.176471 0.191176 0.235294 0.147059 0.0588235 0.0147059 0.0147059 0 0 0 0 

2272 2253 1602 95 0 0.710164 0 0 0 0 0 0 0 0 0 0 0 0 0 0 0 0 0 0 0.0142857 0.0142857 0.0428571 0.142857 0.185714 0.328571 0.128571 0.128571 0.0142857 0 0 0 0 0 0 

2240 2232 1602 89 0 0.716846 0 0 0 0 0 0 0 0 0 0 0 0 0 0 0 0 0 0 0.0289855 0.0144928 0.0724638 0.0724638 0.188406 0.202899 0.275362 0.101449 0.0289855 0.0144928 0 0 0 0 0 

2240 2212 1603 102 0 0.723327 0 0 0 0 0 0 0 0 0 0 0 0 0 0 0 0 0 0.0144928 0 0.0144928 0.0289855 0.130435 0.188406 0.173913 0.246377 0.0869565 0.057971 0.0434783 0 0.0144928 0 0 0 

2208 2194 1602 96 0 0.729262 0 0 0 0 0 0 0 0 0 0 0 0 0 0 0 0 0 0 0 0 0.0441176 0.0882353 0.161765 0.294118 0.176471 0.147059 0.0588235 0.0294118 0 0 0 0 0 

2240 2217 1602 95 0 0.721696 0 0 0 0 0 0 0 0 0 0 0 0 0 0 0 0 0 0.0144928 0 0.0144928 0.0724638 0.0434783 0.246377 0.188406 0.173913 0.144928 0.0869565 0.0144928 0 0 0 0 0 

2208 2181 1603 102 0 0.733608 0 0 0 0 0 0 0 0 0 0 0 0 0 0 0 0 0 0 0.0147059 0 0.0294118 0.0882353 0.132353 0.147059 0.25 0.294118 0.0441176 0 0 0 0 0 0 

2240 2216 1602 94 0 0.722022 0 0 0 0 0 0 0 0 0 0 0 0 0 0 0 0 0 0 0 0.0289855 0.0434783 0.101449 0.173913 0.173913 0.289855 0.144928 0.0289855 0.0144928 0 0 0 0 0 

