2208 2183 1602 98 0 0.732936 0 0 0 0 0 0 0 0 0 0 0 0 0 0 0 0 0 0 0 0.0294118 0.0441176 0.0588235 0.117647 0.25 0.235294 0.117647 0.132353 0 0.0147059 0 0 0 0 

2208 2189 1603 104 0 0.730927 0 0 0 0 0 0 0 0 0 0 0 0 0 0 0 0 0 0 0 0 0.0147059 0.102941 0.117647 0.294118 0.25 0.161765 0.0588235 0 0 0 0 0 0 

2240 2220 1603 100 0 0.720721 0 0 0 0 0 0 0 0 0 0 0 0 0 0 0 0 0 0 0.0144928 0 0.0434783 0.130435 0.173913 0.217391 0.202899 0.173913 0.0289855 0.0144928 0 0 0 0 0 

2176 2171 1601 86 0 0.736988 0 0 0 0 0 0 0 0 0 0 0 0 0 0 0 0 0 0 0 0 0.0746269 0.0298507 0.149254 0.179104 0.313433 0.134328 0.119403 0 0 0 0 0 0 

2208 2181 1602 96 0 0.733608 0 0 0 0 0 0 0 0 0 0 0 0 0 0 0 0 0 0 0.0147059 0.0147059 0.0294118 0.0441176 0.176471 0.25 0.161765 0.132353 0.161765 0.0147059 0 0 0 0 0 

2240 2212 1602 90 0 0.723327 0 0 0 0 0 0 0 0 0 0 0 0 0 0 0 0 0 0 0.0144928 0.0144928 0.0144928 0.0869565 0.15942 0.304348 0.246377 0.0724638 0.0724638 0.0144928 0 0 0 0 0 

2208 2193 1602 88 0 0.729594 0 0 0 0 0 0 0 0 0 0 0 0 0 0 0 0 0.0147059 0 0 0.0147059 0.0441176 0.102941 0.102941 0.25 0.205882 0.132353 0.0882353 0.0441176 0 0 0 0 0 

2240 2230 1600 97 0 0.717489 0 0 0 0 0 0 0 0 0 0 0 0 0 0 0 0 0 0 0.0434783 0.0144928 0.0434783 0.115942 0.144928 0.217391 0.202899 0.173913 0.0434783 0 0 0 0 0 0 

2240 2213 1602 96 0 0.723 0 0 0 0 0 0 0 0 0 0 0 0 0 0 0 0 0 0 0.0144928 0.0289855 0.0289855 0.115942 0.188406 0.15942 0.246377 0.101449 0.0724638 0.0434783 0 0 0 0 0 

2240 2228 1603 99 0 0.718133 0 0 0 0 0 0 0 0 0 0 0 0 0 0 0 0 0 0 0.0289855 0.0434783 0.057971 0.057971 0.173913 0.217391 0.188406 0.15942 0.0724638 0 0 0 0 0 0 

