2208 2194 1602 92 0 0.729262 0 0 0 0 0 0 0 0 0 0 0 0 0 0 0 0.0147059 0 0 0 0 0.0294118 0.102941 0.147059 0.161765 0.308824 0.176471 0.0441176 0.0147059 0 0 0 0 0 

2208 2195 1602 92 0 0.728929 0 0 0 0 0 0 0 0 0 0 0 0 0 0 0 0 0 0 0 0.0147059 0.0441176 0.117647 0.161765 0.161765 0.25 0.147059 0.0882353 0.0147059 0 0 0 0 0 

2240 2216 1602 88 0 0.722022 0 0 0 0 0 0 0 0 0 0 0 0 0 0 0 0 0 0 0.0289855 0.0144928 0.0289855 0.0724638 0.144928 0.304348 0.202899 0.144928 0.0434783 0.0144928 0 0 0 0 0 

2208 2185 1602 88 0 0.732265 0 0 0 0 0 0 0 0 0 0 0 0 0 0 0 0 0 0 0 0 0.0147059 0.0882353 0.191176 0.191176 0.294118 0.147059 0.0441176 0.0294118 0 0 0 0 0 

2240 2231 1603 99 0 0.717167 0 0 0 0 0 0 0 0 0 0 0 0 0 0 0 0 0 0.0144928 0.0144928 0.0289855 0.0434783 0.173913 0.0869565 0.173913 0.26087 0.130435 0.0724638 0 0 0 0 0 0 

2208 2190 1602 87 0 0.730594 0 0 0 0 0 0 0 0 0 0 0 0 0 0 0 0 0 0 0.0147059 0.0147059 0.0294118 0.0294118 0.235294 0.147059 0.294118 0.147059 0.0735294 0.0147059 0 0 0 0 0 

2208 2185 1602 95 0 0.732265 0 0 0 0 0 0 0 0 0 0 0 0 0 0 0 0 0 0 0.0147059 0.0294118 0.0441176 0.0147059 0.102941 0.25 0.279412 0.191176 0.0735294 0 0 0 0 0 0 

2240 2232 1600 98 0 0.716846 0 0 0 0 0 0 0 0 0 0 0 0 0 0 0 0 0 0 0 0.0724638 0.0434783 0.0724638 0.188406 0.26087 0.217391 0.0434783 0.0869565 0.0144928 0 0 0 0 0 

2208 2190 1602 97 0 0.730594 0 0 0 0 0 0 0 0 0 0 0 0 0 0 0 0 0 0 0 0.0147059 0.0735294 0.147059 0.117647 0.0735294 0.264706 0.176471 0.102941 0.0294118 0 0 0 0 0 

2240 2223 1603 101 0 0.719748 0 0 0 0 0 0 0 0 0 0 0 0 0 0 0 0 0 0 0.0144928 0.0144928 0.0434783 0.0724638 0.217391 0.217391 0.231884 0.15942 0.0289855 0 0 0 0 0 0 

