2208 2192 1602 87 0 0.729927 0 0 0 0 0 0 0 0 0 0 0 0 0 0 0 0 0 0 0 0.0588235 0.0147059 0.117647 0.0882353 0.220588 0.191176 0.220588 0.0735294 0 0.0147059 0 0 0 0 

2208 2186 1602 91 0 0.73193 0 0 0 0 0 0 0 0 0 0 0 0 0 0 0 0 0 0 0 0.0294118 0 0.0735294 0.147059 0.279412 0.205882 0.176471 0.0882353 0 0 0 0 0 0 

2240 2212 1602 90 0 0.723327 0 0 0 0 0 0 0 0 0 0 0 0 0 0 0 0 0 0 0 0.0144928 0.115942 0.101449 0.130435 0.130435 0.275362 0.130435 0.057971 0.0289855 0.0144928 0 0 0 0 

2176 2169 1600 88 0 0.737667 0 0 0 0 0 0 0 0 0 0 0 0 0 0 0 0 0 0 0.0149254 0.0149254 0.0447761 0.0298507 0.164179 0.208955 0.164179 0.253731 0.0746269 0.0149254 0.0149254 0 0 0 0 

2208 2189 1603 105 0 0.730927 0 0 0 0 0 0 0 0 0 0 0 0 0 0 0 0 0 0 0 0.0147059 0.0735294 0.0882353 0.102941 0.191176 0.235294 0.191176 0.0882353 0.0147059 0 0 0 0 0 

2240 2211 1602 95 0 0.723654 0 0 0 0 0 0 0 0 0 0 0 0 0 0 0 0 0 0 0 0.0289855 0.0434783 0.130435 0.173913 0.15942 0.173913 0.188406 0.101449 0 0 0 0 0 0 

2240 2215 1602 88 0 0.722348 0 0 0 0 0 0 0 0 0 0 0 0 0 0 0 0 0 0.0144928 0.0144928 0 0.0434783 0.057971 0.202899 0.217391 0.26087 0.101449 0.0869565 0 0 0 0 0 0 

2208 2197 1601 79 0 0.728266 0 0 0 0 0 0 0 0 0 0 0 0 0 0 0 0 0 0 0.0147059 0.0147059 0.0441176 0.0735294 0.191176 0.191176 0.205882 0.191176 0.0441176 0.0294118 0 0 0 0 0 

2240 2213 1602 93 0 0.723 0 0 0 0 0 0 0 0 0 0 0 0 0 0 0 0 0.0144928 0 0 0 0.0289855 0.0434783 0.217391 0.275362 0.246377 0.130435 0.0434783 0 0 0 0 0 0 

2208 2185 1602 94 0 0.732265 0 0 0 0 0 0 0 0 0 0 0 0 0 0 0 0 0 0 0 0 0.0147059 0.0882353 0.205882 0.220588 0.191176 0.191176 0.0735294 0.0147059 0 0 0 0 0 

