2240 2212 1602 93 0 0.723327 0 0 0 0 0 0 0 0 0 0 0 0 0 0 0 0 0 0 0 0.0434783 0.057971 0.0289855 0.173913 0.202899 0.289855 0.15942 0.0434783 0 0 0 0 0 0 

2240 2219 1602 87 0 0.721045 0 0 0 0 0 0 0 0 0 0 0 0 0 0 0 0 0 0 0 0.0144928 0.0289855 0.101449 0.275362 0.188406 0.188406 0.130435 0.057971 0.0144928 0 0 0 0 0 

2208 2195 1602 87 0 0.728929 0 0 0 0 0 0 0 0 0 0 0 0 0 0 0 0 0 0 0 0 0.0441176 0.0588235 0.176471 0.25 0.308824 0.102941 0.0441176 0.0147059 0 0 0 0 0 

2240 2216 1603 101 0 0.722022 0 0 0 0 0 0 0 0 0 0 0 0 0 0 0 0 0 0 0.0144928 0.0144928 0.0724638 0.130435 0.115942 0.130435 0.275362 0.188406 0.0434783 0.0144928 0 0 0 0 0 

2208 2189 1602 89 0 0.730927 0 0 0 0 0 0 0 0 0 0 0 0 0 0 0 0 0 0 0.0147059 0.0294118 0.0147059 0.0588235 0.132353 0.205882 0.308824 0.176471 0.0441176 0.0147059 0 0 0 0 0 

2208 2180 1603 101 0 0.733945 0 0 0 0 0 0 0 0 0 0 0 0 0 0 0 0 0 0 0.0147059 0.0147059 0.0294118 0.117647 0.102941 0.176471 0.191176 0.220588 0.0882353 0.0441176 0 0 0 0 0 

2208 2192 1602 93 0 0.729927 0 0 0 0 0 0 0 0 0 0 0 0 0 0 0 0 0 0.0147059 0 0.0294118 0.0735294 0.0588235 0.132353 0.161765 0.220588 0.176471 0.102941 0.0294118 0 0 0 0 0 

2240 2226 1602 86 0 0.718778 0 0 0 0 0 0 0 0 0 0 0 0 0 0 0 0 0 0 0 0.0289855 0.0289855 0.188406 0.15942 0.173913 0.217391 0.130435 0.0724638 0 0 0 0 0 0 

2176 2166 1603 102 0 0.738689 0 0 0 0 0 0 0 0 0 0 0 0 0 0 0 0 0 0 0 0 0.0298507 0.0298507 0.179104 0.208955 0.283582 0.19403 0.0597015 0 0.0149254 0 0 0 0 

2208 2197 1602 89 0 0.728266 0 0 0 0 0 0 0 0 0 0 0 0 0 0 0 0 0 0 0 0 0.0147059 0.117647 0.191176 0.205882 0.264706 0.161765 0.0441176 0 0 0 0 0 0 

