2240 2224 1602 98 0 0.719424 0 0 0 0 0 0 0 0 0 0 0 0 0 0 0 0 0.0144928 0 0 0 0.0434783 0.130435 0.188406 0.202899 0.231884 0.130435 0.057971 0 0 0 0 0 0 

2208 2182 1602 97 0 0.733272 0 0 0 0 0 0 0 0 0 0 0 0 0 0 0 0 0 0 0.0147059 0 0.0441176 0.0882353 0.0735294 0.25 0.25 0.161765 0.117647 0 0 0 0 0 0 

2240 2217 1603 100 0 0.721696 0 0 0 0 0 0 0 0 0 0 0 0 0 0 0 0 0 0.0144928 0.0144928 0.0144928 0.0289855 0.101449 0.188406 0.130435 0.26087 0.217391 0.0144928 0.0144928 0 0 0 0 0 

2208 2194 1602 90 0 0.729262 0 0 0 0 0 0 0 0 0 0 0 0 0 0 0 0 0.0147059 0 0 0.0147059 0.0294118 0.0735294 0.205882 0.191176 0.191176 0.191176 0.0441176 0.0294118 0.0147059 0 0 0 0 

2208 2180 1602 96 0 0.733945 0 0 0 0 0 0 0 0 0 0 0 0 0 0 0 0 0 0 0 0 0.0294118 0.0882353 0.191176 0.205882 0.176471 0.176471 0.102941 0.0294118 0 0 0 0 0 

2240 2211 1602 84 0 0.723654 0 0 0 0 0 0 0 0 0 0 0 0 0 0 0 0 0 0 0 0.0434783 0.0434783 0.057971 0.188406 0.217391 0.217391 0.130435 0.101449 0 0 0 0 0 0 

2208 2196 1602 86 0 0.728597 0 0 0 0 0 0 0 0 0 0 0 0 0 0 0 0 0 0 0 0.0441176 0.0588235 0.102941 0.117647 0.191176 0.191176 0.176471 0.0735294 0.0441176 0 0 0 0 0 

2240 2226 1602 98 0 0.718778 0 0 0 0 0 0 0 0 0 0 0 0 0 0 0 0 0 0 0 0.0144928 0.101449 0.0724638 0.130435 0.318841 0.202899 0.101449 0.0434783 0.0144928 0 0 0 0 0 

2240 2227 1603 100 0 0.718455 0 0 0 0 0 0 0 0 0 0 0 0 0 0 0 0 0 0.0144928 0.0144928 0.0144928 0.057971 0.115942 0.144928 0.173913 0.289855 0.101449 0.057971 0.0144928 0 0 0 0 0 

2240 2218 1602 97 0 0.721371 0 0 0 0 0 0 0 0 0 0 0 0 0 0 0 0 0 0 0 0.0144928 0.057971 0.057971 0.173913 0.333333 0.202899 0.101449 0.0434783 0.0144928 0 0 0 0 0 

