2208 2192 1602 96 0 0.729927 0 0 0 0 0 0 0 0 0 0 0 0 0 0 0 0 0 0 0 0.0294118 0.0147059 0.102941 0.176471 0.220588 0.161765 0.191176 0.0882353 0.0147059 0 0 0 0 0 

2240 2211 1602 98 0 0.723654 0 0 0 0 0 0 0 0 0 0 0 0 0 0 0 0 0 0 0 0.0434783 0.0434783 0.101449 0.202899 0.144928 0.231884 0.0869565 0.115942 0.0144928 0.0144928 0 0 0 0 

2208 2198 1602 89 0 0.727934 0 0 0 0 0 0 0 0 0 0 0 0 0 0 0 0 0 0 0.0294118 0.0441176 0.0441176 0.102941 0.0588235 0.132353 0.279412 0.25 0.0588235 0 0 0 0 0 0 

2208 2198 1602 96 0 0.727934 0 0 0 0 0 0 0 0 0 0 0 0 0 0 0 0 0 0 0.0294118 0.0147059 0.0294118 0.0882353 0.191176 0.176471 0.176471 0.161765 0.132353 0 0 0 0 0 0 

2176 2167 1602 91 0 0.738348 0 0 0 0 0 0 0 0 0 0 0 0 0 0 0 0 0 0 0 0 0.0149254 0.0447761 0.19403 0.208955 0.253731 0.223881 0.0447761 0.0149254 0 0 0 0 0 

2208 2184 1602 95 0 0.732601 0 0 0 0 0 0 0 0 0 0 0 0 0 0 0 0 0 0 0.0147059 0 0.0147059 0.0588235 0.132353 0.264706 0.294118 0.161765 0.0441176 0.0147059 0 0 0 0 0 

2240 2224 1603 103 0 0.719424 0 0 0 0 0 0 0 0 0 0 0 0 0 0 0 0 0 0 0 0 0.0434783 0.15942 0.15942 0.246377 0.231884 0.101449 0.057971 0 0 0 0 0 0 

2240 2219 1602 98 0 0.721045 0 0 0 0 0 0 0 0 0 0 0 0 0 0 0 0 0 0 0 0.0434783 0.0434783 0.101449 0.15942 0.15942 0.304348 0.15942 0.0144928 0.0144928 0 0 0 0 0 

2208 2193 1602 89 0 0.729594 0 0 0 0 0 0 0 0 0 0 0 0 0 0 0 0 0 0 0 0.0441176 0.0294118 0.0735294 0.117647 0.264706 0.191176 0.205882 0.0588235 0.0147059 0 0 0 0 0 

2176 2158 1602 90 0 0.741427 0 0 0 0 0 0 0 0 0 0 0 0 0 0 0 0 0 0 0 0.0149254 0.0149254 0.0895522 0.119403 0.19403 0.238806 0.179104 0.0895522 0.0597015 0 0 0 0 0 

