2208 2194 1602 93 0 0.729262 0 0 0 0 0 0 0 0 0 0 0 0 0 0 0 0 0 0.0147059 0 0.0588235 0.0588235 0.0588235 0.102941 0.161765 0.220588 0.191176 0.117647 0.0147059 0 0 0 0 0 

2208 2190 1602 88 0 0.730594 0 0 0 0 0 0 0 0 0 0 0 0 0 0 0 0 0 0 0.0147059 0 0.0294118 0.0588235 0.147059 0.279412 0.25 0.147059 0.0588235 0.0147059 0 0 0 0 0 

2208 2200 1602 89 0 0.727273 0 0 0 0 0 0 0 0 0 0 0 0 0 0 0 0 0 0.0147059 0 0 0.0294118 0.132353 0.279412 0.0735294 0.205882 0.117647 0.102941 0.0441176 0 0 0 0 0 

2240 2212 1602 93 0 0.723327 0 0 0 0 0 0 0 0 0 0 0 0 0 0 0 0 0 0 0 0 0.0434783 0.0434783 0.26087 0.26087 0.217391 0.101449 0.0724638 0 0 0 0 0 0 

2240 2214 1602 95 0 0.722674 0 0 0 0 0 0 0 0 0 0 0 0 0 0 0 0 0 0 0.0144928 0.0289855 0.0434783 0.101449 0.0869565 0.26087 0.275362 0.130435 0.0289855 0.0289855 0 0 0 0 0 

2208 2185 1602 94 0 0.732265 0 0 0 0 0 0 0 0 0 0 0 0 0 0 0 0 0 0 0 0.0294118 0.0588235 0.0882353 0.132353 0.161765 0.161765 0.264706 0.0735294 0.0294118 0 0 0 0 0 

2208 2190 1602 96 0 0.730594 0 0 0 0 0 0 0 0 0 0 0 0 0 0 0 0 0 0 0 0 0.0294118 0.0588235 0.176471 0.308824 0.191176 0.161765 0.0735294 0 0 0 0 0 0 

2240 2211 1602 89 0 0.723654 0 0 0 0 0 0 0 0 0 0 0 0 0 0 0 0 0 0 0 0 0.057971 0.115942 0.202899 0.144928 0.246377 0.15942 0.0724638 0 0 0 0 0 0 

2272 2248 1602 98 0 0.711744 0 0 0 0 0 0 0 0 0 0 0 0 0 0 0 0 0 0 0 0.0285714 0.0714286 0.142857 0.214286 0.142857 0.214286 0.171429 0.0142857 0 0 0 0 0 0 

2240 2222 1602 91 0 0.720072 0 0 0 0 0 0 0 0 0 0 0 0 0 0 0 0 0 0 0 0.0289855 0.115942 0.0724638 0.15942 0.188406 0.202899 0.144928 0.057971 0.0289855 0 0 0 0 0 

