2240 2211 1602 92 0 0.723654 0 0 0 0 0 0 0 0 0 0 0 0 0 0 0 0 0 0 0 0.0144928 0.0434783 0.0724638 0.15942 0.26087 0.275362 0.144928 0.0144928 0.0144928 0 0 0 0 0 

2208 2197 1602 88 0 0.728266 0 0 0 0 0 0 0 0 0 0 0 0 0 0 0 0 0 0 0 0.0147059 0 0.0735294 0.205882 0.323529 0.176471 0.161765 0.0294118 0 0.0147059 0 0 0 0 

2240 2219 1602 85 0 0.721045 0 0 0 0 0 0 0 0 0 0 0 0 0 0 0 0 0.0144928 0 0 0.0434783 0.057971 0.0289855 0.15942 0.231884 0.246377 0.173913 0.0434783 0 0 0 0 0 0 

2208 2182 1602 94 0 0.733272 0 0 0 0 0 0 0 0 0 0 0 0 0 0 0 0 0 0 0 0.0441176 0.0441176 0.0147059 0.117647 0.264706 0.25 0.132353 0.117647 0.0147059 0 0 0 0 0 

2240 2213 1602 97 0 0.723 0 0 0 0 0 0 0 0 0 0 0 0 0 0 0 0 0 0 0.0144928 0 0.101449 0.0724638 0.130435 0.217391 0.217391 0.15942 0.0869565 0 0 0 0 0 0 

2176 2169 1600 82 0 0.737667 0 0 0 0 0 0 0 0 0 0 0 0 0 0 0 0 0 0 0 0 0.0298507 0.104478 0.149254 0.149254 0.238806 0.238806 0.0895522 0 0 0 0 0 0 

2240 2211 1602 92 0 0.723654 0 0 0 0 0 0 0 0 0 0 0 0 0 0 0 0 0 0 0.0144928 0.0434783 0.0144928 0.0724638 0.173913 0.217391 0.231884 0.15942 0.057971 0.0144928 0 0 0 0 0 

2208 2194 1602 87 0 0.729262 0 0 0 0 0 0 0 0 0 0 0 0 0 0 0 0 0 0 0 0 0.0294118 0.0882353 0.235294 0.132353 0.294118 0.161765 0.0588235 0 0 0 0 0 0 

2208 2194 1602 97 0 0.729262 0 0 0 0 0 0 0 0 0 0 0 0 0 0 0 0 0 0 0 0 0.0294118 0.102941 0.205882 0.176471 0.264706 0.147059 0.0588235 0.0147059 0 0 0 0 0 

2240 2218 1602 98 0 0.721371 0 0 0 0 0 0 0 0 0 0 0 0 0 0 0 0 0 0 0.0144928 0.0144928 0.057971 0.0724638 0.173913 0.246377 0.202899 0.15942 0.057971 0 0 0 0 0 0 

