2208 2179 1602 84 0 0.734282 0 0 0 0 0 0 0 0 0 0 0 0 0 0 0 0 0 0 0 0.0147059 0.0294118 0.0441176 0.117647 0.323529 0.205882 0.161765 0.0735294 0.0294118 0 0 0 0 0 

2240 2215 1602 93 0 0.722348 0 0 0 0 0 0 0 0 0 0 0 0 0 0 0 0 0 0 0.0144928 0 0.0724638 0.0869565 0.202899 0.202899 0.188406 0.115942 0.101449 0.0144928 0 0 0 0 0 

2208 2192 1602 94 0 0.729927 0 0 0 0 0 0 0 0 0 0 0 0 0 0 0 0 0 0 0 0.0147059 0.0294118 0.161765 0.102941 0.205882 0.264706 0.0882353 0.0882353 0.0294118 0.0147059 0 0 0 0 

2240 2222 1603 102 0 0.720072 0 0 0 0 0 0 0 0 0 0 0 0 0 0 0 0 0 0 0 0.0434783 0.0144928 0.130435 0.217391 0.188406 0.188406 0.130435 0.0724638 0.0144928 0 0 0 0 0 

2240 2234 1601 84 0 0.716204 0 0 0 0 0 0 0 0 0 0 0 0 0 0 0 0 0 0 0.0144928 0.0144928 0.0434783 0.173913 0.202899 0.202899 0.15942 0.101449 0.057971 0.0289855 0 0 0 0 0 

2176 2170 1600 90 0 0.737327 0 0 0 0 0 0 0 0 0 0 0 0 0 0 0 0 0 0 0 0 0.0298507 0.0597015 0.149254 0.238806 0.298507 0.134328 0.0447761 0.0447761 0 0 0 0 0 

2208 2183 1602 83 0 0.732936 0 0 0 0 0 0 0 0 0 0 0 0 0 0 0 0 0 0 0 0.0147059 0.0147059 0.0588235 0.191176 0.191176 0.308824 0.117647 0.0882353 0.0147059 0 0 0 0 0 

2208 2186 1603 99 0 0.73193 0 0 0 0 0 0 0 0 0 0 0 0 0 0 0 0 0 0 0 0.0294118 0.0147059 0.0735294 0.0882353 0.235294 0.338235 0.176471 0.0441176 0 0 0 0 0 0 

2208 2181 1602 90 0 0.733608 0 0 0 0 0 0 0 0 0 0 0 0 0 0 0 0 0 0 0 0 0.0294118 0.117647 0.147059 0.176471 0.235294 0.191176 0.0735294 0.0294118 0 0 0 0 0 

2208 2192 1602 95 0 0.729927 0 0 0 0 0 0 0 0 0 0 0 0 0 0 0 0 0 0 0 0.0294118 0.0441176 0.117647 0.117647 0.205882 0.176471 0.191176 0.102941 0.0147059 0 0 0 0 0 

